   945    665
   946    665
   947    665
   948    665
   949    665
   950    665
   951    665
   952    665
   953    665
   954    665
   955    665
   956    665
   957    665
   958    665
   959    665
   960    665
   962    665
   945    666
   946    666
   947    666
   948    666
   949    666
   950    666
   951    666
   952    666
   953    666
   954    666
   955    666
   956    666
   957    666
   958    666
   959    666
   960    666
   961    666
   962    666
   963    666
   964    666
   945    667
   946    667
   947    667
   948    667
   949    667
   950    667
   951    667
   952    667
   953    667
   954    667
   955    667
   956    667
   957    667
   958    667
   959    667
   960    667
   961    667
   962    667
   963    667
   964    667
   965    667
   966    667
   946    668
   947    668
   948    668
   949    668
   950    668
   951    668
   952    668
   953    668
   954    668
   955    668
   956    668
   957    668
   958    668
   959    668
   960    668
   961    668
   962    668
   963    668
   964    668
   966    668
   967    668
   968    668
   969    668
   946    669
   947    669
   948    669
   949    669
   950    669
   951    669
   952    669
   953    669
   954    669
   955    669
   956    669
   957    669
   958    669
   959    669
   960    669
   961    669
   962    669
   963    669
   964    669
   965    669
   966    669
   967    669
   968    669
   969    669
   970    669
   971    669
   946    670
   947    670
   948    670
   949    670
   950    670
   951    670
   952    670
   953    670
   954    670
   955    670
   956    670
   957    670
   958    670
   959    670
   960    670
   961    670
   962    670
   963    670
   964    670
   965    670
   966    670
   967    670
   968    670
   969    670
   970    670
   971    670
   972    670
   973    670
   947    671
   948    671
   949    671
   950    671
   951    671
   952    671
   953    671
   954    671
   955    671
   956    671
   957    671
   958    671
   959    671
   960    671
   961    671
   962    671
   963    671
   964    671
   965    671
   966    671
   967    671
   968    671
   969    671
   970    671
   971    671
   972    671
   973    671
   974    671
   975    671
   947    672
   948    672
   949    672
   950    672
   951    672
   952    672
   953    672
   954    672
   955    672
   956    672
   957    672
   958    672
   959    672
   960    672
   961    672
   962    672
   963    672
   965    672
   966    672
   967    672
   968    672
   969    672
   970    672
   971    672
   972    672
   973    672
   974    672
   975    672
   976    672
   977    672
   978    672
   947    673
   948    673
   949    673
   950    673
   951    673
   952    673
   953    673
   954    673
   955    673
   956    673
   957    673
   958    673
   959    673
   960    673
   961    673
   962    673
   963    673
   964    673
   965    673
   966    673
   967    673
   968    673
   969    673
   970    673
   971    673
   972    673
   973    673
   974    673
   975    673
   976    673
   977    673
   978    673
   979    673
   980    673
   948    674
   949    674
   950    674
   951    674
   952    674
   953    674
   954    674
   955    674
   956    674
   957    674
   958    674
   959    674
   960    674
   961    674
   962    674
   963    674
   964    674
   965    674
   966    674
   967    674
   968    674
   969    674
   970    674
   971    674
   972    674
   973    674
   974    674
   975    674
   976    674
   977    674
   978    674
   979    674
   980    674
   981    674
   982    674
   948    675
   949    675
   950    675
   951    675
   952    675
   953    675
   954    675
   955    675
   956    675
   957    675
   958    675
   959    675
   960    675
   961    675
   962    675
   963    675
   964    675
   965    675
   966    675
   967    675
   968    675
   969    675
   970    675
   971    675
   972    675
   973    675
   974    675
   975    675
   976    675
   977    675
   978    675
   979    675
   980    675
   981    675
   982    675
   983    675
   984    675
   985    675
   948    676
   949    676
   950    676
   951    676
   952    676
   953    676
   954    676
   955    676
   956    676
   957    676
   958    676
   959    676
   960    676
   961    676
   962    676
   963    676
   964    676
   965    676
   966    676
   967    676
   968    676
   969    676
   970    676
   971    676
   972    676
   973    676
   974    676
   975    676
   976    676
   977    676
   978    676
   979    676
   980    676
   981    676
   982    676
   983    676
   984    676
   985    676
   986    676
   987    676
   949    677
   950    677
   951    677
   952    677
   953    677
   954    677
   955    677
   956    677
   957    677
   958    677
   959    677
   960    677
   961    677
   962    677
   963    677
   964    677
   965    677
   966    677
   967    677
   968    677
   969    677
   970    677
   971    677
   972    677
   973    677
   974    677
   975    677
   976    677
   977    677
   978    677
   979    677
   980    677
   981    677
   982    677
   983    677
   984    677
   985    677
   986    677
   987    677
   949    678
   950    678
   951    678
   952    678
   953    678
   954    678
   955    678
   956    678
   957    678
   958    678
   959    678
   960    678
   961    678
   962    678
   963    678
   964    678
   965    678
   966    678
   967    678
   968    678
   969    678
   970    678
   971    678
   972    678
   973    678
   974    678
   975    678
   976    678
   977    678
   978    678
   979    678
   980    678
   981    678
   982    678
   983    678
   984    678
   985    678
   986    678
   987    678
   988    678
   949    679
   950    679
   951    679
   952    679
   953    679
   954    679
   955    679
   956    679
   957    679
   958    679
   959    679
   960    679
   961    679
   962    679
   963    679
   964    679
   965    679
   966    679
   967    679
   968    679
   969    679
   970    679
   971    679
   972    679
   973    679
   974    679
   975    679
   976    679
   977    679
   978    679
   979    679
   980    679
   981    679
   982    679
   983    679
   984    679
   985    679
   986    679
   987    679
   988    679
   989    679
   949    680
   950    680
   951    680
   952    680
   953    680
   954    680
   955    680
   956    680
   957    680
   958    680
   959    680
   960    680
   961    680
   962    680
   963    680
   964    680
   965    680
   966    680
   967    680
   968    680
   969    680
   970    680
   971    680
   972    680
   973    680
   974    680
   975    680
   976    680
   977    680
   978    680
   979    680
   980    680
   981    680
   982    680
   983    680
   984    680
   985    680
   986    680
   987    680
   988    680
   989    680
   950    681
   951    681
   952    681
   953    681
   954    681
   955    681
   956    681
   957    681
   958    681
   959    681
   960    681
   961    681
   962    681
   963    681
   964    681
   965    681
   966    681
   967    681
   968    681
   969    681
   970    681
   971    681
   972    681
   973    681
   974    681
   975    681
   976    681
   977    681
   978    681
   979    681
   980    681
   981    681
   982    681
   983    681
   984    681
   985    681
   986    681
   987    681
   988    681
   989    681
   990    681
   950    682
   951    682
   952    682
   953    682
   954    682
   955    682
   956    682
   957    682
   958    682
   959    682
   960    682
   961    682
   962    682
   963    682
   964    682
   965    682
   966    682
   967    682
   968    682
   969    682
   970    682
   971    682
   972    682
   973    682
   974    682
   975    682
   976    682
   977    682
   978    682
   979    682
   980    682
   981    682
   982    682
   983    682
   984    682
   985    682
   986    682
   987    682
   988    682
   989    682
   990    682
   950    683
   951    683
   952    683
   953    683
   954    683
   955    683
   956    683
   957    683
   958    683
   959    683
   960    683
   961    683
   962    683
   963    683
   964    683
   965    683
   966    683
   967    683
   968    683
   969    683
   970    683
   971    683
   972    683
   973    683
   974    683
   975    683
   976    683
   977    683
   978    683
   979    683
   980    683
   981    683
   982    683
   983    683
   984    683
   985    683
   986    683
   987    683
   988    683
   989    683
   990    683
   991    683
   951    684
   952    684
   953    684
   954    684
   955    684
   956    684
   957    684
   958    684
   959    684
   960    684
   961    684
   962    684
   963    684
   964    684
   965    684
   966    684
   967    684
   968    684
   969    684
   970    684
   971    684
   972    684
   973    684
   974    684
   975    684
   976    684
   977    684
   978    684
   979    684
   980    684
   981    684
   982    684
   983    684
   984    684
   985    684
   986    684
   987    684
   988    684
   989    684
   990    684
   991    684
   992    684
   951    685
   952    685
   953    685
   954    685
   955    685
   956    685
   957    685
   958    685
   959    685
   960    685
   961    685
   962    685
   963    685
   964    685
   965    685
   966    685
   967    685
   968    685
   969    685
   970    685
   971    685
   972    685
   973    685
   974    685
   975    685
   976    685
   977    685
   978    685
   979    685
   980    685
   981    685
   982    685
   983    685
   984    685
   985    685
   986    685
   987    685
   988    685
   989    685
   990    685
   991    685
   992    685
   951    686
   952    686
   953    686
   954    686
   955    686
   956    686
   957    686
   958    686
   959    686
   960    686
   961    686
   962    686
   963    686
   964    686
   965    686
   966    686
   967    686
   968    686
   969    686
   970    686
   971    686
   972    686
   973    686
   974    686
   975    686
   976    686
   977    686
   978    686
   979    686
   980    686
   981    686
   982    686
   983    686
   984    686
   985    686
   986    686
   987    686
   988    686
   989    686
   990    686
   991    686
   992    686
   993    686
   952    687
   953    687
   954    687
   955    687
   956    687
   957    687
   958    687
   959    687
   960    687
   961    687
   962    687
   963    687
   964    687
   965    687
   966    687
   967    687
   968    687
   969    687
   970    687
   971    687
   972    687
   973    687
   974    687
   975    687
   976    687
   977    687
   978    687
   979    687
   980    687
   981    687
   982    687
   983    687
   984    687
   985    687
   986    687
   987    687
   988    687
   989    687
   990    687
   991    687
   992    687
   993    687
   952    688
   953    688
   954    688
   955    688
   956    688
   957    688
   958    688
   959    688
   960    688
   961    688
   962    688
   963    688
   964    688
   965    688
   966    688
   967    688
   968    688
   969    688
   970    688
   971    688
   972    688
   973    688
   974    688
   975    688
   976    688
   977    688
   978    688
   979    688
   980    688
   981    688
   982    688
   983    688
   984    688
   985    688
   986    688
   987    688
   988    688
   989    688
   990    688
   991    688
   992    688
   993    688
   994    688
   952    689
   953    689
   954    689
   955    689
   956    689
   957    689
   958    689
   959    689
   960    689
   961    689
   962    689
   963    689
   964    689
   965    689
   966    689
   967    689
   968    689
   969    689
   970    689
   971    689
   972    689
   973    689
   974    689
   975    689
   976    689
   977    689
   978    689
   979    689
   980    689
   981    689
   982    689
   983    689
   984    689
   985    689
   986    689
   987    689
   988    689
   989    689
   990    689
   991    689
   992    689
   993    689
   994    689
   995    689
   952    690
   953    690
   954    690
   955    690
   956    690
   957    690
   958    690
   959    690
   960    690
   961    690
   962    690
   963    690
   964    690
   965    690
   966    690
   967    690
   968    690
   969    690
   970    690
   971    690
   972    690
   973    690
   974    690
   975    690
   976    690
   977    690
   978    690
   979    690
   980    690
   981    690
   982    690
   983    690
   984    690
   985    690
   986    690
   987    690
   988    690
   989    690
   990    690
   991    690
   992    690
   993    690
   994    690
   995    690
   953    691
   954    691
   955    691
   956    691
   957    691
   958    691
   959    691
   960    691
   961    691
   962    691
   963    691
   964    691
   965    691
   966    691
   967    691
   968    691
   969    691
   970    691
   971    691
   972    691
   973    691
   974    691
   975    691
   976    691
   977    691
   978    691
   979    691
   980    691
   981    691
   982    691
   983    691
   984    691
   985    691
   986    691
   987    691
   988    691
   989    691
   990    691
   991    691
   992    691
   993    691
   994    691
   995    691
   996    691
   953    692
   954    692
   955    692
   956    692
   957    692
   958    692
   959    692
   960    692
   961    692
   962    692
   963    692
   964    692
   965    692
   966    692
   967    692
   968    692
   969    692
   970    692
   971    692
   972    692
   973    692
   974    692
   975    692
   976    692
   977    692
   978    692
   979    692
   980    692
   981    692
   982    692
   983    692
   984    692
   985    692
   986    692
   987    692
   988    692
   989    692
   990    692
   991    692
   992    692
   993    692
   994    692
   995    692
   996    692
   953    693
   954    693
   955    693
   956    693
   957    693
   958    693
   959    693
   960    693
   961    693
   962    693
   963    693
   964    693
   965    693
   966    693
   967    693
   968    693
   969    693
   970    693
   971    693
   972    693
   973    693
   974    693
   975    693
   976    693
   977    693
   978    693
   979    693
   980    693
   981    693
   982    693
   983    693
   984    693
   985    693
   986    693
   987    693
   988    693
   989    693
   990    693
   991    693
   992    693
   993    693
   994    693
   995    693
   996    693
   997    693
   954    694
   955    694
   956    694
   957    694
   958    694
   959    694
   960    694
   961    694
   962    694
   963    694
   964    694
   965    694
   966    694
   967    694
   968    694
   969    694
   970    694
   971    694
   972    694
   973    694
   974    694
   975    694
   976    694
   977    694
   978    694
   979    694
   980    694
   981    694
   982    694
   983    694
   984    694
   985    694
   986    694
   987    694
   988    694
   989    694
   990    694
   991    694
   992    694
   993    694
   994    694
   995    694
   996    694
   997    694
   998    694
   954    695
   955    695
   956    695
   957    695
   958    695
   959    695
   960    695
   961    695
   962    695
   963    695
   964    695
   965    695
   966    695
   967    695
   968    695
   969    695
   970    695
   971    695
   972    695
   973    695
   974    695
   975    695
   976    695
   977    695
   978    695
   979    695
   980    695
   981    695
   982    695
   983    695
   984    695
   985    695
   986    695
   987    695
   988    695
   989    695
   990    695
   991    695
   992    695
   993    695
   994    695
   995    695
   996    695
   997    695
   998    695
   955    696
   956    696
   957    696
   958    696
   959    696
   960    696
   961    696
   962    696
   963    696
   964    696
   965    696
   966    696
   967    696
   968    696
   969    696
   970    696
   971    696
   972    696
   973    696
   974    696
   975    696
   976    696
   977    696
   978    696
   979    696
   980    696
   981    696
   982    696
   983    696
   984    696
   985    696
   986    696
   987    696
   988    696
   989    696
   990    696
   991    696
   992    696
   993    696
   994    696
   995    696
   996    696
   997    696
   998    696
   955    697
   956    697
   957    697
   958    697
   959    697
   960    697
   961    697
   962    697
   963    697
   964    697
   965    697
   966    697
   967    697
   968    697
   969    697
   970    697
   971    697
   972    697
   973    697
   974    697
   975    697
   976    697
   977    697
   978    697
   979    697
   980    697
   981    697
   982    697
   983    697
   984    697
   985    697
   986    697
   987    697
   988    697
   989    697
   990    697
   991    697
   992    697
   993    697
   994    697
   995    697
   996    697
   997    697
   998    697
   999    697
   955    698
   956    698
   957    698
   958    698
   959    698
   960    698
   961    698
   962    698
   963    698
   964    698
   965    698
   966    698
   967    698
   968    698
   969    698
   970    698
   971    698
   972    698
   973    698
   974    698
   975    698
   976    698
   977    698
   978    698
   979    698
   980    698
   981    698
   982    698
   983    698
   984    698
   985    698
   986    698
   987    698
   988    698
   989    698
   990    698
   991    698
   992    698
   993    698
   994    698
   995    698
   996    698
   997    698
   998    698
   999    698
  1000    698
   955    699
   956    699
   957    699
   958    699
   959    699
   960    699
   961    699
   962    699
   963    699
   964    699
   965    699
   966    699
   967    699
   968    699
   969    699
   970    699
   971    699
   972    699
   973    699
   974    699
   975    699
   976    699
   977    699
   978    699
   979    699
   980    699
   981    699
   982    699
   983    699
   984    699
   985    699
   986    699
   987    699
   988    699
   989    699
   990    699
   991    699
   992    699
   993    699
   994    699
   995    699
   996    699
   997    699
   998    699
   999    699
  1000    699
   955    700
   956    700
   957    700
   958    700
   959    700
   960    700
   961    700
   962    700
   963    700
   964    700
   965    700
   966    700
   967    700
   968    700
   969    700
   970    700
   971    700
   972    700
   973    700
   974    700
   975    700
   976    700
   977    700
   978    700
   979    700
   980    700
   981    700
   982    700
   983    700
   984    700
   985    700
   986    700
   987    700
   988    700
   989    700
   990    700
   991    700
   992    700
   993    700
   994    700
   995    700
   996    700
   997    700
   998    700
   999    700
  1000    700
  1001    700
   956    701
   957    701
   958    701
   959    701
   960    701
   961    701
   962    701
   963    701
   964    701
   965    701
   966    701
   967    701
   968    701
   969    701
   970    701
   971    701
   972    701
   973    701
   974    701
   975    701
   976    701
   977    701
   978    701
   979    701
   980    701
   981    701
   982    701
   983    701
   984    701
   985    701
   986    701
   987    701
   988    701
   989    701
   990    701
   991    701
   992    701
   993    701
   994    701
   995    701
   996    701
   997    701
   998    701
   999    701
  1000    701
  1001    701
  1002    701
   956    702
   957    702
   958    702
   959    702
   960    702
   961    702
   962    702
   963    702
   964    702
   965    702
   966    702
   967    702
   968    702
   969    702
   970    702
   971    702
   972    702
   973    702
   974    702
   975    702
   976    702
   977    702
   978    702
   979    702
   980    702
   981    702
   982    702
   983    702
   984    702
   985    702
   986    702
   987    702
   988    702
   989    702
   990    702
   991    702
   992    702
   993    702
   994    702
   995    702
   996    702
   997    702
   998    702
   999    702
  1000    702
  1001    702
  1002    702
   956    703
   957    703
   958    703
   959    703
   960    703
   961    703
   962    703
   963    703
   964    703
   965    703
   966    703
   967    703
   968    703
   969    703
   970    703
   971    703
   972    703
   973    703
   974    703
   975    703
   976    703
   977    703
   978    703
   979    703
   980    703
   981    703
   982    703
   983    703
   984    703
   985    703
   986    703
   987    703
   988    703
   989    703
   990    703
   991    703
   992    703
   993    703
   994    703
   995    703
   996    703
   997    703
   998    703
   999    703
  1000    703
  1001    703
  1002    703
  1003    703
   957    704
   958    704
   959    704
   960    704
   961    704
   962    704
   963    704
   964    704
   965    704
   966    704
   967    704
   968    704
   969    704
   970    704
   971    704
   972    704
   973    704
   974    704
   975    704
   976    704
   977    704
   978    704
   979    704
   980    704
   981    704
   982    704
   983    704
   984    704
   985    704
   986    704
   987    704
   988    704
   989    704
   990    704
   991    704
   992    704
   993    704
   994    704
   995    704
   996    704
   997    704
   998    704
   999    704
  1000    704
  1001    704
  1002    704
  1003    704
   957    705
   958    705
   959    705
   960    705
   961    705
   962    705
   963    705
   964    705
   965    705
   966    705
   967    705
   968    705
   969    705
   970    705
   971    705
   972    705
   973    705
   974    705
   975    705
   976    705
   977    705
   978    705
   979    705
   980    705
   981    705
   982    705
   983    705
   984    705
   985    705
   986    705
   987    705
   988    705
   989    705
   990    705
   991    705
   992    705
   993    705
   994    705
   995    705
   996    705
   997    705
   998    705
   999    705
  1000    705
  1001    705
  1002    705
  1003    705
  1004    705
   957    706
   958    706
   959    706
   960    706
   961    706
   962    706
   963    706
   964    706
   965    706
   966    706
   967    706
   968    706
   969    706
   970    706
   971    706
   972    706
   973    706
   974    706
   975    706
   976    706
   977    706
   978    706
   979    706
   980    706
   981    706
   982    706
   983    706
   984    706
   985    706
   986    706
   987    706
   988    706
   989    706
   990    706
   991    706
   992    706
   993    706
   994    706
   995    706
   996    706
   997    706
   998    706
   999    706
  1000    706
  1001    706
  1002    706
  1003    706
  1004    706
   958    707
   959    707
   960    707
   961    707
   962    707
   963    707
   964    707
   965    707
   966    707
   967    707
   968    707
   969    707
   970    707
   971    707
   972    707
   973    707
   974    707
   975    707
   976    707
   977    707
   978    707
   979    707
   980    707
   981    707
   982    707
   983    707
   984    707
   985    707
   986    707
   987    707
   988    707
   989    707
   990    707
   991    707
   992    707
   993    707
   994    707
   995    707
   996    707
   997    707
   998    707
   999    707
  1000    707
  1001    707
  1002    707
  1003    707
  1004    707
  1005    707
   958    708
   959    708
   960    708
   961    708
   962    708
   963    708
   964    708
   965    708
   966    708
   967    708
   968    708
   969    708
   970    708
   971    708
   972    708
   973    708
   974    708
   975    708
   976    708
   977    708
   978    708
   979    708
   980    708
   981    708
   982    708
   983    708
   984    708
   985    708
   986    708
   987    708
   988    708
   989    708
   990    708
   991    708
   992    708
   993    708
   994    708
   995    708
   996    708
   997    708
   998    708
   999    708
  1000    708
  1001    708
  1002    708
  1003    708
  1004    708
  1005    708
  1006    708
   958    709
   959    709
   960    709
   961    709
   962    709
   963    709
   964    709
   965    709
   966    709
   967    709
   968    709
   969    709
   970    709
   971    709
   972    709
   973    709
   974    709
   975    709
   976    709
   977    709
   978    709
   979    709
   980    709
   981    709
   982    709
   983    709
   984    709
   985    709
   986    709
   987    709
   988    709
   989    709
   990    709
   991    709
   992    709
   993    709
   994    709
   995    709
   996    709
   997    709
   998    709
   999    709
  1000    709
  1001    709
  1002    709
  1003    709
  1004    709
  1005    709
  1006    709
  1007    709
   959    710
   960    710
   961    710
   962    710
   963    710
   964    710
   965    710
   966    710
   967    710
   968    710
   969    710
   970    710
   971    710
   972    710
   973    710
   974    710
   975    710
   976    710
   977    710
   978    710
   979    710
   980    710
   981    710
   982    710
   983    710
   984    710
   985    710
   986    710
   987    710
   988    710
   989    710
   990    710
   991    710
   992    710
   993    710
   994    710
   995    710
   996    710
   997    710
   998    710
   999    710
  1000    710
  1001    710
  1002    710
  1003    710
  1004    710
  1005    710
  1006    710
  1007    710
   959    711
   960    711
   961    711
   962    711
   963    711
   964    711
   965    711
   966    711
   967    711
   968    711
   969    711
   970    711
   971    711
   972    711
   973    711
   974    711
   975    711
   976    711
   977    711
   978    711
   979    711
   980    711
   981    711
   982    711
   983    711
   984    711
   985    711
   986    711
   987    711
   988    711
   989    711
   990    711
   991    711
   992    711
   993    711
   994    711
   995    711
   996    711
   997    711
   998    711
   999    711
  1000    711
  1001    711
  1002    711
  1003    711
  1004    711
  1005    711
  1006    711
  1007    711
  1008    711
   959    712
   960    712
   961    712
   962    712
   963    712
   964    712
   965    712
   966    712
   967    712
   968    712
   969    712
   970    712
   971    712
   972    712
   973    712
   974    712
   975    712
   976    712
   977    712
   978    712
   979    712
   980    712
   981    712
   982    712
   983    712
   984    712
   985    712
   986    712
   987    712
   988    712
   989    712
   990    712
   991    712
   992    712
   993    712
   994    712
   995    712
   996    712
   997    712
   998    712
   999    712
  1000    712
  1001    712
  1002    712
  1003    712
  1004    712
  1005    712
  1006    712
  1007    712
  1008    712
   959    713
   960    713
   961    713
   962    713
   963    713
   964    713
   965    713
   966    713
   967    713
   968    713
   969    713
   970    713
   971    713
   972    713
   973    713
   974    713
   975    713
   976    713
   977    713
   978    713
   979    713
   980    713
   981    713
   982    713
   983    713
   984    713
   985    713
   986    713
   987    713
   988    713
   989    713
   990    713
   991    713
   992    713
   993    713
   994    713
   995    713
   996    713
   997    713
   998    713
   999    713
  1000    713
  1001    713
  1002    713
  1003    713
  1004    713
  1005    713
  1006    713
  1007    713
  1008    713
  1009    713
   960    714
   961    714
   962    714
   963    714
   964    714
   965    714
   966    714
   967    714
   968    714
   969    714
   970    714
   971    714
   972    714
   973    714
   974    714
   975    714
   976    714
   977    714
   978    714
   979    714
   980    714
   981    714
   982    714
   983    714
   984    714
   985    714
   986    714
   987    714
   988    714
   989    714
   990    714
   991    714
   992    714
   993    714
   994    714
   995    714
   996    714
   997    714
   998    714
   999    714
  1000    714
  1001    714
  1002    714
  1003    714
  1004    714
  1005    714
  1006    714
  1007    714
  1008    714
  1009    714
   960    715
   961    715
   962    715
   963    715
   964    715
   965    715
   966    715
   967    715
   968    715
   969    715
   970    715
   971    715
   972    715
   973    715
   974    715
   975    715
   976    715
   977    715
   978    715
   979    715
   980    715
   981    715
   982    715
   983    715
   984    715
   985    715
   986    715
   987    715
   988    715
   989    715
   990    715
   991    715
   992    715
   993    715
   994    715
   995    715
   996    715
   997    715
   998    715
   999    715
  1000    715
  1001    715
  1002    715
  1003    715
  1004    715
  1005    715
  1006    715
  1007    715
  1008    715
  1009    715
  1010    715
   961    716
   962    716
   963    716
   964    716
   965    716
   966    716
   967    716
   968    716
   969    716
   970    716
   971    716
   972    716
   973    716
   974    716
   975    716
   976    716
   977    716
   978    716
   979    716
   980    716
   981    716
   982    716
   983    716
   984    716
   985    716
   986    716
   987    716
   988    716
   989    716
   990    716
   991    716
   992    716
   993    716
   994    716
   995    716
   996    716
   997    716
   998    716
   999    716
  1000    716
  1001    716
  1002    716
  1003    716
  1004    716
  1005    716
  1006    716
  1007    716
  1008    716
  1009    716
  1010    716
  1011    716
   961    717
   962    717
   963    717
   964    717
   965    717
   966    717
   967    717
   968    717
   969    717
   970    717
   971    717
   972    717
   973    717
   974    717
   975    717
   976    717
   977    717
   978    717
   979    717
   980    717
   981    717
   982    717
   983    717
   984    717
   985    717
   986    717
   987    717
   988    717
   989    717
   990    717
   991    717
   992    717
   993    717
   994    717
   995    717
   996    717
   997    717
   998    717
   999    717
  1000    717
  1001    717
  1002    717
  1003    717
  1004    717
  1005    717
  1006    717
  1007    717
  1008    717
  1009    717
  1010    717
  1011    717
   961    718
   962    718
   963    718
   964    718
   965    718
   966    718
   967    718
   968    718
   969    718
   970    718
   971    718
   972    718
   973    718
   974    718
   975    718
   976    718
   977    718
   978    718
   979    718
   980    718
   981    718
   982    718
   983    718
   984    718
   985    718
   986    718
   987    718
   988    718
   989    718
   990    718
   991    718
   992    718
   993    718
   994    718
   995    718
   996    718
   997    718
   998    718
   999    718
  1000    718
  1001    718
  1002    718
  1003    718
  1004    718
  1005    718
  1006    718
  1007    718
  1008    718
  1009    718
  1010    718
  1011    718
  1012    718
   961    719
   962    719
   963    719
   964    719
   965    719
   966    719
   967    719
   968    719
   969    719
   970    719
   971    719
   972    719
   973    719
   974    719
   975    719
   976    719
   977    719
   978    719
   979    719
   980    719
   981    719
   982    719
   983    719
   984    719
   985    719
   986    719
   987    719
   988    719
   989    719
   990    719
   991    719
   992    719
   993    719
   994    719
   995    719
   996    719
   997    719
   998    719
   999    719
  1000    719
  1001    719
  1002    719
  1003    719
  1004    719
  1005    719
  1006    719
  1007    719
  1008    719
  1009    719
  1010    719
  1011    719
  1012    719
  1013    719
   961    720
   962    720
   963    720
   964    720
   965    720
   966    720
   967    720
   968    720
   969    720
   970    720
   971    720
   972    720
   973    720
   974    720
   975    720
   976    720
   977    720
   978    720
   979    720
   980    720
   981    720
   982    720
   983    720
   984    720
   985    720
   986    720
   987    720
   988    720
   989    720
   990    720
   991    720
   992    720
   993    720
   994    720
   995    720
   996    720
   997    720
   998    720
   999    720
  1000    720
  1001    720
  1002    720
  1003    720
  1004    720
  1005    720
  1006    720
  1007    720
  1008    720
  1009    720
  1010    720
  1011    720
  1012    720
  1013    720
   962    721
   963    721
   964    721
   965    721
   966    721
   967    721
   968    721
   969    721
   970    721
   971    721
   972    721
   973    721
   974    721
   975    721
   976    721
   977    721
   978    721
   979    721
   980    721
   981    721
   982    721
   983    721
   984    721
   985    721
   986    721
   987    721
   988    721
   989    721
   990    721
   991    721
   992    721
   993    721
   994    721
   995    721
   996    721
   997    721
   998    721
   999    721
  1000    721
  1001    721
  1002    721
  1003    721
  1004    721
  1005    721
  1006    721
  1007    721
  1008    721
  1009    721
  1010    721
  1011    721
  1012    721
  1013    721
  1014    721
   962    722
   963    722
   964    722
   965    722
   966    722
   967    722
   968    722
   969    722
   970    722
   971    722
   972    722
   973    722
   974    722
   975    722
   976    722
   977    722
   978    722
   979    722
   980    722
   981    722
   982    722
   983    722
   984    722
   985    722
   986    722
   987    722
   988    722
   989    722
   990    722
   991    722
   992    722
   993    722
   994    722
   995    722
   996    722
   997    722
   998    722
   999    722
  1000    722
  1001    722
  1002    722
  1003    722
  1004    722
  1005    722
  1006    722
  1007    722
  1008    722
  1009    722
  1010    722
  1011    722
  1012    722
  1013    722
  1014    722
   963    723
   964    723
   965    723
   966    723
   967    723
   968    723
   969    723
   970    723
   971    723
   972    723
   973    723
   974    723
   975    723
   976    723
   977    723
   978    723
   979    723
   980    723
   981    723
   982    723
   983    723
   984    723
   985    723
   986    723
   987    723
   988    723
   989    723
   990    723
   991    723
   992    723
   993    723
   994    723
   995    723
   996    723
   997    723
   998    723
   999    723
  1000    723
  1001    723
  1002    723
  1003    723
  1004    723
  1005    723
  1006    723
  1007    723
  1008    723
  1009    723
  1010    723
  1011    723
  1012    723
  1013    723
  1014    723
  1015    723
   963    724
   964    724
   965    724
   966    724
   967    724
   968    724
   969    724
   970    724
   971    724
   972    724
   973    724
   974    724
   975    724
   976    724
   977    724
   978    724
   979    724
   980    724
   981    724
   982    724
   983    724
   984    724
   985    724
   986    724
   987    724
   988    724
   989    724
   990    724
   991    724
   992    724
   993    724
   994    724
   995    724
   996    724
   997    724
   998    724
   999    724
  1000    724
  1001    724
  1002    724
  1003    724
  1004    724
  1005    724
  1006    724
  1007    724
  1008    724
  1009    724
  1010    724
  1011    724
  1012    724
  1013    724
  1014    724
  1015    724
   963    725
   964    725
   965    725
   966    725
   967    725
   968    725
   969    725
   970    725
   971    725
   972    725
   973    725
   974    725
   975    725
   976    725
   977    725
   978    725
   979    725
   980    725
   981    725
   982    725
   983    725
   984    725
   985    725
   986    725
   987    725
   988    725
   989    725
   990    725
   991    725
   992    725
   993    725
   994    725
   995    725
   996    725
   997    725
   998    725
   999    725
  1000    725
  1001    725
  1002    725
  1003    725
  1004    725
  1005    725
  1006    725
  1007    725
  1008    725
  1009    725
  1010    725
  1011    725
  1012    725
  1013    725
  1014    725
  1015    725
  1016    725
   963    726
   964    726
   965    726
   966    726
   967    726
   968    726
   969    726
   970    726
   971    726
   972    726
   973    726
   974    726
   975    726
   976    726
   977    726
   978    726
   979    726
   980    726
   981    726
   982    726
   983    726
   984    726
   985    726
   986    726
   987    726
   988    726
   989    726
   990    726
   991    726
   992    726
   993    726
   994    726
   995    726
   996    726
   997    726
   998    726
   999    726
  1000    726
  1001    726
  1002    726
  1003    726
  1004    726
  1005    726
  1006    726
  1007    726
  1008    726
  1009    726
  1010    726
  1011    726
  1012    726
  1013    726
  1014    726
  1015    726
  1016    726
   964    727
   965    727
   966    727
   967    727
   968    727
   969    727
   970    727
   971    727
   972    727
   973    727
   974    727
   975    727
   976    727
   977    727
   978    727
   979    727
   980    727
   981    727
   982    727
   983    727
   984    727
   985    727
   986    727
   987    727
   988    727
   989    727
   990    727
   991    727
   992    727
   993    727
   994    727
   995    727
   996    727
   997    727
   998    727
   999    727
  1000    727
  1001    727
  1002    727
  1003    727
  1004    727
  1005    727
  1006    727
  1007    727
  1008    727
  1009    727
  1010    727
  1011    727
  1012    727
  1013    727
  1014    727
  1015    727
  1016    727
  1017    727
   965    728
   966    728
   967    728
   968    728
   969    728
   970    728
   971    728
   972    728
   973    728
   974    728
   975    728
   976    728
   977    728
   978    728
   979    728
   980    728
   981    728
   982    728
   983    728
   984    728
   985    728
   986    728
   987    728
   988    728
   989    728
   990    728
   991    728
   992    728
   993    728
   994    728
   995    728
   996    728
   997    728
   998    728
   999    728
  1000    728
  1001    728
  1002    728
  1003    728
  1004    728
  1005    728
  1006    728
  1007    728
  1008    728
  1009    728
  1010    728
  1011    728
  1012    728
  1013    728
  1014    728
  1015    728
  1016    728
  1017    728
  1018    728
   964    729
   965    729
   966    729
   967    729
   968    729
   969    729
   970    729
   971    729
   972    729
   973    729
   974    729
   975    729
   976    729
   977    729
   978    729
   979    729
   980    729
   981    729
   982    729
   983    729
   984    729
   985    729
   986    729
   987    729
   988    729
   989    729
   990    729
   991    729
   992    729
   993    729
   994    729
   995    729
   996    729
   997    729
   998    729
   999    729
  1000    729
  1001    729
  1002    729
  1003    729
  1004    729
  1005    729
  1006    729
  1007    729
  1008    729
  1009    729
  1010    729
  1011    729
  1012    729
  1013    729
  1014    729
  1015    729
  1016    729
  1017    729
  1018    729
   965    730
   966    730
   968    730
   969    730
   970    730
   971    730
   972    730
   973    730
   974    730
   975    730
   976    730
   977    730
   978    730
   979    730
   980    730
   981    730
   982    730
   983    730
   984    730
   985    730
   986    730
   987    730
   988    730
   989    730
   990    730
   991    730
   992    730
   993    730
   994    730
   995    730
   996    730
   997    730
   998    730
   999    730
  1000    730
  1001    730
  1002    730
  1003    730
  1004    730
  1005    730
  1006    730
  1007    730
  1008    730
  1009    730
  1010    730
  1011    730
  1012    730
  1013    730
  1014    730
  1015    730
  1016    730
  1017    730
  1018    730
