   929    665
   930    665
   931    665
   932    665
   933    665
   934    665
   935    665
   936    665
   937    665
   938    665
   939    665
   940    665
   941    665
   942    665
   943    665
   929    666
   930    666
   931    666
   932    666
   933    666
   934    666
   935    666
   936    666
   937    666
   938    666
   939    666
   940    666
   941    666
   942    666
   943    666
   929    667
   930    667
   931    667
   932    667
   933    667
   934    667
   935    667
   936    667
   937    667
   938    667
   939    667
   940    667
   941    667
   942    667
   943    667
   929    668
   930    668
   931    668
   932    668
   933    668
   934    668
   935    668
   936    668
   937    668
   938    668
   939    668
   940    668
   941    668
   942    668
   943    668
   929    669
   930    669
   931    669
   932    669
   933    669
   934    669
   935    669
   936    669
   937    669
   938    669
   939    669
   940    669
   941    669
   942    669
   943    669
   929    670
   930    670
   931    670
   932    670
   933    670
   934    670
   935    670
   936    670
   937    670
   938    670
   939    670
   940    670
   941    670
   942    670
   943    670
   929    671
   930    671
   931    671
   932    671
   933    671
   934    671
   935    671
   936    671
   937    671
   938    671
   939    671
   940    671
   941    671
   942    671
   943    671
   929    672
   930    672
   931    672
   932    672
   933    672
   934    672
   935    672
   936    672
   937    672
   938    672
   939    672
   940    672
   941    672
   942    672
   943    672
   928    673
   929    673
   930    673
   931    673
   932    673
   933    673
   934    673
   935    673
   936    673
   937    673
   938    673
   939    673
   940    673
   941    673
   942    673
   943    673
   929    674
   930    674
   931    674
   932    674
   933    674
   934    674
   935    674
   936    674
   937    674
   938    674
   939    674
   940    674
   941    674
   942    674
   943    674
   944    674
   929    675
   930    675
   931    675
   932    675
   933    675
   934    675
   935    675
   936    675
   937    675
   938    675
   939    675
   940    675
   941    675
   942    675
   943    675
   944    675
   929    676
   930    676
   931    676
   932    676
   933    676
   934    676
   935    676
   936    676
   937    676
   938    676
   939    676
   940    676
   941    676
   942    676
   943    676
   944    676
   928    677
   929    677
   930    677
   931    677
   932    677
   933    677
   934    677
   935    677
   936    677
   937    677
   938    677
   939    677
   940    677
   941    677
   942    677
   943    677
   944    677
   929    678
   930    678
   931    678
   932    678
   933    678
   934    678
   935    678
   936    678
   937    678
   938    678
   939    678
   940    678
   941    678
   942    678
   943    678
   944    678
   929    679
   930    679
   931    679
   932    679
   933    679
   934    679
   935    679
   936    679
   937    679
   938    679
   939    679
   940    679
   941    679
   942    679
   943    679
   944    679
   929    680
   930    680
   931    680
   932    680
   933    680
   934    680
   935    680
   936    680
   937    680
   938    680
   939    680
   940    680
   941    680
   942    680
   943    680
   944    680
   929    681
   930    681
   931    681
   932    681
   933    681
   934    681
   935    681
   936    681
   937    681
   938    681
   939    681
   940    681
   941    681
   942    681
   943    681
   944    681
   928    682
   929    682
   930    682
   931    682
   932    682
   933    682
   934    682
   935    682
   936    682
   937    682
   938    682
   939    682
   940    682
   941    682
   942    682
   943    682
   944    682
   928    683
   929    683
   930    683
   931    683
   932    683
   933    683
   934    683
   935    683
   936    683
   937    683
   938    683
   939    683
   940    683
   941    683
   942    683
   943    683
   944    683
   928    684
   929    684
   930    684
   931    684
   932    684
   933    684
   934    684
   935    684
   936    684
   937    684
   938    684
   939    684
   940    684
   941    684
   942    684
   943    684
   944    684
   928    685
   929    685
   930    685
   931    685
   932    685
   933    685
   934    685
   935    685
   936    685
   937    685
   938    685
   939    685
   940    685
   941    685
   942    685
   943    685
   944    685
   928    686
   929    686
   930    686
   931    686
   932    686
   933    686
   934    686
   935    686
   936    686
   937    686
   938    686
   939    686
   940    686
   941    686
   942    686
   943    686
   944    686
   928    687
   929    687
   930    687
   931    687
   932    687
   933    687
   934    687
   935    687
   936    687
   937    687
   938    687
   939    687
   940    687
   941    687
   942    687
   943    687
   944    687
   928    688
   929    688
   930    688
   931    688
   932    688
   933    688
   934    688
   935    688
   936    688
   937    688
   938    688
   939    688
   940    688
   941    688
   942    688
   943    688
   944    688
   928    689
   929    689
   930    689
   931    689
   932    689
   933    689
   934    689
   935    689
   936    689
   937    689
   938    689
   939    689
   940    689
   941    689
   942    689
   943    689
   944    689
   945    689
   928    690
   929    690
   930    690
   931    690
   932    690
   933    690
   934    690
   935    690
   936    690
   937    690
   938    690
   939    690
   940    690
   941    690
   942    690
   943    690
   944    690
   945    690
   928    691
   929    691
   930    691
   931    691
   932    691
   933    691
   934    691
   935    691
   936    691
   937    691
   938    691
   939    691
   940    691
   941    691
   942    691
   943    691
   944    691
   945    691
   928    692
   929    692
   930    692
   931    692
   932    692
   933    692
   934    692
   935    692
   936    692
   937    692
   938    692
   939    692
   940    692
   941    692
   942    692
   943    692
   944    692
   945    692
   928    693
   929    693
   930    693
   931    693
   932    693
   933    693
   934    693
   935    693
   936    693
   937    693
   938    693
   939    693
   940    693
   941    693
   942    693
   943    693
   944    693
   945    693
   928    694
   929    694
   930    694
   931    694
   932    694
   933    694
   934    694
   935    694
   936    694
   937    694
   938    694
   939    694
   940    694
   941    694
   942    694
   943    694
   944    694
   945    694
   928    695
   929    695
   930    695
   931    695
   932    695
   933    695
   934    695
   935    695
   936    695
   937    695
   938    695
   939    695
   940    695
   941    695
   942    695
   943    695
   944    695
   945    695
   927    696
   928    696
   929    696
   930    696
   931    696
   932    696
   933    696
   934    696
   935    696
   936    696
   937    696
   938    696
   939    696
   940    696
   941    696
   942    696
   943    696
   944    696
   945    696
   927    697
   928    697
   929    697
   930    697
   931    697
   932    697
   933    697
   934    697
   935    697
   936    697
   937    697
   938    697
   939    697
   940    697
   941    697
   942    697
   943    697
   944    697
   945    697
   927    698
   928    698
   929    698
   930    698
   931    698
   932    698
   933    698
   934    698
   935    698
   936    698
   937    698
   938    698
   939    698
   940    698
   941    698
   942    698
   943    698
   944    698
   945    698
   927    699
   928    699
   929    699
   930    699
   931    699
   932    699
   933    699
   934    699
   935    699
   936    699
   937    699
   938    699
   939    699
   940    699
   941    699
   942    699
   943    699
   944    699
   945    699
   927    700
   928    700
   929    700
   930    700
   931    700
   932    700
   933    700
   934    700
   935    700
   936    700
   937    700
   938    700
   939    700
   940    700
   941    700
   942    700
   943    700
   944    700
   945    700
   927    701
   928    701
   929    701
   930    701
   931    701
   932    701
   933    701
   934    701
   935    701
   936    701
   937    701
   938    701
   939    701
   940    701
   941    701
   942    701
   943    701
   944    701
   945    701
   927    702
   928    702
   929    702
   930    702
   931    702
   932    702
   933    702
   934    702
   935    702
   936    702
   937    702
   938    702
   939    702
   940    702
   941    702
   942    702
   943    702
   944    702
   945    702
   927    703
   928    703
   929    703
   930    703
   931    703
   932    703
   933    703
   934    703
   935    703
   936    703
   937    703
   938    703
   939    703
   940    703
   941    703
   942    703
   943    703
   944    703
   945    703
   927    704
   928    704
   929    704
   930    704
   931    704
   932    704
   933    704
   934    704
   935    704
   936    704
   937    704
   938    704
   939    704
   940    704
   941    704
   942    704
   943    704
   944    704
   945    704
   927    705
   928    705
   929    705
   930    705
   931    705
   932    705
   933    705
   934    705
   935    705
   936    705
   937    705
   938    705
   939    705
   940    705
   941    705
   942    705
   943    705
   944    705
   945    705
   927    706
   928    706
   929    706
   930    706
   931    706
   932    706
   933    706
   934    706
   935    706
   936    706
   937    706
   938    706
   939    706
   940    706
   941    706
   942    706
   943    706
   944    706
   945    706
   927    707
   928    707
   929    707
   930    707
   931    707
   932    707
   933    707
   934    707
   935    707
   936    707
   937    707
   938    707
   939    707
   940    707
   941    707
   942    707
   943    707
   944    707
   945    707
   946    707
   927    708
   928    708
   929    708
   930    708
   931    708
   932    708
   933    708
   934    708
   935    708
   936    708
   937    708
   938    708
   939    708
   940    708
   941    708
   942    708
   943    708
   944    708
   945    708
   946    708
   927    709
   928    709
   929    709
   930    709
   931    709
   932    709
   933    709
   934    709
   935    709
   936    709
   937    709
   938    709
   939    709
   940    709
   941    709
   942    709
   943    709
   944    709
   945    709
   946    709
   927    710
   928    710
   929    710
   930    710
   931    710
   932    710
   933    710
   934    710
   935    710
   936    710
   937    710
   938    710
   939    710
   940    710
   941    710
   942    710
   943    710
   944    710
   945    710
   946    710
   928    711
   929    711
   930    711
   931    711
   932    711
   933    711
   934    711
   935    711
   936    711
   937    711
   938    711
   939    711
   940    711
   941    711
   942    711
   943    711
   944    711
   945    711
   946    711
   928    712
   929    712
   930    712
   931    712
   932    712
   933    712
   934    712
   935    712
   936    712
   937    712
   938    712
   939    712
   940    712
   941    712
   942    712
   943    712
   944    712
   945    712
   831    713
   832    713
   833    713
   834    713
   835    713
   836    713
   837    713
   838    713
   839    713
   840    713
   841    713
   842    713
   843    713
   844    713
   845    713
   846    713
   847    713
   848    713
   849    713
   850    713
   851    713
   852    713
   853    713
   854    713
   855    713
   856    713
   857    713
   858    713
   859    713
   860    713
   861    713
   862    713
   863    713
   864    713
   865    713
   866    713
   867    713
   868    713
   869    713
   870    713
   871    713
   872    713
   873    713
   874    713
   875    713
   876    713
   877    713
   878    713
   879    713
   880    713
   881    713
   882    713
   883    713
   884    713
   885    713
   886    713
   933    713
   935    713
   940    713
   941    713
   942    713
   943    713
   829    714
   830    714
   831    714
   832    714
   833    714
   834    714
   835    714
   836    714
   837    714
   838    714
   839    714
   840    714
   841    714
   842    714
   843    714
   844    714
   845    714
   846    714
   847    714
   848    714
   849    714
   850    714
   851    714
   852    714
   853    714
   854    714
   855    714
   856    714
   857    714
   858    714
   859    714
   860    714
   861    714
   862    714
   863    714
   864    714
   865    714
   866    714
   867    714
   868    714
   869    714
   870    714
   871    714
   872    714
   873    714
   874    714
   875    714
   876    714
   877    714
   878    714
   879    714
   880    714
   881    714
   882    714
   883    714
   884    714
   885    714
   886    714
   887    714
   888    714
   889    714
   890    714
   891    714
   892    714
   893    714
   894    714
   895    714
   906    714
   907    714
   908    714
   909    714
   910    714
   911    714
   912    714
   913    714
   914    714
   915    714
   917    714
   918    714
   919    714
   920    714
   921    714
   922    714
   923    714
   924    714
   925    714
   948    714
   949    714
   950    714
   951    714
   952    714
   953    714
   954    714
   955    714
   956    714
   957    714
   958    714
   959    714
   960    714
   961    714
   962    714
   963    714
   964    714
   965    714
   966    714
   967    714
   830    715
   831    715
   832    715
   833    715
   834    715
   835    715
   836    715
   837    715
   838    715
   839    715
   840    715
   841    715
   842    715
   843    715
   844    715
   845    715
   846    715
   847    715
   848    715
   849    715
   850    715
   851    715
   852    715
   853    715
   854    715
   855    715
   856    715
   857    715
   858    715
   859    715
   860    715
   861    715
   862    715
   863    715
   864    715
   865    715
   866    715
   867    715
   868    715
   869    715
   870    715
   871    715
   872    715
   873    715
   874    715
   875    715
   876    715
   877    715
   878    715
   879    715
   880    715
   881    715
   882    715
   883    715
   884    715
   885    715
   886    715
   887    715
   888    715
   889    715
   890    715
   891    715
   892    715
   893    715
   894    715
   906    715
   907    715
   908    715
   909    715
   910    715
   911    715
   912    715
   913    715
   914    715
   915    715
   918    715
   919    715
   920    715
   921    715
   922    715
   923    715
   924    715
   925    715
   926    715
   927    715
   928    715
   929    715
   930    715
   947    715
   948    715
   949    715
   950    715
   951    715
   952    715
   953    715
   954    715
   955    715
   956    715
   957    715
   958    715
   959    715
   960    715
   961    715
   962    715
   963    715
   964    715
   965    715
   966    715
   967    715
   968    715
   969    715
   970    715
   971    715
   972    715
   973    715
   974    715
   975    715
   976    715
   830    716
   831    716
   832    716
   833    716
   834    716
   835    716
   836    716
   837    716
   838    716
   839    716
   840    716
   841    716
   842    716
   843    716
   844    716
   845    716
   846    716
   847    716
   848    716
   849    716
   850    716
   851    716
   852    716
   853    716
   854    716
   855    716
   856    716
   857    716
   858    716
   859    716
   860    716
   861    716
   862    716
   863    716
   864    716
   865    716
   866    716
   867    716
   868    716
   869    716
   870    716
   871    716
   872    716
   873    716
   874    716
   875    716
   876    716
   877    716
   878    716
   879    716
   880    716
   881    716
   882    716
   883    716
   884    716
   885    716
   886    716
   887    716
   888    716
   889    716
   890    716
   904    716
   905    716
   906    716
   908    716
   909    716
   910    716
   911    716
   912    716
   913    716
   914    716
   915    716
   916    716
   920    716
   921    716
   922    716
   923    716
   924    716
   925    716
   926    716
   927    716
   928    716
   929    716
   930    716
   931    716
   932    716
   933    716
   934    716
   935    716
   936    716
   938    716
   939    716
   940    716
   941    716
   947    716
   948    716
   949    716
   950    716
   951    716
   952    716
   953    716
   954    716
   955    716
   956    716
   957    716
   958    716
   959    716
   960    716
   961    716
   962    716
   963    716
   964    716
   965    716
   966    716
   967    716
   968    716
   969    716
   970    716
   971    716
   972    716
   973    716
   974    716
   975    716
   976    716
   977    716
   978    716
   830    717
   831    717
   832    717
   833    717
   834    717
   835    717
   836    717
   837    717
   838    717
   839    717
   840    717
   841    717
   842    717
   843    717
   844    717
   845    717
   846    717
   847    717
   848    717
   849    717
   850    717
   851    717
   852    717
   853    717
   854    717
   855    717
   856    717
   857    717
   858    717
   859    717
   860    717
   861    717
   862    717
   863    717
   864    717
   865    717
   866    717
   867    717
   868    717
   869    717
   870    717
   871    717
   872    717
   873    717
   874    717
   875    717
   876    717
   877    717
   878    717
   879    717
   880    717
   881    717
   882    717
   883    717
   884    717
   885    717
   886    717
   887    717
   888    717
   889    717
   890    717
   891    717
   892    717
   893    717
   894    717
   895    717
   896    717
   897    717
   898    717
   899    717
   900    717
   901    717
   902    717
   903    717
   904    717
   905    717
   906    717
   907    717
   908    717
   909    717
   910    717
   911    717
   912    717
   913    717
   914    717
   915    717
   916    717
   920    717
   921    717
   922    717
   923    717
   924    717
   925    717
   926    717
   927    717
   928    717
   929    717
   930    717
   931    717
   932    717
   933    717
   934    717
   935    717
   936    717
   937    717
   938    717
   939    717
   940    717
   941    717
   942    717
   943    717
   944    717
   946    717
   947    717
   948    717
   949    717
   950    717
   951    717
   952    717
   953    717
   954    717
   955    717
   956    717
   957    717
   958    717
   959    717
   960    717
   961    717
   962    717
   963    717
   964    717
   965    717
   966    717
   967    717
   968    717
   969    717
   970    717
   971    717
   972    717
   973    717
   974    717
   975    717
   976    717
   977    717
   978    717
  1002    717
   831    718
   832    718
   833    718
   834    718
   835    718
   836    718
   837    718
   838    718
   839    718
   840    718
   841    718
   842    718
   843    718
   844    718
   845    718
   846    718
   847    718
   848    718
   849    718
   850    718
   851    718
   852    718
   853    718
   854    718
   855    718
   856    718
   857    718
   858    718
   859    718
   860    718
   861    718
   862    718
   863    718
   864    718
   865    718
   866    718
   867    718
   868    718
   869    718
   870    718
   871    718
   872    718
   873    718
   874    718
   875    718
   876    718
   877    718
   878    718
   879    718
   880    718
   881    718
   882    718
   883    718
   884    718
   885    718
   886    718
   887    718
   888    718
   889    718
   890    718
   891    718
   892    718
   893    718
   894    718
   895    718
   896    718
   897    718
   898    718
   899    718
   900    718
   901    718
   902    718
   903    718
   904    718
   905    718
   906    718
   907    718
   908    718
   909    718
   910    718
   911    718
   912    718
   913    718
   914    718
   915    718
   919    718
   920    718
   921    718
   922    718
   923    718
   924    718
   925    718
   926    718
   927    718
   928    718
   929    718
   930    718
   931    718
   932    718
   933    718
   935    718
   936    718
   937    718
   938    718
   939    718
   940    718
   941    718
   942    718
   943    718
   944    718
   945    718
   946    718
   947    718
   948    718
   949    718
   950    718
   951    718
   952    718
   953    718
   954    718
   955    718
   956    718
   957    718
   958    718
   959    718
   960    718
   961    718
   962    718
   963    718
   964    718
   965    718
   966    718
   967    718
   968    718
   969    718
   970    718
   971    718
   972    718
   973    718
   974    718
   975    718
   976    718
   977    718
   978    718
   979    718
   980    718
   981    718
   982    718
   983    718
   984    718
   985    718
   986    718
   987    718
   988    718
   989    718
   990    718
   991    718
   831    719
   832    719
   833    719
   834    719
   835    719
   836    719
   837    719
   838    719
   839    719
   840    719
   841    719
   842    719
   843    719
   844    719
   845    719
   846    719
   847    719
   848    719
   849    719
   850    719
   851    719
   852    719
   853    719
   854    719
   855    719
   856    719
   857    719
   858    719
   859    719
   860    719
   861    719
   862    719
   863    719
   864    719
   865    719
   866    719
   867    719
   868    719
   869    719
   870    719
   871    719
   872    719
   873    719
   874    719
   875    719
   876    719
   877    719
   878    719
   879    719
   880    719
   881    719
   882    719
   883    719
   884    719
   885    719
   886    719
   887    719
   888    719
   889    719
   890    719
   891    719
   892    719
   893    719
   894    719
   895    719
   896    719
   897    719
   898    719
   899    719
   900    719
   901    719
   902    719
   903    719
   904    719
   905    719
   906    719
   907    719
   908    719
   909    719
   910    719
   911    719
   912    719
   913    719
   914    719
   915    719
   916    719
   917    719
   918    719
   919    719
   920    719
   921    719
   922    719
   923    719
   924    719
   925    719
   926    719
   927    719
   928    719
   929    719
   930    719
   931    719
   932    719
   933    719
   934    719
   935    719
   936    719
   937    719
   938    719
   939    719
   940    719
   941    719
   942    719
   943    719
   944    719
   945    719
   946    719
   947    719
   948    719
   949    719
   950    719
   951    719
   952    719
   953    719
   954    719
   955    719
   956    719
   957    719
   958    719
   959    719
   960    719
   961    719
   962    719
   963    719
   964    719
   965    719
   966    719
   967    719
   968    719
   969    719
   970    719
   971    719
   972    719
   973    719
   974    719
   975    719
   976    719
   977    719
   978    719
   979    719
   980    719
   981    719
   982    719
   983    719
   984    719
   985    719
   986    719
   987    719
   988    719
   989    719
   990    719
   991    719
   992    719
   993    719
  1002    719
  1003    719
  1004    719
   832    720
   833    720
   834    720
   835    720
   836    720
   837    720
   838    720
   839    720
   840    720
   841    720
   842    720
   843    720
   844    720
   845    720
   846    720
   847    720
   848    720
   849    720
   850    720
   851    720
   852    720
   853    720
   854    720
   855    720
   856    720
   857    720
   858    720
   859    720
   860    720
   861    720
   862    720
   863    720
   864    720
   865    720
   866    720
   867    720
   868    720
   869    720
   870    720
   871    720
   872    720
   873    720
   874    720
   875    720
   876    720
   877    720
   878    720
   879    720
   880    720
   881    720
   882    720
   883    720
   884    720
   885    720
   886    720
   887    720
   888    720
   889    720
   890    720
   891    720
   892    720
   893    720
   894    720
   895    720
   896    720
   897    720
   898    720
   899    720
   900    720
   901    720
   902    720
   903    720
   904    720
   905    720
   906    720
   907    720
   908    720
   909    720
   910    720
   911    720
   912    720
   913    720
   914    720
   915    720
   916    720
   917    720
   918    720
   919    720
   920    720
   921    720
   922    720
   923    720
   924    720
   925    720
   926    720
   927    720
   928    720
   929    720
   930    720
   931    720
   932    720
   933    720
   934    720
   935    720
   936    720
   937    720
   938    720
   939    720
   940    720
   941    720
   942    720
   943    720
   944    720
   945    720
   946    720
   947    720
   948    720
   949    720
   950    720
   951    720
   952    720
   953    720
   954    720
   955    720
   956    720
   957    720
   958    720
   959    720
   960    720
   961    720
   962    720
   963    720
   964    720
   965    720
   966    720
   967    720
   968    720
   969    720
   970    720
   971    720
   972    720
   973    720
   974    720
   975    720
   976    720
   977    720
   978    720
   979    720
   980    720
   981    720
   982    720
   983    720
   984    720
   985    720
   986    720
   987    720
   988    720
   989    720
   990    720
   991    720
   992    720
   993    720
   994    720
   995    720
   996    720
   997    720
   998    720
  1003    720
  1004    720
  1005    720
   830    721
   831    721
   832    721
   833    721
   834    721
   835    721
   836    721
   837    721
   838    721
   839    721
   840    721
   841    721
   842    721
   843    721
   844    721
   845    721
   846    721
   847    721
   848    721
   849    721
   850    721
   851    721
   852    721
   853    721
   854    721
   855    721
   856    721
   857    721
   858    721
   859    721
   860    721
   861    721
   862    721
   863    721
   864    721
   865    721
   866    721
   867    721
   868    721
   869    721
   870    721
   871    721
   872    721
   873    721
   874    721
   875    721
   876    721
   877    721
   878    721
   879    721
   880    721
   881    721
   882    721
   883    721
   884    721
   885    721
   886    721
   887    721
   888    721
   889    721
   890    721
   891    721
   892    721
   893    721
   894    721
   895    721
   896    721
   897    721
   898    721
   899    721
   900    721
   901    721
   902    721
   903    721
   904    721
   905    721
   906    721
   907    721
   908    721
   909    721
   910    721
   911    721
   912    721
   913    721
   914    721
   915    721
   916    721
   917    721
   918    721
   919    721
   920    721
   921    721
   922    721
   923    721
   924    721
   925    721
   926    721
   927    721
   928    721
   929    721
   930    721
   931    721
   932    721
   933    721
   934    721
   935    721
   936    721
   937    721
   938    721
   939    721
   940    721
   941    721
   942    721
   943    721
   944    721
   945    721
   946    721
   947    721
   948    721
   949    721
   950    721
   951    721
   952    721
   953    721
   954    721
   955    721
   956    721
   957    721
   958    721
   959    721
   960    721
   961    721
   962    721
   963    721
   964    721
   965    721
   966    721
   967    721
   968    721
   969    721
   970    721
   971    721
   972    721
   973    721
   974    721
   975    721
   976    721
   977    721
   978    721
   979    721
   980    721
   981    721
   982    721
   983    721
   984    721
   985    721
   986    721
   987    721
   988    721
   989    721
   990    721
   991    721
   992    721
   993    721
   994    721
   995    721
   996    721
   997    721
   998    721
   999    721
  1000    721
  1003    721
  1004    721
  1005    721
   830    722
   831    722
   832    722
   833    722
   834    722
   835    722
   836    722
   837    722
   838    722
   839    722
   840    722
   841    722
   842    722
   843    722
   844    722
   845    722
   846    722
   847    722
   848    722
   849    722
   850    722
   851    722
   852    722
   853    722
   854    722
   855    722
   856    722
   857    722
   858    722
   859    722
   860    722
   861    722
   862    722
   863    722
   864    722
   865    722
   866    722
   867    722
   868    722
   869    722
   870    722
   871    722
   872    722
   873    722
   874    722
   875    722
   876    722
   877    722
   878    722
   879    722
   880    722
   881    722
   882    722
   883    722
   884    722
   885    722
   886    722
   887    722
   888    722
   889    722
   890    722
   891    722
   892    722
   893    722
   894    722
   895    722
   896    722
   897    722
   898    722
   899    722
   900    722
   901    722
   902    722
   903    722
   904    722
   905    722
   906    722
   907    722
   908    722
   909    722
   910    722
   911    722
   912    722
   913    722
   914    722
   915    722
   916    722
   917    722
   918    722
   919    722
   920    722
   921    722
   922    722
   923    722
   924    722
   925    722
   926    722
   927    722
   928    722
   929    722
   930    722
   931    722
   932    722
   933    722
   934    722
   935    722
   936    722
   937    722
   938    722
   939    722
   940    722
   941    722
   942    722
   943    722
   944    722
   945    722
   946    722
   947    722
   948    722
   949    722
   950    722
   951    722
   952    722
   953    722
   954    722
   955    722
   956    722
   957    722
   958    722
   959    722
   960    722
   961    722
   962    722
   963    722
   964    722
   965    722
   966    722
   967    722
   968    722
   969    722
   970    722
   971    722
   972    722
   973    722
   974    722
   975    722
   976    722
   977    722
   978    722
   979    722
   980    722
   981    722
   982    722
   983    722
   984    722
   985    722
   986    722
   987    722
   988    722
   989    722
   990    722
   991    722
   992    722
   993    722
   994    722
   995    722
   996    722
   997    722
   998    722
   999    722
  1000    722
  1003    722
  1004    722
  1005    722
  1006    722
   830    723
   831    723
   832    723
   833    723
   834    723
   835    723
   836    723
   837    723
   838    723
   839    723
   840    723
   841    723
   842    723
   843    723
   844    723
   845    723
   846    723
   847    723
   848    723
   849    723
   850    723
   851    723
   852    723
   853    723
   854    723
   855    723
   856    723
   857    723
   858    723
   859    723
   860    723
   861    723
   862    723
   863    723
   864    723
   865    723
   866    723
   867    723
   868    723
   869    723
   870    723
   871    723
   872    723
   873    723
   874    723
   875    723
   876    723
   877    723
   878    723
   879    723
   880    723
   881    723
   882    723
   883    723
   884    723
   885    723
   886    723
   887    723
   888    723
   889    723
   890    723
   891    723
   892    723
   893    723
   894    723
   895    723
   896    723
   897    723
   898    723
   899    723
   900    723
   901    723
   902    723
   903    723
   904    723
   905    723
   906    723
   907    723
   908    723
   909    723
   910    723
   911    723
   912    723
   913    723
   914    723
   915    723
   916    723
   917    723
   918    723
   919    723
   920    723
   921    723
   922    723
   923    723
   924    723
   925    723
   926    723
   927    723
   928    723
   929    723
   930    723
   931    723
   932    723
   933    723
   934    723
   935    723
   936    723
   937    723
   938    723
   939    723
   940    723
   941    723
   942    723
   943    723
   944    723
   945    723
   946    723
   947    723
   948    723
   949    723
   950    723
   951    723
   952    723
   953    723
   954    723
   955    723
   956    723
   957    723
   958    723
   959    723
   960    723
   961    723
   962    723
   963    723
   964    723
   965    723
   966    723
   967    723
   968    723
   969    723
   970    723
   971    723
   972    723
   973    723
   974    723
   975    723
   976    723
   977    723
   978    723
   979    723
   980    723
   981    723
   982    723
   983    723
   984    723
   985    723
   986    723
   987    723
   988    723
   989    723
   990    723
   991    723
   992    723
   993    723
   994    723
   995    723
   996    723
   997    723
   998    723
   999    723
  1000    723
  1001    723
  1004    723
  1005    723
  1006    723
  1007    723
   830    724
   831    724
   832    724
   833    724
   834    724
   835    724
   836    724
   837    724
   838    724
   839    724
   840    724
   841    724
   842    724
   843    724
   844    724
   845    724
   846    724
   847    724
   848    724
   849    724
   850    724
   851    724
   852    724
   853    724
   854    724
   855    724
   856    724
   857    724
   858    724
   859    724
   860    724
   861    724
   862    724
   863    724
   864    724
   865    724
   866    724
   867    724
   868    724
   869    724
   870    724
   871    724
   872    724
   873    724
   874    724
   875    724
   876    724
   877    724
   878    724
   879    724
   880    724
   881    724
   882    724
   883    724
   884    724
   885    724
   886    724
   887    724
   888    724
   889    724
   890    724
   891    724
   892    724
   893    724
   894    724
   895    724
   896    724
   897    724
   898    724
   899    724
   900    724
   901    724
   902    724
   903    724
   904    724
   905    724
   906    724
   907    724
   908    724
   909    724
   910    724
   911    724
   912    724
   913    724
   914    724
   915    724
   916    724
   917    724
   918    724
   919    724
   920    724
   921    724
   922    724
   923    724
   924    724
   925    724
   926    724
   927    724
   928    724
   929    724
   930    724
   931    724
   932    724
   933    724
   934    724
   935    724
   936    724
   937    724
   938    724
   939    724
   940    724
   941    724
   942    724
   943    724
   944    724
   945    724
   946    724
   947    724
   948    724
   949    724
   950    724
   951    724
   952    724
   953    724
   954    724
   955    724
   956    724
   957    724
   958    724
   959    724
   960    724
   961    724
   962    724
   963    724
   964    724
   965    724
   966    724
   967    724
   968    724
   969    724
   970    724
   971    724
   972    724
   973    724
   974    724
   975    724
   976    724
   977    724
   978    724
   979    724
   980    724
   981    724
   982    724
   983    724
   984    724
   985    724
   986    724
   987    724
   988    724
   989    724
   990    724
   991    724
   992    724
   993    724
   994    724
   995    724
   996    724
   997    724
   998    724
   999    724
  1000    724
  1001    724
  1002    724
  1005    724
  1006    724
  1007    724
   830    725
   831    725
   832    725
   833    725
   834    725
   835    725
   836    725
   837    725
   838    725
   839    725
   840    725
   841    725
   842    725
   843    725
   844    725
   845    725
   846    725
   847    725
   848    725
   849    725
   850    725
   851    725
   852    725
   853    725
   854    725
   855    725
   856    725
   857    725
   858    725
   859    725
   860    725
   861    725
   862    725
   863    725
   864    725
   865    725
   866    725
   867    725
   868    725
   869    725
   870    725
   871    725
   872    725
   873    725
   874    725
   875    725
   876    725
   877    725
   878    725
   879    725
   880    725
   881    725
   882    725
   883    725
   884    725
   885    725
   886    725
   887    725
   888    725
   889    725
   890    725
   891    725
   892    725
   893    725
   894    725
   895    725
   896    725
   897    725
   898    725
   899    725
   900    725
   901    725
   902    725
   903    725
   904    725
   905    725
   906    725
   907    725
   908    725
   909    725
   910    725
   911    725
   912    725
   913    725
   914    725
   915    725
   916    725
   917    725
   918    725
   919    725
   920    725
   921    725
   922    725
   923    725
   924    725
   925    725
   926    725
   927    725
   928    725
   929    725
   930    725
   931    725
   932    725
   933    725
   934    725
   935    725
   936    725
   937    725
   938    725
   939    725
   940    725
   941    725
   942    725
   943    725
   944    725
   945    725
   946    725
   947    725
   948    725
   949    725
   950    725
   951    725
   952    725
   953    725
   954    725
   955    725
   956    725
   957    725
   958    725
   959    725
   960    725
   961    725
   962    725
   963    725
   964    725
   965    725
   966    725
   967    725
   968    725
   969    725
   970    725
   971    725
   972    725
   973    725
   974    725
   975    725
   976    725
   977    725
   978    725
   979    725
   980    725
   981    725
   982    725
   983    725
   984    725
   985    725
   986    725
   987    725
   988    725
   989    725
   990    725
   991    725
   992    725
   993    725
   994    725
   995    725
   996    725
   997    725
   998    725
   999    725
  1000    725
  1001    725
  1005    725
  1006    725
  1007    725
  1008    725
   830    726
   831    726
   832    726
   833    726
   834    726
   835    726
   836    726
   837    726
   838    726
   839    726
   840    726
   841    726
   842    726
   843    726
   844    726
   845    726
   846    726
   847    726
   848    726
   849    726
   850    726
   851    726
   852    726
   853    726
   854    726
   855    726
   856    726
   857    726
   858    726
   859    726
   860    726
   861    726
   862    726
   863    726
   864    726
   865    726
   866    726
   867    726
   868    726
   869    726
   870    726
   871    726
   872    726
   873    726
   874    726
   875    726
   876    726
   877    726
   878    726
   879    726
   880    726
   881    726
   882    726
   883    726
   884    726
   885    726
   886    726
   887    726
   888    726
   889    726
   890    726
   891    726
   892    726
   893    726
   894    726
   895    726
   896    726
   897    726
   898    726
   899    726
   900    726
   901    726
   902    726
   903    726
   904    726
   905    726
   906    726
   907    726
   908    726
   909    726
   910    726
   911    726
   912    726
   913    726
   914    726
   915    726
   916    726
   917    726
   918    726
   919    726
   920    726
   921    726
   922    726
   923    726
   924    726
   925    726
   926    726
   927    726
   928    726
   929    726
   930    726
   931    726
   932    726
   933    726
   934    726
   935    726
   936    726
   937    726
   938    726
   939    726
   940    726
   941    726
   942    726
   943    726
   944    726
   945    726
   946    726
   947    726
   948    726
   949    726
   950    726
   951    726
   952    726
   953    726
   954    726
   955    726
   956    726
   957    726
   958    726
   959    726
   960    726
   961    726
   962    726
   963    726
   964    726
   965    726
   966    726
   967    726
   968    726
   969    726
   970    726
   971    726
   972    726
   973    726
   974    726
   975    726
   976    726
   977    726
   978    726
   979    726
   980    726
   981    726
   982    726
   983    726
   984    726
   985    726
   986    726
   987    726
   988    726
   989    726
   990    726
   991    726
   992    726
   993    726
   994    726
   995    726
   996    726
   997    726
   998    726
   999    726
  1000    726
  1001    726
  1002    726
  1006    726
  1007    726
  1008    726
  1009    726
   830    727
   831    727
   832    727
   833    727
   834    727
   835    727
   836    727
   837    727
   838    727
   839    727
   840    727
   841    727
   842    727
   843    727
   844    727
   845    727
   846    727
   847    727
   848    727
   849    727
   850    727
   851    727
   852    727
   853    727
   854    727
   855    727
   856    727
   857    727
   858    727
   859    727
   860    727
   861    727
   862    727
   863    727
   864    727
   865    727
   866    727
   867    727
   868    727
   869    727
   870    727
   871    727
   872    727
   873    727
   874    727
   875    727
   876    727
   877    727
   878    727
   879    727
   880    727
   881    727
   882    727
   883    727
   884    727
   885    727
   886    727
   887    727
   888    727
   889    727
   890    727
   891    727
   892    727
   893    727
   894    727
   895    727
   896    727
   897    727
   898    727
   899    727
   900    727
   901    727
   902    727
   903    727
   904    727
   905    727
   906    727
   907    727
   908    727
   909    727
   910    727
   911    727
   912    727
   913    727
   914    727
   915    727
   916    727
   917    727
   918    727
   919    727
   920    727
   921    727
   922    727
   923    727
   924    727
   925    727
   926    727
   927    727
   928    727
   929    727
   930    727
   931    727
   932    727
   933    727
   934    727
   935    727
   936    727
   937    727
   938    727
   939    727
   940    727
   941    727
   942    727
   943    727
   944    727
   945    727
   946    727
   947    727
   948    727
   949    727
   950    727
   951    727
   952    727
   953    727
   954    727
   955    727
   956    727
   957    727
   958    727
   959    727
   960    727
   961    727
   962    727
   963    727
   964    727
   965    727
   966    727
   967    727
   968    727
   969    727
   970    727
   971    727
   972    727
   973    727
   974    727
   975    727
   976    727
   977    727
   978    727
   979    727
   980    727
   981    727
   982    727
   983    727
   984    727
   985    727
   986    727
   987    727
   988    727
   989    727
   990    727
   991    727
   992    727
   993    727
   994    727
   995    727
   996    727
   997    727
   998    727
   999    727
  1000    727
  1001    727
  1002    727
  1003    727
  1004    727
  1006    727
  1007    727
  1008    727
  1009    727
   830    728
   831    728
   832    728
   833    728
   834    728
   835    728
   836    728
   837    728
   838    728
   839    728
   840    728
   841    728
   842    728
   843    728
   844    728
   845    728
   846    728
   847    728
   848    728
   849    728
   850    728
   851    728
   852    728
   853    728
   854    728
   855    728
   856    728
   857    728
   858    728
   859    728
   860    728
   861    728
   862    728
   863    728
   864    728
   865    728
   866    728
   867    728
   868    728
   869    728
   870    728
   871    728
   872    728
   873    728
   874    728
   875    728
   876    728
   877    728
   878    728
   879    728
   880    728
   881    728
   882    728
   883    728
   884    728
   885    728
   886    728
   887    728
   888    728
   889    728
   890    728
   891    728
   892    728
   893    728
   894    728
   895    728
   896    728
   897    728
   898    728
   899    728
   900    728
   901    728
   902    728
   903    728
   904    728
   905    728
   906    728
   907    728
   908    728
   909    728
   910    728
   911    728
   912    728
   913    728
   914    728
   915    728
   916    728
   917    728
   918    728
   919    728
   920    728
   921    728
   922    728
   923    728
   924    728
   925    728
   926    728
   927    728
   928    728
   929    728
   930    728
   931    728
   932    728
   933    728
   934    728
   935    728
   936    728
   937    728
   938    728
   939    728
   940    728
   941    728
   942    728
   943    728
   944    728
   945    728
   946    728
   947    728
   948    728
   949    728
   950    728
   951    728
   952    728
   953    728
   954    728
   955    728
   956    728
   957    728
   958    728
   959    728
   960    728
   961    728
   962    728
   963    728
   964    728
   965    728
   966    728
   967    728
   968    728
   969    728
   970    728
   971    728
   972    728
   973    728
   974    728
   975    728
   976    728
   977    728
   978    728
   979    728
   980    728
   981    728
   982    728
   983    728
   984    728
   985    728
   986    728
   987    728
   988    728
   989    728
   990    728
   991    728
   992    728
   993    728
   994    728
   995    728
   996    728
   997    728
   998    728
   999    728
  1000    728
  1001    728
  1002    728
  1003    728
  1004    728
  1007    728
  1008    728
  1009    728
  1010    728
   830    729
   831    729
   832    729
   833    729
   834    729
   835    729
   836    729
   837    729
   838    729
   839    729
   840    729
   841    729
   842    729
   843    729
   844    729
   845    729
   846    729
   847    729
   848    729
   849    729
   850    729
   851    729
   852    729
   853    729
   854    729
   855    729
   856    729
   857    729
   858    729
   859    729
   860    729
   861    729
   862    729
   863    729
   864    729
   865    729
   866    729
   867    729
   868    729
   869    729
   870    729
   871    729
   872    729
   873    729
   874    729
   875    729
   876    729
   877    729
   878    729
   879    729
   880    729
   881    729
   882    729
   883    729
   884    729
   885    729
   886    729
   887    729
   888    729
   889    729
   890    729
   891    729
   892    729
   893    729
   894    729
   895    729
   896    729
   897    729
   898    729
   899    729
   900    729
   901    729
   902    729
   903    729
   904    729
   905    729
   906    729
   907    729
   908    729
   909    729
   910    729
   911    729
   912    729
   913    729
   914    729
   915    729
   916    729
   917    729
   918    729
   919    729
   920    729
   921    729
   922    729
   923    729
   924    729
   925    729
   926    729
   927    729
   928    729
   929    729
   930    729
   931    729
   932    729
   933    729
   934    729
   935    729
   936    729
   937    729
   938    729
   939    729
   940    729
   941    729
   942    729
   943    729
   944    729
   945    729
   946    729
   947    729
   948    729
   949    729
   950    729
   951    729
   952    729
   953    729
   954    729
   955    729
   956    729
   957    729
   958    729
   959    729
   960    729
   961    729
   962    729
   963    729
   964    729
   965    729
   966    729
   967    729
   968    729
   969    729
   970    729
   971    729
   972    729
   973    729
   974    729
   975    729
   976    729
   977    729
   978    729
   979    729
   980    729
   981    729
   982    729
   983    729
   984    729
   985    729
   986    729
   987    729
   988    729
   989    729
   990    729
   991    729
   992    729
   993    729
   994    729
   995    729
   996    729
   997    729
   998    729
   999    729
  1000    729
  1001    729
  1002    729
  1003    729
  1004    729
  1005    729
  1008    729
  1009    729
  1010    729
  1011    729
   830    730
   831    730
   832    730
   833    730
   834    730
   835    730
   836    730
   837    730
   838    730
   839    730
   840    730
   841    730
   842    730
   843    730
   844    730
   845    730
   846    730
   847    730
   848    730
   849    730
   850    730
   851    730
   852    730
   853    730
   854    730
   855    730
   856    730
   857    730
   858    730
   859    730
   860    730
   861    730
   862    730
   863    730
   864    730
   865    730
   866    730
   867    730
   868    730
   869    730
   870    730
   871    730
   872    730
   873    730
   874    730
   875    730
   876    730
   877    730
   878    730
   879    730
   880    730
   881    730
   882    730
   883    730
   884    730
   885    730
   886    730
   887    730
   888    730
   889    730
   890    730
   891    730
   892    730
   893    730
   894    730
   895    730
   896    730
   897    730
   898    730
   899    730
   900    730
   901    730
   902    730
   903    730
   904    730
   905    730
   906    730
   907    730
   908    730
   909    730
   910    730
   911    730
   912    730
   913    730
   914    730
   915    730
   916    730
   917    730
   918    730
   919    730
   920    730
   921    730
   922    730
   923    730
   924    730
   925    730
   926    730
   927    730
   928    730
   929    730
   930    730
   931    730
   932    730
   933    730
   934    730
   935    730
   936    730
   937    730
   938    730
   939    730
   940    730
   941    730
   942    730
   943    730
   944    730
   945    730
   946    730
   947    730
   948    730
   949    730
   950    730
   951    730
   952    730
   953    730
   954    730
   955    730
   956    730
   957    730
   958    730
   959    730
   960    730
   961    730
   962    730
   963    730
   964    730
   965    730
   966    730
   967    730
   968    730
   969    730
   970    730
   971    730
   972    730
   973    730
   974    730
   975    730
   976    730
   977    730
   978    730
   979    730
   980    730
   981    730
   982    730
   983    730
   984    730
   985    730
   986    730
   987    730
   988    730
   989    730
   990    730
   991    730
   992    730
   993    730
   994    730
   995    730
   996    730
   997    730
   998    730
   999    730
  1000    730
  1001    730
  1002    730
  1003    730
  1004    730
  1005    730
  1009    730
  1010    730
  1011    730
