   814    652
   815    652
   816    652
   817    652
   818    652
   819    652
   820    652
   821    652
   822    652
   823    652
   824    652
   825    652
   826    652
   815    653
   816    653
   817    653
   818    653
   819    653
   820    653
   821    653
   822    653
   823    653
   824    653
   825    653
   826    653
   827    653
   815    654
   816    654
   817    654
   818    654
   819    654
   820    654
   821    654
   822    654
   823    654
   824    654
   825    654
   826    654
   827    654
   828    654
   816    655
   817    655
   818    655
   819    655
   820    655
   821    655
   822    655
   823    655
   824    655
   825    655
   826    655
   827    655
   828    655
   829    655
   817    656
   818    656
   819    656
   820    656
   821    656
   822    656
   823    656
   824    656
   825    656
   826    656
   827    656
   828    656
   829    656
   817    657
   818    657
   819    657
   820    657
   821    657
   822    657
   823    657
   824    657
   825    657
   826    657
   827    657
   828    657
   829    657
   830    657
   818    658
   819    658
   820    658
   821    658
   822    658
   823    658
   824    658
   825    658
   826    658
   827    658
   828    658
   829    658
   830    658
   819    659
   820    659
   821    659
   822    659
   823    659
   824    659
   825    659
   826    659
   827    659
   828    659
   829    659
   830    659
   831    659
   819    660
   820    660
   821    660
   822    660
   823    660
   824    660
   825    660
   826    660
   827    660
   828    660
   829    660
   830    660
   831    660
   820    661
   821    661
   822    661
   823    661
   824    661
   825    661
   826    661
   827    661
   828    661
   829    661
   830    661
   831    661
   832    661
   820    662
   821    662
   822    662
   823    662
   824    662
   825    662
   826    662
   827    662
   828    662
   829    662
   830    662
   831    662
   832    662
   821    663
   822    663
   823    663
   824    663
   825    663
   826    663
   827    663
   828    663
   829    663
   830    663
   831    663
   832    663
   833    663
   821    664
   822    664
   823    664
   824    664
   825    664
   826    664
   827    664
   828    664
   829    664
   830    664
   831    664
   832    664
   833    664
   821    665
   822    665
   823    665
   824    665
   825    665
   826    665
   827    665
   828    665
   829    665
   830    665
   831    665
   832    665
   822    666
   823    666
   824    666
   825    666
   826    666
   827    666
   828    666
   829    666
   830    666
   831    666
   832    666
   822    667
   823    667
   824    667
   825    667
   826    667
   827    667
   828    667
   829    667
   830    667
   831    667
   822    668
   823    668
   824    668
   825    668
   826    668
   827    668
   828    668
   829    668
   830    668
   831    668
   822    669
   823    669
   824    669
   825    669
   826    669
   827    669
   828    669
   829    669
   830    669
   831    669
   822    670
   823    670
   824    670
   825    670
   826    670
   827    670
   828    670
   829    670
   830    670
   831    670
   822    671
   823    671
   824    671
   825    671
   826    671
   827    671
   828    671
   829    671
   830    671
   831    671
   822    672
   823    672
   824    672
   825    672
   826    672
   827    672
   828    672
   829    672
   830    672
   831    672
   823    673
   824    673
   825    673
   826    673
   827    673
   828    673
