   809    651
   810    651
   811    651
   812    651
   813    651
   814    651
   815    651
   816    651
   817    651
   818    651
   819    651
   820    651
   821    651
   810    652
   811    652
   812    652
   813    652
   814    652
   815    652
   816    652
   817    652
   818    652
   819    652
   820    652
   821    652
   822    652
   811    653
   812    653
   813    653
   814    653
   815    653
   816    653
   817    653
   818    653
   819    653
   820    653
   821    653
   822    653
   823    653
   824    653
   812    654
   813    654
   814    654
   815    654
   816    654
   817    654
   818    654
   819    654
   820    654
   821    654
   822    654
   823    654
   824    654
   825    654
   813    655
   814    655
   815    655
   816    655
   817    655
   818    655
   819    655
   820    655
   821    655
   822    655
   823    655
   824    655
   825    655
   814    656
   815    656
   816    656
   817    656
   818    656
   819    656
   820    656
   821    656
   822    656
   823    656
   824    656
   825    656
   826    656
   814    657
   815    657
   816    657
   817    657
   818    657
   819    657
   820    657
   821    657
   822    657
   823    657
   824    657
   825    657
   826    657
   827    657
   815    658
   816    658
   817    658
   818    658
   819    658
   820    658
   821    658
   822    658
   823    658
   824    658
   825    658
   826    658
   827    658
   828    658
   816    659
   817    659
   818    659
   819    659
   820    659
   821    659
   822    659
   823    659
   824    659
   825    659
   826    659
   827    659
   828    659
   829    659
   816    660
   817    660
   818    660
   819    660
   820    660
   821    660
   822    660
   823    660
   824    660
   825    660
   826    660
   827    660
   828    660
   829    660
   817    661
   818    661
   819    661
   820    661
   821    661
   822    661
   823    661
   824    661
   825    661
   826    661
   827    661
   828    661
   829    661
   830    661
   817    662
   818    662
   819    662
   820    662
   821    662
   822    662
   823    662
   824    662
   825    662
   826    662
   827    662
   828    662
   829    662
   830    662
   831    662
   818    663
   819    663
   820    663
   821    663
   822    663
   823    663
   824    663
   825    663
   826    663
   827    663
   828    663
   829    663
   830    663
   831    663
   818    664
   819    664
   820    664
   821    664
   822    664
   823    664
   824    664
   825    664
   826    664
   827    664
   828    664
   829    664
   830    664
   831    664
   832    664
   819    665
   820    665
   821    665
   822    665
   823    665
   824    665
   825    665
   826    665
   827    665
   828    665
   829    665
   830    665
   831    665
   832    665
   833    665
   819    666
   820    666
   821    666
   822    666
   823    666
   824    666
   825    666
   826    666
   827    666
   828    666
   829    666
   830    666
   831    666
   832    666
   833    666
   820    667
   821    667
   822    667
   823    667
   824    667
   825    667
   826    667
   827    667
   828    667
   829    667
   830    667
   831    667
   832    667
   833    667
   834    667
   820    668
   821    668
   822    668
   823    668
   824    668
   825    668
   826    668
   827    668
   828    668
   829    668
   830    668
   831    668
   832    668
   833    668
   834    668
   820    669
   821    669
   822    669
   823    669
   824    669
   825    669
   826    669
   827    669
   828    669
   829    669
   830    669
   831    669
   832    669
   833    669
   834    669
   835    669
   821    670
   822    670
   823    670
   824    670
   825    670
   826    670
   827    670
   828    670
   829    670
   830    670
   831    670
   832    670
   833    670
   834    670
   835    670
   821    671
   822    671
   823    671
   824    671
   825    671
   826    671
   827    671
   828    671
   829    671
   830    671
   831    671
   832    671
   833    671
   834    671
   835    671
   836    671
   821    672
   822    672
   823    672
   824    672
   825    672
   826    672
   827    672
   828    672
   829    672
   830    672
   831    672
   832    672
   833    672
   834    672
   835    672
   836    672
   821    673
   822    673
   823    673
   824    673
   825    673
   826    673
   827    673
   828    673
   829    673
   830    673
   831    673
   832    673
   833    673
   834    673
   835    673
   836    673
   821    674
   822    674
   823    674
   824    674
   825    674
   826    674
   827    674
   828    674
   829    674
   830    674
   831    674
   832    674
   833    674
   834    674
   835    674
   836    674
   837    674
   821    675
   822    675
   823    675
   824    675
   825    675
   826    675
   827    675
   828    675
   829    675
   830    675
   831    675
   832    675
   833    675
   834    675
   835    675
   836    675
   821    676
   822    676
   823    676
   824    676
   825    676
   826    676
   827    676
   828    676
   829    676
   830    676
   831    676
   832    676
   833    676
   834    676
   835    676
   823    677
   824    677
   825    677
   826    677
   830    677
   831    677
