  1087    730
  1088    730
  1089    730
  1090    730
  1091    730
  1092    730
  1093    730
  1094    730
  1095    730
  1096    730
  1097    730
  1098    730
  1099    730
  1100    730
  1101    730
  1102    730
  1103    730
  1112    730
  1113    730
  1114    730
  1115    730
  1116    730
  1077    731
  1078    731
  1079    731
  1080    731
  1081    731
  1085    731
  1086    731
  1087    731
  1088    731
  1089    731
  1090    731
  1091    731
  1092    731
  1093    731
  1094    731
  1095    731
  1096    731
  1097    731
  1098    731
  1101    731
  1106    731
  1107    731
  1108    731
  1110    731
  1111    731
  1112    731
  1113    731
  1074    732
  1075    732
  1076    732
  1077    732
  1078    732
  1079    732
  1080    732
  1081    732
  1082    732
  1083    732
  1084    732
  1085    732
  1086    732
  1087    732
  1088    732
  1089    732
  1090    732
  1091    732
  1092    732
  1100    732
  1101    732
  1102    732
  1103    732
  1104    732
  1105    732
  1106    732
  1107    732
  1110    732
  1111    732
  1112    732
  1071    733
  1072    733
  1073    733
  1074    733
  1075    733
  1076    733
  1077    733
  1078    733
  1079    733
  1080    733
  1081    733
  1082    733
  1083    733
  1084    733
  1085    733
  1086    733
  1087    733
  1089    733
  1090    733
  1091    733
  1095    733
  1096    733
  1097    733
  1098    733
  1099    733
  1100    733
  1101    733
  1102    733
  1071    734
  1072    734
  1073    734
  1074    734
  1075    734
  1076    734
  1077    734
  1078    734
  1079    734
  1080    734
  1081    734
  1082    734
  1084    734
  1085    734
  1086    734
  1088    734
  1092    734
  1093    734
  1094    734
  1095    734
  1096    734
  1066    735
  1067    735
  1068    735
  1069    735
  1070    735
  1071    735
  1072    735
  1073    735
  1074    735
  1075    735
  1079    735
  1080    735
  1081    735
  1083    735
  1084    735
  1085    735
  1086    735
  1087    735
  1088    735
  1092    735
  1093    735
  1066    736
  1067    736
  1068    736
  1069    736
  1070    736
  1074    736
  1079    736
  1080    736
  1081    736
  1082    736
  1083    736
  1084    736
  1085    736
  1086    736
  1051    737
  1052    737
  1053    737
  1055    737
  1063    737
  1064    737
  1065    737
  1068    737
  1069    737
  1075    737
  1078    737
  1079    737
  1080    737
  1081    737
  1082    737
  1083    737
  1048    738
  1049    738
  1050    738
  1051    738
  1052    738
  1053    738
  1054    738
  1055    738
  1056    738
  1057    738
  1058    738
  1059    738
  1060    738
  1061    738
  1065    738
  1067    738
  1069    738
  1070    738
  1071    738
  1072    738
  1077    738
  1048    739
  1049    739
  1050    739
  1051    739
  1052    739
  1053    739
  1054    739
  1055    739
  1056    739
  1057    739
  1058    739
  1065    739
  1066    739
  1067    739
  1068    739
  1069    739
  1070    739
  1071    739
  1072    739
  1047    740
  1048    740
  1049    740
  1050    740
  1058    740
  1060    740
  1061    740
  1062    740
  1063    740
  1064    740
  1065    740
  1067    740
  1054    741
  1055    741
  1056    741
  1057    741
  1058    741
  1059    741
  1060    741
  1061    741
  1062    741
  1063    741
  1052    742
  1053    742
  1054    742
  1055    742
  1050    743
  1051    743
  1053    743
  1054    743
  1055    743
