  1056    730
  1057    730
  1058    730
  1059    730
  1060    730
  1061    730
  1062    730
  1063    730
  1064    730
  1065    730
  1066    730
  1067    730
  1068    730
  1069    730
  1070    730
  1071    730
  1072    730
  1073    730
  1074    730
  1075    730
  1076    730
  1077    730
  1078    730
  1079    730
  1080    730
  1081    730
  1082    730
  1083    730
  1084    730
  1085    730
  1086    730
  1087    730
  1088    730
  1089    730
  1090    730
  1091    730
  1092    730
  1093    730
  1094    730
  1095    730
  1096    730
  1097    730
  1098    730
  1099    730
  1100    730
  1101    730
  1102    730
  1103    730
  1104    730
  1105    730
  1106    730
  1107    730
  1108    730
  1109    730
  1110    730
  1111    730
  1112    730
  1113    730
  1114    730
  1115    730
  1116    730
  1117    730
  1118    730
  1119    730
  1120    730
  1121    730
  1122    730
  1123    730
  1124    730
  1125    730
  1126    730
  1127    730
  1128    730
  1129    730
  1130    730
  1131    730
  1132    730
  1133    730
  1134    730
  1135    730
  1136    730
  1137    730
  1138    730
  1139    730
  1140    730
  1141    730
  1142    730
  1143    730
  1144    730
  1145    730
  1146    730
  1147    730
  1148    730
  1149    730
  1150    730
  1151    730
  1152    730
  1153    730
  1154    730
  1155    730
  1156    730
  1157    730
  1158    730
  1159    730
  1057    731
  1058    731
  1059    731
  1060    731
  1061    731
  1062    731
  1063    731
  1064    731
  1065    731
  1066    731
  1067    731
  1068    731
  1069    731
  1070    731
  1071    731
  1072    731
  1073    731
  1074    731
  1075    731
  1076    731
  1077    731
  1078    731
  1079    731
  1080    731
  1081    731
  1082    731
  1083    731
  1084    731
  1085    731
  1086    731
  1087    731
  1088    731
  1089    731
  1090    731
  1091    731
  1092    731
  1093    731
  1094    731
  1095    731
  1096    731
  1097    731
  1098    731
  1099    731
  1100    731
  1101    731
  1102    731
  1103    731
  1104    731
  1105    731
  1106    731
  1107    731
  1108    731
  1109    731
  1110    731
  1111    731
  1112    731
  1113    731
  1114    731
  1115    731
  1116    731
  1117    731
  1118    731
  1119    731
  1120    731
  1121    731
  1122    731
  1123    731
  1124    731
  1125    731
  1126    731
  1127    731
  1128    731
  1129    731
  1130    731
  1131    731
  1132    731
  1133    731
  1134    731
  1135    731
  1136    731
  1137    731
  1138    731
  1139    731
  1140    731
  1141    731
  1142    731
  1143    731
  1144    731
  1145    731
  1146    731
  1147    731
  1148    731
  1149    731
  1150    731
  1151    731
  1152    731
  1153    731
  1154    731
  1155    731
  1156    731
  1157    731
  1158    731
  1159    731
  1061    732
  1062    732
  1063    732
  1064    732
  1065    732
  1066    732
  1067    732
  1068    732
  1069    732
  1070    732
  1071    732
  1072    732
  1073    732
  1074    732
  1075    732
  1076    732
  1077    732
  1078    732
  1079    732
  1080    732
  1081    732
  1082    732
  1083    732
  1084    732
  1085    732
  1086    732
  1087    732
  1088    732
  1089    732
  1090    732
  1091    732
  1092    732
  1093    732
  1094    732
  1095    732
  1096    732
  1097    732
  1098    732
  1099    732
  1100    732
  1101    732
  1102    732
  1103    732
  1104    732
  1105    732
  1106    732
  1107    732
  1108    732
  1109    732
  1110    732
  1111    732
  1112    732
  1113    732
  1114    732
  1115    732
  1116    732
  1117    732
  1118    732
  1119    732
  1120    732
  1121    732
  1122    732
  1123    732
  1124    732
  1125    732
  1126    732
  1127    732
  1128    732
  1129    732
  1130    732
  1131    732
  1132    732
  1133    732
  1134    732
  1135    732
  1136    732
  1137    732
  1138    732
  1139    732
  1140    732
  1141    732
  1142    732
  1143    732
  1144    732
  1145    732
  1146    732
  1147    732
  1148    732
  1149    732
  1150    732
  1151    732
  1152    732
  1153    732
  1154    732
  1155    732
  1156    732
  1157    732
  1158    732
  1159    732
  1062    733
  1063    733
  1064    733
  1065    733
  1066    733
  1067    733
  1068    733
  1069    733
  1070    733
  1071    733
  1072    733
  1073    733
  1074    733
  1075    733
  1076    733
  1077    733
  1078    733
  1079    733
  1080    733
  1081    733
  1082    733
  1083    733
  1084    733
  1085    733
  1086    733
  1087    733
  1088    733
  1089    733
  1090    733
  1091    733
  1092    733
  1093    733
  1094    733
  1095    733
  1096    733
  1097    733
  1098    733
  1099    733
  1100    733
  1101    733
  1102    733
  1103    733
  1104    733
  1105    733
  1106    733
  1107    733
  1108    733
  1109    733
  1110    733
  1111    733
  1112    733
  1113    733
  1114    733
  1115    733
  1116    733
  1117    733
  1118    733
  1119    733
  1120    733
  1121    733
  1122    733
  1123    733
  1124    733
  1125    733
  1126    733
  1127    733
  1128    733
  1129    733
  1130    733
  1131    733
  1132    733
  1133    733
  1134    733
  1135    733
  1136    733
  1137    733
  1138    733
  1139    733
  1140    733
  1141    733
  1142    733
  1143    733
  1144    733
  1145    733
  1146    733
  1147    733
  1148    733
  1149    733
  1150    733
  1151    733
  1152    733
  1153    733
  1154    733
  1155    733
  1156    733
  1157    733
  1158    733
  1159    733
  1069    734
  1070    734
  1071    734
  1072    734
  1073    734
  1074    734
  1075    734
  1076    734
  1077    734
  1078    734
  1079    734
  1080    734
  1081    734
  1082    734
  1083    734
  1084    734
  1085    734
  1086    734
  1087    734
  1088    734
  1089    734
  1090    734
  1091    734
  1092    734
  1093    734
  1094    734
  1095    734
  1096    734
  1097    734
  1098    734
  1099    734
  1100    734
  1101    734
  1102    734
  1103    734
  1104    734
  1105    734
  1106    734
  1107    734
  1108    734
  1109    734
  1110    734
  1111    734
  1112    734
  1113    734
  1114    734
  1115    734
  1116    734
  1117    734
  1118    734
  1119    734
  1120    734
  1121    734
  1122    734
  1123    734
  1124    734
  1125    734
  1126    734
  1127    734
  1128    734
  1129    734
  1130    734
  1131    734
  1132    734
  1133    734
  1134    734
  1135    734
  1136    734
  1137    734
  1138    734
  1139    734
  1140    734
  1141    734
  1142    734
  1143    734
  1144    734
  1145    734
  1146    734
  1147    734
  1148    734
  1149    734
  1150    734
  1151    734
  1152    734
  1153    734
  1154    734
  1155    734
  1156    734
  1157    734
  1158    734
  1159    734
  1073    735
  1074    735
  1075    735
  1076    735
  1077    735
  1078    735
  1079    735
  1080    735
  1081    735
  1082    735
  1083    735
  1084    735
  1085    735
  1086    735
  1087    735
  1088    735
  1089    735
  1090    735
  1091    735
  1092    735
  1093    735
  1094    735
  1095    735
  1096    735
  1097    735
  1098    735
  1099    735
  1100    735
  1101    735
  1102    735
  1103    735
  1104    735
  1105    735
  1106    735
  1107    735
  1108    735
  1109    735
  1110    735
  1111    735
  1112    735
  1113    735
  1114    735
  1115    735
  1116    735
  1117    735
  1118    735
  1119    735
  1120    735
  1121    735
  1122    735
  1123    735
  1124    735
  1125    735
  1126    735
  1127    735
  1128    735
  1129    735
  1130    735
  1131    735
  1132    735
  1133    735
  1134    735
  1135    735
  1136    735
  1137    735
  1138    735
  1139    735
  1140    735
  1141    735
  1142    735
  1143    735
  1144    735
  1145    735
  1146    735
  1147    735
  1148    735
  1149    735
  1150    735
  1151    735
  1152    735
  1153    735
  1154    735
  1155    735
  1156    735
  1157    735
  1158    735
  1159    735
  1078    736
  1079    736
  1080    736
  1081    736
  1082    736
  1083    736
  1084    736
  1085    736
  1087    736
  1088    736
  1089    736
  1090    736
  1091    736
  1092    736
  1093    736
  1094    736
  1095    736
  1096    736
  1097    736
  1098    736
  1099    736
  1100    736
  1101    736
  1102    736
  1103    736
  1104    736
  1105    736
  1106    736
  1107    736
  1108    736
  1109    736
  1110    736
  1111    736
  1112    736
  1113    736
  1114    736
  1115    736
  1116    736
  1117    736
  1118    736
  1119    736
  1120    736
  1121    736
  1122    736
  1123    736
  1124    736
  1125    736
  1126    736
  1127    736
  1128    736
  1129    736
  1130    736
  1131    736
  1132    736
  1133    736
  1134    736
  1135    736
  1136    736
  1137    736
  1138    736
  1139    736
  1140    736
  1141    736
  1142    736
  1143    736
  1144    736
  1145    736
  1146    736
  1147    736
  1148    736
  1149    736
  1150    736
  1151    736
  1152    736
  1153    736
  1154    736
  1155    736
  1156    736
  1157    736
  1158    736
  1159    736
  1083    737
  1084    737
  1085    737
  1087    737
  1088    737
  1090    737
  1091    737
  1092    737
  1093    737
  1094    737
  1095    737
  1096    737
  1097    737
  1098    737
  1099    737
  1100    737
  1101    737
  1102    737
  1103    737
  1104    737
  1105    737
  1106    737
  1107    737
  1108    737
  1109    737
  1110    737
  1111    737
  1112    737
  1113    737
  1114    737
  1115    737
  1116    737
  1117    737
  1118    737
  1119    737
  1120    737
  1121    737
  1122    737
  1123    737
  1124    737
  1125    737
  1126    737
  1127    737
  1128    737
  1129    737
  1130    737
  1131    737
  1132    737
  1133    737
  1134    737
  1135    737
  1136    737
  1137    737
  1138    737
  1139    737
  1140    737
  1141    737
  1142    737
  1143    737
  1144    737
  1145    737
  1146    737
  1147    737
  1148    737
  1149    737
  1150    737
  1151    737
  1152    737
  1153    737
  1154    737
  1155    737
  1156    737
  1157    737
  1158    737
  1159    737
  1085    738
  1086    738
  1087    738
  1088    738
  1089    738
  1090    738
  1091    738
  1092    738
  1093    738
  1094    738
  1095    738
  1096    738
  1097    738
  1098    738
  1099    738
  1100    738
  1101    738
  1102    738
  1103    738
  1104    738
  1105    738
  1106    738
  1107    738
  1108    738
  1109    738
  1110    738
  1111    738
  1112    738
  1113    738
  1114    738
  1115    738
  1116    738
  1117    738
  1118    738
  1119    738
  1120    738
  1121    738
  1122    738
  1123    738
  1124    738
  1125    738
  1126    738
  1127    738
  1128    738
  1129    738
  1130    738
  1131    738
  1132    738
  1133    738
  1134    738
  1135    738
  1136    738
  1137    738
  1138    738
  1139    738
  1140    738
  1141    738
  1142    738
  1143    738
  1144    738
  1145    738
  1146    738
  1147    738
  1148    738
  1149    738
  1150    738
  1151    738
  1152    738
  1153    738
  1154    738
  1155    738
  1156    738
  1157    738
  1158    738
  1159    738
  1087    739
  1088    739
  1089    739
  1090    739
  1091    739
  1092    739
  1093    739
  1094    739
  1095    739
  1096    739
  1097    739
  1098    739
  1099    739
  1100    739
  1101    739
  1102    739
  1103    739
  1104    739
  1105    739
  1106    739
  1107    739
  1108    739
  1109    739
  1110    739
  1111    739
  1112    739
  1113    739
  1114    739
  1115    739
  1116    739
  1117    739
  1118    739
  1119    739
  1120    739
  1121    739
  1122    739
  1123    739
  1124    739
  1125    739
  1126    739
  1127    739
  1128    739
  1129    739
  1130    739
  1131    739
  1132    739
  1133    739
  1134    739
  1135    739
  1136    739
  1137    739
  1138    739
  1139    739
  1140    739
  1141    739
  1142    739
  1143    739
  1144    739
  1145    739
  1146    739
  1147    739
  1148    739
  1149    739
  1150    739
  1151    739
  1152    739
  1153    739
  1154    739
  1155    739
  1156    739
  1157    739
  1158    739
  1159    739
  1092    740
  1093    740
  1094    740
  1095    740
  1096    740
  1097    740
  1098    740
  1099    740
  1100    740
  1101    740
  1102    740
  1103    740
  1104    740
  1105    740
  1106    740
  1107    740
  1108    740
  1109    740
  1110    740
  1111    740
  1112    740
  1113    740
  1114    740
  1115    740
  1116    740
  1117    740
  1118    740
  1119    740
  1120    740
  1121    740
  1122    740
  1123    740
  1124    740
  1125    740
  1126    740
  1127    740
  1128    740
  1129    740
  1130    740
  1131    740
  1132    740
  1133    740
  1134    740
  1135    740
  1136    740
  1137    740
  1138    740
  1139    740
  1140    740
  1141    740
  1142    740
  1143    740
  1144    740
  1145    740
  1146    740
  1147    740
  1148    740
  1149    740
  1150    740
  1151    740
  1152    740
  1153    740
  1154    740
  1155    740
  1156    740
  1157    740
  1158    740
  1159    740
  1097    741
  1098    741
  1099    741
  1100    741
  1101    741
  1102    741
  1103    741
  1104    741
  1105    741
  1106    741
  1107    741
  1108    741
  1109    741
  1110    741
  1111    741
  1112    741
  1113    741
  1114    741
  1115    741
  1116    741
  1117    741
  1118    741
  1119    741
  1120    741
  1121    741
  1122    741
  1123    741
  1124    741
  1125    741
  1126    741
  1127    741
  1128    741
  1129    741
  1130    741
  1131    741
  1132    741
  1133    741
  1134    741
  1135    741
  1136    741
  1137    741
  1138    741
  1139    741
  1140    741
  1141    741
  1142    741
  1143    741
  1144    741
  1145    741
  1146    741
  1147    741
  1148    741
  1149    741
  1150    741
  1151    741
  1152    741
  1153    741
  1154    741
  1155    741
  1156    741
  1157    741
  1158    741
  1159    741
  1101    742
  1102    742
  1103    742
  1104    742
  1105    742
  1106    742
  1107    742
  1108    742
  1109    742
  1110    742
  1111    742
  1112    742
  1113    742
  1114    742
  1115    742
  1116    742
  1117    742
  1118    742
  1119    742
  1120    742
  1121    742
  1122    742
  1123    742
  1124    742
  1125    742
  1126    742
  1127    742
  1128    742
  1129    742
  1130    742
  1131    742
  1132    742
  1133    742
  1134    742
  1135    742
  1136    742
  1137    742
  1138    742
  1139    742
  1140    742
  1141    742
  1142    742
  1143    742
  1144    742
  1145    742
  1146    742
  1147    742
  1148    742
  1149    742
  1150    742
  1151    742
  1152    742
  1153    742
  1154    742
  1155    742
  1156    742
  1157    742
  1158    742
  1159    742
  1107    743
  1108    743
  1109    743
  1110    743
  1111    743
  1112    743
  1113    743
  1114    743
  1115    743
  1116    743
  1117    743
  1118    743
  1119    743
  1120    743
  1121    743
  1122    743
  1123    743
  1124    743
  1125    743
  1126    743
  1127    743
  1128    743
  1129    743
  1130    743
  1131    743
  1132    743
  1133    743
  1134    743
  1135    743
  1136    743
  1137    743
  1138    743
  1139    743
  1140    743
  1141    743
  1142    743
  1143    743
  1144    743
  1145    743
  1146    743
  1147    743
  1148    743
  1149    743
  1150    743
  1151    743
  1152    743
  1153    743
  1154    743
  1155    743
  1156    743
  1157    743
  1158    743
  1159    743
  1108    744
  1109    744
  1116    744
  1117    744
  1118    744
  1119    744
  1120    744
  1121    744
  1122    744
  1123    744
  1124    744
  1125    744
  1126    744
  1127    744
  1128    744
  1129    744
  1130    744
  1131    744
  1132    744
  1133    744
  1134    744
  1135    744
  1136    744
  1137    744
  1138    744
  1139    744
  1140    744
  1141    744
  1142    744
  1143    744
  1144    744
  1145    744
  1146    744
  1147    744
  1148    744
  1149    744
  1150    744
  1151    744
  1152    744
  1153    744
  1154    744
  1155    744
  1156    744
  1157    744
  1158    744
  1159    744
  1115    745
  1116    745
  1117    745
  1118    745
  1119    745
  1120    745
  1121    745
  1122    745
  1123    745
  1124    745
  1125    745
  1126    745
  1127    745
  1128    745
  1129    745
  1130    745
  1131    745
  1132    745
  1133    745
  1134    745
  1135    745
  1136    745
  1137    745
  1138    745
  1139    745
  1140    745
  1141    745
  1142    745
  1143    745
  1144    745
  1145    745
  1146    745
  1147    745
  1148    745
  1149    745
  1150    745
  1151    745
  1152    745
  1153    745
  1154    745
  1155    745
  1156    745
  1157    745
  1158    745
  1159    745
  1114    746
  1115    746
  1116    746
  1117    746
  1118    746
  1119    746
  1120    746
  1121    746
  1122    746
  1123    746
  1124    746
  1125    746
  1126    746
  1127    746
  1128    746
  1129    746
  1130    746
  1131    746
  1132    746
  1133    746
  1134    746
  1135    746
  1136    746
  1137    746
  1138    746
  1139    746
  1140    746
  1141    746
  1142    746
  1143    746
  1144    746
  1145    746
  1146    746
  1147    746
  1148    746
  1149    746
  1150    746
  1151    746
  1152    746
  1153    746
  1154    746
  1155    746
  1156    746
  1157    746
  1158    746
  1159    746
  1119    747
  1120    747
  1121    747
  1122    747
  1123    747
  1124    747
  1125    747
  1126    747
  1127    747
  1128    747
  1129    747
  1130    747
  1131    747
  1132    747
  1133    747
  1134    747
  1135    747
  1136    747
  1137    747
  1138    747
  1139    747
  1140    747
  1141    747
  1142    747
  1143    747
  1144    747
  1145    747
  1146    747
  1147    747
  1148    747
  1149    747
  1150    747
  1151    747
  1152    747
  1153    747
  1154    747
  1155    747
  1156    747
  1157    747
  1158    747
  1159    747
  1120    748
  1121    748
  1122    748
  1123    748
  1124    748
  1125    748
  1126    748
  1127    748
  1128    748
  1129    748
  1130    748
  1131    748
  1132    748
  1133    748
  1134    748
  1135    748
  1136    748
  1137    748
  1138    748
  1139    748
  1140    748
  1141    748
  1142    748
  1143    748
  1144    748
  1145    748
  1146    748
  1147    748
  1148    748
  1149    748
  1150    748
  1151    748
  1152    748
  1153    748
  1154    748
  1155    748
  1156    748
  1157    748
  1158    748
  1159    748
  1123    749
  1124    749
  1125    749
  1126    749
  1127    749
  1128    749
  1129    749
  1130    749
  1131    749
  1132    749
  1133    749
  1134    749
  1135    749
  1136    749
  1137    749
  1138    749
  1139    749
  1140    749
  1141    749
  1142    749
  1143    749
  1144    749
  1145    749
  1146    749
  1147    749
  1148    749
  1149    749
  1150    749
  1151    749
  1152    749
  1153    749
  1154    749
  1155    749
  1156    749
  1157    749
  1158    749
  1159    749
  1127    750
  1128    750
  1129    750
  1130    750
  1131    750
  1132    750
  1133    750
  1134    750
  1135    750
  1136    750
  1137    750
  1138    750
  1139    750
  1140    750
  1141    750
  1142    750
  1143    750
  1144    750
  1145    750
  1146    750
  1147    750
  1148    750
  1149    750
  1150    750
  1151    750
  1152    750
  1153    750
  1154    750
  1155    750
  1156    750
  1157    750
  1158    750
  1159    750
  1134    751
  1135    751
  1136    751
  1137    751
  1138    751
  1139    751
  1140    751
  1141    751
  1142    751
  1143    751
  1144    751
  1145    751
  1146    751
  1147    751
  1148    751
  1149    751
  1150    751
  1151    751
  1152    751
  1153    751
  1154    751
  1155    751
  1156    751
  1157    751
  1158    751
  1159    751
  1137    752
  1138    752
  1139    752
  1140    752
  1141    752
  1142    752
  1144    752
  1145    752
  1146    752
  1147    752
  1148    752
  1149    752
  1150    752
  1151    752
  1152    752
  1153    752
  1154    752
  1155    752
  1156    752
  1157    752
  1158    752
  1159    752
  1142    753
  1143    753
  1144    753
  1145    753
  1146    753
  1147    753
  1148    753
  1149    753
  1150    753
  1151    753
  1152    753
  1153    753
  1154    753
  1155    753
  1156    753
  1157    753
  1158    753
  1159    753
  1145    754
  1146    754
  1147    754
  1148    754
  1149    754
  1150    754
  1151    754
  1152    754
  1153    754
  1154    754
  1155    754
  1156    754
  1157    754
  1158    754
  1159    754
  1150    755
  1151    755
  1152    755
  1153    755
  1154    755
  1155    755
  1156    755
  1157    755
  1158    755
  1159    755
  1155    756
  1156    756
  1157    756
  1158    756
  1159    756
