   877    587
   878    587
   879    587
   880    587
   881    587
   882    587
   883    587
   884    587
   877    588
   878    588
   879    588
   880    588
   881    588
   882    588
   883    588
   884    588
   885    588
   877    589
   878    589
   879    589
   880    589
   881    589
   882    589
   883    589
   884    589
   877    590
   878    590
   879    590
   880    590
   881    590
   882    590
   883    590
   884    590
   877    591
   878    591
   879    591
   880    591
   881    591
   882    591
   883    591
   884    591
   877    592
   878    592
   879    592
   880    592
   881    592
   882    592
   883    592
   884    592
   876    593
   877    593
   878    593
   879    593
   880    593
   881    593
   882    593
   883    593
   884    593
   876    594
   877    594
   878    594
   879    594
   880    594
   881    594
   882    594
   883    594
   884    594
   876    595
   877    595
   878    595
   879    595
   880    595
   881    595
   882    595
   883    595
   884    595
   876    596
   877    596
   878    596
   879    596
   880    596
   881    596
   882    596
   883    596
   876    597
   877    597
   878    597
   879    597
   880    597
   881    597
   882    597
   883    597
   884    597
   875    598
   876    598
   877    598
   878    598
   879    598
   880    598
   881    598
   882    598
   883    598
   884    598
   875    599
   876    599
   877    599
   878    599
   879    599
   880    599
   881    599
   882    599
   883    599
   875    600
   876    600
   877    600
   878    600
   879    600
   880    600
   881    600
   882    600
   883    600
   875    601
   876    601
   877    601
   878    601
   879    601
   880    601
   881    601
   882    601
   883    601
   875    602
   876    602
   877    602
   878    602
   879    602
   880    602
   881    602
   882    602
   883    602
   875    603
   876    603
   877    603
   878    603
   879    603
   880    603
   881    603
   882    603
   883    603
   875    604
   876    604
   877    604
   878    604
   879    604
   880    604
   881    604
   882    604
   883    604
   875    605
   876    605
   877    605
   878    605
   879    605
   880    605
   881    605
   882    605
   883    605
   875    606
   876    606
   877    606
   878    606
   879    606
   880    606
   881    606
   882    606
   883    606
   874    607
   875    607
   876    607
   877    607
   878    607
   879    607
   880    607
   881    607
   882    607
   883    607
   874    608
   875    608
   876    608
   877    608
   878    608
   879    608
   880    608
   881    608
   882    608
   883    608
   874    609
   875    609
   876    609
   877    609
   878    609
   879    609
   880    609
   881    609
   882    609
   883    609
   874    610
   875    610
   876    610
   877    610
   878    610
   879    610
   880    610
   881    610
   882    610
   883    610
   873    611
   874    611
   875    611
   876    611
   877    611
   878    611
   879    611
   880    611
   881    611
   882    611
   883    611
   873    612
   874    612
   875    612
   876    612
   877    612
   878    612
   879    612
   880    612
   881    612
   882    612
   883    612
   873    613
   874    613
   875    613
   876    613
   877    613
   878    613
   879    613
   880    613
   881    613
   882    613
   883    613
   873    614
   874    614
   875    614
   876    614
   877    614
   878    614
   879    614
   880    614
   881    614
   882    614
   883    614
   873    615
   874    615
   875    615
   876    615
   877    615
   878    615
   879    615
   880    615
   881    615
   882    615
   883    615
   873    616
   874    616
   875    616
   876    616
   877    616
   878    616
   879    616
   880    616
   881    616
   882    616
   883    616
   873    617
   874    617
   875    617
   876    617
   877    617
   878    617
   879    617
   880    617
   881    617
   882    617
   883    617
   872    618
   873    618
   874    618
   875    618
   876    618
   877    618
   878    618
   879    618
   880    618
   881    618
   882    618
   883    618
   872    619
   873    619
   874    619
   875    619
   876    619
   877    619
   878    619
   879    619
   880    619
   881    619
   882    619
   883    619
   872    620
   873    620
   874    620
   875    620
   876    620
   877    620
   878    620
   879    620
   880    620
   881    620
   882    620
   883    620
   872    621
   873    621
   874    621
   875    621
   876    621
   877    621
   878    621
   879    621
   880    621
   881    621
   882    621
   883    621
   852    622
   853    622
   854    622
   855    622
   856    622
   857    622
   858    622
   859    622
   872    622
   873    622
   874    622
   875    622
   876    622
   877    622
   878    622
   879    622
   880    622
   881    622
   882    622
   883    622
   892    622
   893    622
   894    622
   895    622
   896    622
   897    622
   898    622
   899    622
   900    622
   901    622
   851    623
   852    623
   853    623
   854    623
   855    623
   856    623
   857    623
   858    623
   859    623
   860    623
   861    623
   872    623
   873    623
   874    623
   875    623
   876    623
   877    623
   878    623
   879    623
   880    623
   881    623
   882    623
   893    623
   894    623
   895    623
   896    623
   897    623
   898    623
   899    623
   900    623
   901    623
   902    623
   850    624
   851    624
   852    624
   853    624
   854    624
   855    624
   856    624
   857    624
   858    624
   859    624
   860    624
   871    624
   872    624
   873    624
   874    624
   875    624
   876    624
   877    624
   878    624
   879    624
   880    624
   881    624
   882    624
   883    624
   892    624
   893    624
   894    624
   895    624
   896    624
   897    624
   898    624
   899    624
   900    624
   901    624
   902    624
   815    625
   816    625
   817    625
   818    625
   850    625
   851    625
   852    625
   853    625
   854    625
   855    625
   856    625
   857    625
   858    625
   859    625
   860    625
   871    625
   872    625
   873    625
   874    625
   875    625
   876    625
   877    625
   878    625
   879    625
   880    625
   881    625
   882    625
   891    625
   892    625
   893    625
   894    625
   895    625
   896    625
   897    625
   898    625
   899    625
   900    625
   901    625
   902    625
   814    626
   815    626
   816    626
   817    626
   818    626
   819    626
   820    626
   849    626
   850    626
   851    626
   852    626
   853    626
   854    626
   855    626
   856    626
   857    626
   858    626
   859    626
   860    626
   871    626
   872    626
   873    626
   874    626
   875    626
   876    626
   877    626
   878    626
   879    626
   880    626
   881    626
   882    626
   892    626
   893    626
   894    626
   895    626
   896    626
   897    626
   898    626
   899    626
   900    626
   901    626
   902    626
   813    627
   814    627
   815    627
   816    627
   817    627
   818    627
   819    627
   820    627
   821    627
   822    627
   823    627
   824    627
   849    627
   850    627
   851    627
   852    627
   853    627
   854    627
   855    627
   856    627
   857    627
   858    627
   859    627
   860    627
   871    627
   872    627
   873    627
   874    627
   875    627
   876    627
   877    627
   878    627
   879    627
   880    627
   881    627
   882    627
   892    627
   893    627
   894    627
   895    627
   896    627
   897    627
   898    627
   899    627
   900    627
   901    627
   902    627
   814    628
   815    628
   816    628
   817    628
   818    628
   819    628
   820    628
   821    628
   822    628
   823    628
   824    628
   825    628
   826    628
   827    628
   849    628
   850    628
   851    628
   852    628
   853    628
   854    628
   855    628
   856    628
   857    628
   858    628
   859    628
   871    628
   872    628
   873    628
   874    628
   875    628
   876    628
   877    628
   878    628
   879    628
   880    628
   881    628
   882    628
   892    628
   893    628
   894    628
   895    628
   896    628
   897    628
   898    628
   899    628
   900    628
   901    628
   902    628
   817    629
   818    629
   819    629
   820    629
   821    629
   822    629
   823    629
   824    629
   825    629
   826    629
   827    629
   828    629
   829    629
   830    629
   848    629
   849    629
   850    629
   851    629
   852    629
   853    629
   854    629
   855    629
   856    629
   857    629
   858    629
   859    629
   870    629
   871    629
   872    629
   873    629
   874    629
   875    629
   876    629
   877    629
   878    629
   879    629
   880    629
   881    629
   882    629
   892    629
   893    629
   894    629
   895    629
   896    629
   897    629
   898    629
   899    629
   900    629
   901    629
   902    629
   809    630
   810    630
   811    630
   819    630
   820    630
   821    630
   822    630
   823    630
   824    630
   825    630
   826    630
   827    630
   828    630
   829    630
   830    630
   831    630
   832    630
   833    630
   834    630
   848    630
   849    630
   850    630
   851    630
   852    630
   853    630
   854    630
   855    630
   856    630
   857    630
   858    630
   859    630
   870    630
   871    630
   872    630
   873    630
   874    630
   875    630
   876    630
   877    630
   878    630
   879    630
   880    630
   881    630
   882    630
   892    630
   893    630
   894    630
   895    630
   896    630
   897    630
   898    630
   899    630
   900    630
   901    630
   902    630
   903    630
   808    631
   809    631
   810    631
   811    631
   812    631
   813    631
   814    631
   815    631
   822    631
   823    631
   824    631
   825    631
   826    631
   827    631
   828    631
   829    631
   830    631
   831    631
   832    631
   833    631
   834    631
   835    631
   836    631
   837    631
   848    631
   849    631
   850    631
   851    631
   852    631
   853    631
   854    631
   855    631
   856    631
   857    631
   858    631
   870    631
   871    631
   872    631
   873    631
   874    631
   875    631
   876    631
   877    631
   878    631
   879    631
   880    631
   881    631
   882    631
   892    631
   893    631
   894    631
   895    631
   896    631
   897    631
   898    631
   899    631
   900    631
   901    631
   902    631
   903    631
   928    631
   929    631
   930    631
   931    631
   932    631
   933    631
   807    632
   808    632
   809    632
   810    632
   811    632
   812    632
   813    632
   814    632
   815    632
   816    632
   817    632
   818    632
   826    632
   827    632
   828    632
   829    632
   830    632
   831    632
   832    632
   833    632
   834    632
   835    632
   836    632
   837    632
   838    632
   839    632
   840    632
   847    632
   848    632
   849    632
   850    632
   851    632
   852    632
   853    632
   854    632
   855    632
   856    632
   857    632
   858    632
   870    632
   871    632
   872    632
   873    632
   874    632
   875    632
   876    632
   877    632
   878    632
   879    632
   880    632
   881    632
   892    632
   893    632
   894    632
   895    632
   896    632
   897    632
   898    632
   899    632
   900    632
   901    632
   902    632
   903    632
   925    632
   926    632
   927    632
   928    632
   929    632
   930    632
   931    632
   932    632
   806    633
   807    633
   808    633
   809    633
   810    633
   811    633
   812    633
   813    633
   814    633
   815    633
   816    633
   817    633
   818    633
   819    633
   820    633
   828    633
   829    633
   830    633
   831    633
   832    633
   833    633
   834    633
   835    633
   836    633
   837    633
   838    633
   839    633
   840    633
   841    633
   842    633
   847    633
   848    633
   849    633
   850    633
   851    633
   852    633
   853    633
   854    633
   855    633
   856    633
   857    633
   858    633
   870    633
   871    633
   872    633
   873    633
   874    633
   875    633
   876    633
   877    633
   878    633
   879    633
   880    633
   881    633
   882    633
   892    633
   893    633
   894    633
   895    633
   896    633
   897    633
   898    633
   899    633
   900    633
   901    633
   902    633
   903    633
   904    633
   922    633
   923    633
   924    633
   925    633
   926    633
   927    633
   928    633
   929    633
   930    633
   931    633
   807    634
   808    634
   809    634
   810    634
   811    634
   812    634
   813    634
   814    634
   815    634
   816    634
   817    634
   818    634
   819    634
   820    634
   821    634
   822    634
   823    634
   831    634
   832    634
   833    634
   834    634
   835    634
   836    634
   837    634
   838    634
   839    634
   840    634
   841    634
   842    634
   843    634
   844    634
   845    634
   846    634
   847    634
   848    634
   849    634
   850    634
   851    634
   852    634
   853    634
   854    634
   855    634
   856    634
   857    634
   858    634
   870    634
   871    634
   872    634
   873    634
   874    634
   875    634
   876    634
   877    634
   878    634
   879    634
   880    634
   881    634
   882    634
   892    634
   893    634
   894    634
   895    634
   896    634
   897    634
   898    634
   899    634
   900    634
   901    634
   902    634
   903    634
   904    634
   918    634
   919    634
   920    634
   921    634
   922    634
   923    634
   924    634
   925    634
   926    634
   927    634
   928    634
   929    634
   930    634
   809    635
   810    635
   811    635
   812    635
   813    635
   814    635
   815    635
   816    635
   817    635
   818    635
   819    635
   820    635
   821    635
   822    635
   823    635
   824    635
   825    635
   833    635
   834    635
   835    635
   836    635
   837    635
   838    635
   839    635
   840    635
   841    635
   842    635
   843    635
   844    635
   845    635
   846    635
   847    635
   848    635
   849    635
   850    635
   851    635
   852    635
   853    635
   854    635
   855    635
   856    635
   857    635
   858    635
   870    635
   871    635
   872    635
   873    635
   874    635
   875    635
   876    635
   877    635
   878    635
   879    635
   880    635
   881    635
   882    635
   892    635
   893    635
   894    635
   895    635
   896    635
   897    635
   898    635
   899    635
   900    635
   901    635
   902    635
   903    635
   904    635
   915    635
   916    635
   917    635
   918    635
   919    635
   920    635
   921    635
   922    635
   923    635
   924    635
   925    635
   926    635
   927    635
   928    635
   811    636
   812    636
   813    636
   814    636
   815    636
   816    636
   817    636
   818    636
   819    636
   820    636
   821    636
   822    636
   823    636
   824    636
   825    636
   826    636
   827    636
   835    636
   836    636
   837    636
   838    636
   839    636
   840    636
   841    636
   842    636
   843    636
   844    636
   845    636
   846    636
   847    636
   848    636
   849    636
   850    636
   851    636
   852    636
   853    636
   854    636
   855    636
   856    636
   857    636
   869    636
   870    636
   871    636
   872    636
   873    636
   874    636
   875    636
   876    636
   877    636
   878    636
   879    636
   880    636
   881    636
   892    636
   893    636
   894    636
   895    636
   896    636
   897    636
   898    636
   899    636
   900    636
   901    636
   902    636
   903    636
   904    636
   912    636
   913    636
   914    636
   915    636
   916    636
   917    636
   918    636
   919    636
   920    636
   921    636
   922    636
   923    636
   924    636
   925    636
   801    637
   802    637
   814    637
   815    637
   816    637
   817    637
   818    637
   819    637
   820    637
   821    637
   822    637
   823    637
   824    637
   825    637
   826    637
   827    637
   828    637
   838    637
   839    637
   840    637
   841    637
   842    637
   843    637
   844    637
   845    637
   846    637
   847    637
   848    637
   849    637
   850    637
   851    637
   852    637
   853    637
   854    637
   855    637
   856    637
   857    637
   869    637
   870    637
   871    637
   872    637
   873    637
   874    637
   875    637
   876    637
   877    637
   878    637
   879    637
   880    637
   881    637
   892    637
   893    637
   894    637
   895    637
   896    637
   897    637
   898    637
   899    637
   900    637
   901    637
   902    637
   903    637
   904    637
   910    637
   911    637
   912    637
   913    637
   914    637
   915    637
   916    637
   917    637
   918    637
   919    637
   920    637
   921    637
   922    637
   923    637
   800    638
   801    638
   802    638
   803    638
   804    638
   815    638
   816    638
   817    638
   818    638
   819    638
   820    638
   821    638
   822    638
   823    638
   824    638
   825    638
   826    638
   827    638
   828    638
   829    638
   830    638
   840    638
   841    638
   842    638
   843    638
   844    638
   845    638
   846    638
   847    638
   848    638
   849    638
   850    638
   851    638
   852    638
   853    638
   854    638
   855    638
   856    638
   857    638
   869    638
   870    638
   871    638
   872    638
   873    638
   874    638
   875    638
   876    638
   877    638
   878    638
   879    638
   880    638
   881    638
   882    638
   893    638
   894    638
   895    638
   896    638
   897    638
   898    638
   899    638
   900    638
   901    638
   902    638
   903    638
   904    638
   911    638
   912    638
   913    638
   914    638
   915    638
   916    638
   917    638
   918    638
   919    638
   920    638
   921    638
   799    639
   800    639
   801    639
   802    639
   803    639
   817    639
   818    639
   819    639
   820    639
   821    639
   822    639
   823    639
   824    639
   825    639
   826    639
   827    639
   828    639
   829    639
   830    639
   831    639
   832    639
   842    639
   843    639
   844    639
   845    639
   846    639
   847    639
   848    639
   849    639
   850    639
   851    639
   852    639
   853    639
   854    639
   855    639
   856    639
   869    639
   870    639
   871    639
   872    639
   873    639
   874    639
   875    639
   876    639
   877    639
   878    639
   879    639
   880    639
   881    639
   882    639
   893    639
   894    639
   895    639
   896    639
   897    639
   898    639
   899    639
   900    639
   901    639
   902    639
   903    639
   904    639
   909    639
   910    639
   911    639
   912    639
   913    639
   914    639
   915    639
   916    639
   917    639
   918    639
   797    640
   798    640
   799    640
   800    640
   801    640
   802    640
   803    640
   804    640
   819    640
   820    640
   821    640
   822    640
   823    640
   824    640
   825    640
   826    640
   827    640
   828    640
   829    640
   830    640
   831    640
   832    640
   833    640
   834    640
   869    640
   870    640
   871    640
   872    640
   873    640
   874    640
   875    640
   876    640
   877    640
   878    640
   879    640
   880    640
   881    640
   882    640
   924    640
   925    640
   926    640
   927    640
   928    640
   821    641
   822    641
   823    641
   824    641
   825    641
   826    641
   827    641
   828    641
   829    641
   830    641
   831    641
   832    641
   833    641
   834    641
   835    641
   836    641
   869    641
   870    641
   871    641
   872    641
   873    641
   874    641
   875    641
   876    641
   877    641
   878    641
   879    641
   880    641
   881    641
   882    641
   922    641
   923    641
   924    641
   925    641
   926    641
   927    641
   928    641
   823    642
   824    642
   825    642
   826    642
   827    642
   828    642
   829    642
   830    642
   831    642
   832    642
   833    642
   834    642
   835    642
   836    642
   837    642
   838    642
   869    642
   870    642
   871    642
   872    642
   873    642
   874    642
   875    642
   876    642
   877    642
   878    642
   879    642
   880    642
   881    642
   882    642
   919    642
   920    642
   921    642
   922    642
   923    642
   924    642
   925    642
   926    642
   927    642
   824    643
   825    643
   826    643
   827    643
   828    643
   829    643
   830    643
   831    643
   832    643
   833    643
   834    643
   835    643
   836    643
   837    643
   838    643
   839    643
   869    643
   870    643
   871    643
   872    643
   873    643
   874    643
   875    643
   876    643
   877    643
   878    643
   879    643
   880    643
   881    643
   917    643
   918    643
   919    643
   920    643
   921    643
   922    643
   923    643
   924    643
   925    643
   926    643
   826    644
   827    644
   828    644
   829    644
   830    644
   831    644
   832    644
   833    644
   834    644
   835    644
   836    644
   837    644
   838    644
   839    644
   840    644
   869    644
   870    644
   871    644
   872    644
   873    644
   874    644
   875    644
   876    644
   877    644
   878    644
   879    644
   880    644
   881    644
   882    644
   915    644
   916    644
   917    644
   918    644
   919    644
   920    644
   921    644
   922    644
   923    644
   924    644
   925    644
   926    644
   827    645
   828    645
   829    645
   830    645
   831    645
   832    645
   833    645
   834    645
   835    645
   836    645
   837    645
   838    645
   839    645
   840    645
   841    645
   842    645
   868    645
   869    645
   870    645
   871    645
   872    645
   873    645
   874    645
   875    645
   876    645
   877    645
   878    645
   879    645
   880    645
   881    645
   882    645
   912    645
   913    645
   914    645
   915    645
   916    645
   917    645
   918    645
   919    645
   920    645
   921    645
   922    645
   923    645
   924    645
   925    645
   828    646
   829    646
   830    646
   831    646
   832    646
   833    646
   834    646
   835    646
   836    646
   837    646
   838    646
   839    646
   840    646
   841    646
   842    646
   843    646
   868    646
   869    646
   870    646
   871    646
   872    646
   873    646
   874    646
   875    646
   876    646
   877    646
   878    646
   879    646
   880    646
   881    646
   882    646
   910    646
   911    646
   912    646
   913    646
   914    646
   915    646
   916    646
   917    646
   918    646
   919    646
   920    646
   921    646
   922    646
   923    646
   809    647
   810    647
   811    647
   812    647
   813    647
   814    647
   815    647
   816    647
   817    647
   818    647
   830    647
   831    647
   832    647
   833    647
   834    647
   835    647
   836    647
   837    647
   838    647
   839    647
   840    647
   841    647
   842    647
   843    647
   844    647
   845    647
   868    647
   869    647
   870    647
   871    647
   872    647
   873    647
   874    647
   875    647
   876    647
   877    647
   878    647
   879    647
   880    647
   881    647
   882    647
   908    647
   909    647
   910    647
   911    647
   912    647
   913    647
   914    647
   915    647
   916    647
   917    647
   918    647
   919    647
   920    647
   921    647
   922    647
   923    647
   809    648
   810    648
   811    648
   812    648
   813    648
   814    648
   815    648
   816    648
   817    648
   818    648
   819    648
   831    648
   832    648
   833    648
   834    648
   835    648
   836    648
   837    648
   838    648
   839    648
   840    648
   841    648
   842    648
   843    648
   844    648
   845    648
   846    648
   868    648
   869    648
   870    648
   871    648
   872    648
   873    648
   874    648
   875    648
   876    648
   877    648
   878    648
   879    648
   880    648
   881    648
   882    648
   906    648
   907    648
   908    648
   909    648
   910    648
   911    648
   912    648
   913    648
   914    648
   915    648
   916    648
   917    648
   918    648
   919    648
   920    648
   921    648
   808    649
   809    649
   810    649
   811    649
   812    649
   813    649
   814    649
   815    649
   816    649
   817    649
   818    649
   819    649
   820    649
   821    649
   832    649
   833    649
   834    649
   835    649
   836    649
   837    649
   838    649
   839    649
   840    649
   841    649
   842    649
   843    649
   844    649
   845    649
   846    649
   847    649
   868    649
   869    649
   870    649
   871    649
   872    649
   873    649
   874    649
   875    649
   876    649
   877    649
   878    649
   879    649
   880    649
   881    649
   882    649
   905    649
   906    649
   907    649
   908    649
   909    649
   910    649
   911    649
   912    649
   913    649
   914    649
   915    649
   916    649
   917    649
   918    649
   919    649
   920    649
   808    650
   809    650
   810    650
   811    650
   812    650
   813    650
   814    650
   815    650
   816    650
   817    650
   818    650
   819    650
   820    650
   821    650
   822    650
   833    650
   834    650
   835    650
   836    650
   837    650
   838    650
   839    650
   840    650
   841    650
   842    650
   843    650
   844    650
   845    650
   846    650
   847    650
   848    650
   849    650
   867    650
   868    650
   869    650
   870    650
   871    650
   872    650
   873    650
   874    650
   875    650
   876    650
   877    650
   878    650
   879    650
   880    650
   881    650
   882    650
   903    650
   904    650
   905    650
   906    650
   907    650
   908    650
   909    650
   910    650
   911    650
   912    650
   913    650
   914    650
   915    650
   916    650
   917    650
   918    650
   919    650
   809    651
   810    651
   811    651
   812    651
   813    651
   814    651
   815    651
   816    651
   817    651
   818    651
   819    651
   820    651
   821    651
   822    651
   823    651
   835    651
   836    651
   837    651
   838    651
   839    651
   840    651
   841    651
   842    651
   843    651
   844    651
   845    651
   846    651
   847    651
   848    651
   849    651
   850    651
   867    651
   868    651
   869    651
   870    651
   871    651
   872    651
   873    651
   874    651
   875    651
   876    651
   877    651
   878    651
   879    651
   880    651
   881    651
   882    651
   901    651
   902    651
   903    651
   904    651
   905    651
   906    651
   907    651
   908    651
   909    651
   910    651
   911    651
   912    651
   913    651
   914    651
   915    651
   916    651
   917    651
   810    652
   811    652
   812    652
   813    652
   814    652
   815    652
   816    652
   817    652
   818    652
   819    652
   820    652
   821    652
   822    652
   823    652
   824    652
   835    652
   836    652
   837    652
   838    652
   839    652
   840    652
   841    652
   842    652
   843    652
   844    652
   845    652
   846    652
   847    652
   848    652
   849    652
   850    652
   851    652
   867    652
   868    652
   869    652
   870    652
   871    652
   872    652
   873    652
   874    652
   875    652
   876    652
   877    652
   878    652
   879    652
   880    652
   881    652
   900    652
   901    652
   902    652
   903    652
   904    652
   905    652
   906    652
   907    652
   908    652
   909    652
   910    652
   911    652
   912    652
   913    652
   914    652
   915    652
   811    653
   812    653
   813    653
   814    653
   815    653
   816    653
   817    653
   818    653
   819    653
   820    653
   821    653
   822    653
   823    653
   824    653
   825    653
   837    653
   838    653
   839    653
   840    653
   841    653
   842    653
   843    653
   844    653
   845    653
   846    653
   847    653
   848    653
   849    653
   850    653
   851    653
   852    653
   867    653
   868    653
   869    653
   870    653
   871    653
   872    653
   873    653
   874    653
   875    653
   876    653
   877    653
   878    653
   879    653
   880    653
   881    653
   898    653
   899    653
   900    653
   901    653
   902    653
   903    653
   904    653
   905    653
   906    653
   907    653
   908    653
   909    653
   910    653
   911    653
   912    653
   913    653
   914    653
   812    654
   813    654
   814    654
   815    654
   816    654
   817    654
   818    654
   819    654
   820    654
   821    654
   822    654
   823    654
   824    654
   825    654
   826    654
   837    654
   838    654
   839    654
   840    654
   841    654
   842    654
   843    654
   844    654
   845    654
   846    654
   847    654
   848    654
   849    654
   850    654
   851    654
   852    654
   853    654
   867    654
   868    654
   869    654
   870    654
   871    654
   872    654
   873    654
   874    654
   875    654
   876    654
   877    654
   878    654
   879    654
   880    654
   881    654
   896    654
   897    654
   898    654
   899    654
   900    654
   901    654
   902    654
   903    654
   904    654
   905    654
   906    654
   907    654
   908    654
   909    654
   910    654
   911    654
   912    654
   813    655
   814    655
   815    655
   816    655
   817    655
   818    655
   819    655
   820    655
   821    655
   822    655
   823    655
   824    655
   825    655
   826    655
   827    655
   838    655
   839    655
   840    655
   841    655
   842    655
   843    655
   844    655
   845    655
   846    655
   847    655
   848    655
   849    655
   850    655
   851    655
   852    655
   853    655
   854    655
   867    655
   868    655
   869    655
   870    655
   871    655
   872    655
   873    655
   874    655
   875    655
   876    655
   877    655
   878    655
   879    655
   880    655
   881    655
   895    655
   896    655
   897    655
   898    655
   899    655
   900    655
   901    655
   902    655
   903    655
   904    655
   905    655
   906    655
   907    655
   908    655
   909    655
   910    655
   911    655
   814    656
   815    656
   816    656
   817    656
   818    656
   819    656
   820    656
   821    656
   822    656
   823    656
   824    656
   825    656
   826    656
   827    656
   828    656
   839    656
   840    656
   841    656
   842    656
   843    656
   844    656
   845    656
   846    656
   847    656
   848    656
   849    656
   850    656
   851    656
   852    656
   853    656
   854    656
   855    656
   867    656
   868    656
   869    656
   870    656
   871    656
   872    656
   873    656
   874    656
   875    656
   876    656
   877    656
   878    656
   879    656
   880    656
   881    656
   882    656
   894    656
   895    656
   896    656
   897    656
   898    656
   899    656
   900    656
   901    656
   902    656
   903    656
   904    656
   905    656
   906    656
   907    656
   908    656
   909    656
   910    656
   814    657
   815    657
   816    657
   817    657
   818    657
   819    657
   820    657
   821    657
   822    657
   823    657
   824    657
   825    657
   826    657
   827    657
   828    657
   840    657
   841    657
   842    657
   843    657
   844    657
   845    657
   846    657
   847    657
   848    657
   849    657
   850    657
   851    657
   852    657
   853    657
   854    657
   855    657
   866    657
   867    657
   868    657
   869    657
   870    657
   871    657
   872    657
   873    657
   874    657
   875    657
   876    657
   877    657
   878    657
   879    657
   880    657
   881    657
   882    657
   892    657
   893    657
   894    657
   895    657
   896    657
   897    657
   898    657
   899    657
   900    657
   901    657
   902    657
   903    657
   904    657
   905    657
   906    657
   907    657
   908    657
   815    658
   816    658
   817    658
   818    658
   819    658
   820    658
   821    658
   822    658
   823    658
   824    658
   825    658
   826    658
   827    658
   828    658
   829    658
   841    658
   842    658
   843    658
   844    658
   845    658
   846    658
   847    658
   848    658
   849    658
   850    658
   851    658
   852    658
   853    658
   854    658
   855    658
   856    658
   866    658
   867    658
   868    658
   869    658
   870    658
   871    658
   872    658
   873    658
   874    658
   875    658
   876    658
   877    658
   878    658
   879    658
   880    658
   881    658
   882    658
   891    658
   892    658
   893    658
   894    658
   895    658
   896    658
   897    658
   898    658
   899    658
   900    658
   901    658
   902    658
   903    658
   904    658
   905    658
   906    658
   907    658
   815    659
   816    659
   817    659
   818    659
   819    659
   820    659
   821    659
   822    659
   823    659
   824    659
   825    659
   826    659
   827    659
   828    659
   829    659
   830    659
   842    659
   843    659
   844    659
   845    659
   846    659
   847    659
   848    659
   849    659
   850    659
   851    659
   852    659
   853    659
   854    659
   855    659
   856    659
   857    659
   866    659
   867    659
   868    659
   869    659
   870    659
   871    659
   872    659
   873    659
   874    659
   875    659
   876    659
   877    659
   878    659
   879    659
   880    659
   881    659
   890    659
   891    659
   892    659
   893    659
   894    659
   895    659
   896    659
   897    659
   898    659
   899    659
   900    659
   901    659
   902    659
   903    659
   904    659
   905    659
   906    659
   816    660
   817    660
   818    660
   819    660
   820    660
   821    660
   822    660
   823    660
   824    660
   825    660
   826    660
   827    660
   828    660
   829    660
   830    660
   831    660
   843    660
   844    660
   845    660
   846    660
   847    660
   848    660
   849    660
   850    660
   851    660
   852    660
   853    660
   854    660
   855    660
   856    660
   857    660
   858    660
   866    660
   867    660
   868    660
   869    660
   870    660
   871    660
   872    660
   873    660
   874    660
   875    660
   876    660
   877    660
   878    660
   879    660
   880    660
   881    660
   889    660
   890    660
   891    660
   892    660
   893    660
   894    660
   895    660
   896    660
   897    660
   898    660
   899    660
   900    660
   901    660
   902    660
   903    660
   904    660
   905    660
   817    661
   818    661
   819    661
   820    661
   821    661
   822    661
   823    661
   824    661
   825    661
   826    661
   827    661
   828    661
   829    661
   830    661
   831    661
   844    661
   845    661
   846    661
   847    661
   848    661
   849    661
   850    661
   851    661
   852    661
   853    661
   854    661
   855    661
   856    661
   857    661
   858    661
   859    661
   860    661
   866    661
   867    661
   868    661
   869    661
   870    661
   871    661
   872    661
   873    661
   874    661
   875    661
   876    661
   877    661
   878    661
   879    661
   880    661
   881    661
   888    661
   889    661
   890    661
   891    661
   892    661
   893    661
   894    661
   895    661
   896    661
   897    661
   898    661
   899    661
   900    661
   901    661
   902    661
   903    661
   904    661
   817    662
   818    662
   819    662
   820    662
   821    662
   822    662
   823    662
   824    662
   825    662
   826    662
   827    662
   828    662
   829    662
   830    662
   831    662
   832    662
   845    662
   846    662
   847    662
   848    662
   849    662
   850    662
   851    662
   852    662
   853    662
   854    662
   855    662
   856    662
   857    662
   858    662
   859    662
   860    662
   866    662
   867    662
   868    662
   869    662
   870    662
   871    662
   872    662
   873    662
   874    662
   875    662
   876    662
   877    662
   878    662
   879    662
   880    662
   881    662
   886    662
   887    662
   888    662
   889    662
   890    662
   891    662
   892    662
   893    662
   894    662
   895    662
   896    662
   897    662
   898    662
   899    662
   900    662
   901    662
   902    662
   903    662
   817    663
   818    663
   819    663
   820    663
   821    663
   822    663
   823    663
   824    663
   825    663
   826    663
   827    663
   828    663
   829    663
   830    663
   831    663
   832    663
   833    663
   846    663
   847    663
   848    663
   849    663
   850    663
   851    663
   852    663
   853    663
   854    663
   855    663
   856    663
   857    663
   858    663
   859    663
   860    663
   861    663
   866    663
   867    663
   868    663
   869    663
   870    663
   871    663
   872    663
   873    663
   874    663
   875    663
   876    663
   877    663
   878    663
   879    663
   880    663
   881    663
   885    663
   886    663
   887    663
   888    663
   889    663
   890    663
   891    663
   892    663
   893    663
   894    663
   895    663
   896    663
   897    663
   898    663
   899    663
   900    663
   901    663
   902    663
   818    664
   819    664
   820    664
   821    664
   822    664
   823    664
   824    664
   825    664
   826    664
   827    664
   828    664
   829    664
   830    664
   831    664
   832    664
   833    664
   847    664
   848    664
   849    664
   850    664
   851    664
   852    664
   853    664
   854    664
   855    664
   856    664
   857    664
   858    664
   859    664
   860    664
   861    664
   862    664
   866    664
   867    664
   868    664
   869    664
   870    664
   871    664
   872    664
   873    664
   874    664
   875    664
   876    664
   877    664
   878    664
   879    664
   880    664
   881    664
   884    664
   885    664
   886    664
   887    664
   888    664
   889    664
   890    664
   891    664
   892    664
   893    664
   894    664
   895    664
   896    664
   897    664
   898    664
   899    664
   900    664
   819    665
   820    665
   821    665
   822    665
   823    665
   824    665
   825    665
   826    665
   827    665
   828    665
   829    665
   830    665
   831    665
   832    665
   833    665
   834    665
   847    665
   848    665
   849    665
   850    665
   851    665
   852    665
   853    665
   854    665
   855    665
   856    665
   857    665
   858    665
   859    665
   860    665
   861    665
   862    665
   863    665
   866    665
   867    665
   868    665
   869    665
   870    665
   871    665
   872    665
   873    665
   874    665
   875    665
   876    665
   877    665
   878    665
   879    665
   880    665
   881    665
   883    665
   884    665
   885    665
   886    665
   887    665
   888    665
   889    665
   890    665
   891    665
   892    665
   893    665
   894    665
   895    665
   896    665
   897    665
   898    665
   899    665
   819    666
   820    666
   821    666
   822    666
   823    666
   824    666
   825    666
   826    666
   827    666
   828    666
   829    666
   830    666
   831    666
   832    666
   833    666
   834    666
   848    666
   849    666
   850    666
   851    666
   852    666
   853    666
   854    666
   855    666
   856    666
   857    666
   858    666
   859    666
   860    666
   861    666
   862    666
   863    666
   864    666
   865    666
   866    666
   867    666
   868    666
   869    666
   870    666
   871    666
   872    666
   873    666
   874    666
   875    666
   876    666
   877    666
   878    666
   879    666
   880    666
   881    666
   882    666
   883    666
   884    666
   885    666
   886    666
   887    666
   888    666
   889    666
   890    666
   891    666
   892    666
   893    666
   894    666
   895    666
   896    666
   897    666
   898    666
   819    667
   820    667
   821    667
   822    667
   823    667
   824    667
   825    667
   826    667
   827    667
   828    667
   829    667
   830    667
   831    667
   832    667
   833    667
   834    667
   835    667
   849    667
   850    667
   851    667
   852    667
   853    667
   854    667
   855    667
   856    667
   857    667
   858    667
   859    667
   860    667
   861    667
   862    667
   863    667
   864    667
   865    667
   866    667
   867    667
   868    667
   869    667
   870    667
   871    667
   872    667
   873    667
   874    667
   875    667
   876    667
   877    667
   878    667
   879    667
   880    667
   881    667
   882    667
   883    667
   884    667
   885    667
   886    667
   887    667
   888    667
   889    667
   890    667
   891    667
   892    667
   893    667
   894    667
   895    667
   896    667
   897    667
   898    667
   820    668
   821    668
   822    668
   823    668
   824    668
   825    668
   826    668
   827    668
   828    668
   829    668
   830    668
   831    668
   832    668
   833    668
   834    668
   835    668
   850    668
   851    668
   852    668
   853    668
   854    668
   855    668
   856    668
   857    668
   858    668
   859    668
   860    668
   861    668
   862    668
   863    668
   864    668
   865    668
   866    668
   867    668
   868    668
   869    668
   870    668
   871    668
   872    668
   873    668
   874    668
   875    668
   876    668
   877    668
   878    668
   879    668
   880    668
   881    668
   882    668
   883    668
   884    668
   885    668
   886    668
   887    668
   888    668
   889    668
   890    668
   891    668
   892    668
   893    668
   894    668
   895    668
   896    668
   897    668
   820    669
   821    669
   822    669
   823    669
   824    669
   825    669
   826    669
   827    669
   828    669
   829    669
   830    669
   831    669
   832    669
   833    669
   834    669
   835    669
   836    669
   850    669
   851    669
   852    669
   853    669
   854    669
   855    669
   856    669
   857    669
   858    669
   859    669
   860    669
   861    669
   862    669
   863    669
   864    669
   865    669
   866    669
   867    669
   868    669
   869    669
   870    669
   871    669
   872    669
   873    669
   874    669
   875    669
   876    669
   877    669
   878    669
   879    669
   880    669
   881    669
   882    669
   883    669
   884    669
   885    669
   886    669
   887    669
   888    669
   889    669
   890    669
   891    669
   892    669
   893    669
   894    669
   895    669
   896    669
   820    670
   821    670
   822    670
   823    670
   824    670
   825    670
   826    670
   827    670
   828    670
   829    670
   830    670
   831    670
   832    670
   833    670
   834    670
   835    670
   836    670
   851    670
   852    670
   853    670
   854    670
   855    670
   856    670
   857    670
   858    670
   859    670
   860    670
   861    670
   862    670
   863    670
   864    670
   865    670
   866    670
   867    670
   868    670
   869    670
   870    670
   871    670
   872    670
   873    670
   874    670
   875    670
   876    670
   877    670
   878    670
   879    670
   880    670
   881    670
   882    670
   883    670
   884    670
   885    670
   886    670
   887    670
   888    670
   889    670
   890    670
   891    670
   892    670
   893    670
   894    670
   895    670
   821    671
   822    671
   823    671
   824    671
   825    671
   826    671
   827    671
   828    671
   829    671
   830    671
   831    671
   832    671
   833    671
   834    671
   835    671
   836    671
   837    671
   852    671
   853    671
   854    671
   855    671
   856    671
   857    671
   858    671
   859    671
   860    671
   861    671
   862    671
   863    671
   864    671
   865    671
   866    671
   867    671
   868    671
   869    671
   870    671
   871    671
   872    671
   873    671
   874    671
   875    671
   876    671
   877    671
   878    671
   879    671
   880    671
   881    671
   882    671
   883    671
   884    671
   885    671
   886    671
   887    671
   888    671
   889    671
   890    671
   891    671
   892    671
   893    671
   894    671
   895    671
   821    672
   822    672
   823    672
   824    672
   825    672
   826    672
   827    672
   828    672
   829    672
   830    672
   831    672
   832    672
   833    672
   834    672
   835    672
   836    672
   837    672
   852    672
   853    672
   854    672
   855    672
   856    672
   857    672
   858    672
   859    672
   860    672
   861    672
   862    672
   863    672
   864    672
   865    672
   866    672
   867    672
   868    672
   869    672
   870    672
   871    672
   872    672
   873    672
   874    672
   875    672
   876    672
   877    672
   878    672
   879    672
   880    672
   881    672
   882    672
   883    672
   884    672
   885    672
   886    672
   887    672
   888    672
   889    672
   890    672
   891    672
   892    672
   893    672
   894    672
   820    673
   821    673
   822    673
   823    673
   824    673
   825    673
   826    673
   827    673
   828    673
   829    673
   830    673
   831    673
   832    673
   833    673
   834    673
   835    673
   836    673
   837    673
   853    673
   854    673
   855    673
   856    673
   857    673
   858    673
   859    673
   860    673
   861    673
   862    673
   863    673
   864    673
   865    673
   866    673
   867    673
   868    673
   869    673
   870    673
   871    673
   872    673
   873    673
   874    673
   875    673
   876    673
   877    673
   878    673
   879    673
   880    673
   881    673
   882    673
   883    673
   884    673
   885    673
   886    673
   887    673
   888    673
   889    673
   890    673
   891    673
   892    673
   893    673
   821    674
   822    674
   823    674
   824    674
   825    674
   826    674
   827    674
   828    674
   829    674
   830    674
   831    674
   832    674
   833    674
   834    674
   835    674
   836    674
   837    674
   838    674
   854    674
   855    674
   856    674
   857    674
   858    674
   859    674
   860    674
   861    674
   862    674
   863    674
   864    674
   865    674
   866    674
   867    674
   868    674
   869    674
   870    674
   871    674
   872    674
   873    674
   874    674
   875    674
   876    674
   877    674
   878    674
   879    674
   880    674
   881    674
   882    674
   883    674
   884    674
   885    674
   886    674
   887    674
   888    674
   889    674
   890    674
   891    674
   892    674
   893    674
   821    675
   822    675
   823    675
   824    675
   825    675
   826    675
   827    675
   828    675
   829    675
   830    675
   831    675
   832    675
   833    675
   834    675
   835    675
   836    675
   837    675
   838    675
   854    675
   855    675
   856    675
   857    675
   858    675
   859    675
   860    675
   861    675
   862    675
   863    675
   864    675
   865    675
   866    675
   867    675
   868    675
   869    675
   870    675
   871    675
   872    675
   873    675
   874    675
   875    675
   876    675
   877    675
   878    675
   879    675
   880    675
   881    675
   882    675
   883    675
   884    675
   885    675
   886    675
   887    675
   888    675
   889    675
   890    675
   891    675
   892    675
   822    676
   823    676
   824    676
   825    676
   826    676
   827    676
   828    676
   829    676
   830    676
   831    676
   832    676
   833    676
   834    676
   835    676
   836    676
   837    676
   854    676
   855    676
   856    676
   857    676
   858    676
   859    676
   860    676
   861    676
   862    676
   863    676
   864    676
   865    676
   866    676
   867    676
   868    676
   869    676
   870    676
   871    676
   872    676
   873    676
   874    676
   875    676
   876    676
   877    676
   878    676
   879    676
   880    676
   881    676
   882    676
   883    676
   884    676
   885    676
   886    676
   887    676
   888    676
   889    676
   890    676
   891    676
   892    676
   854    677
   855    677
   856    677
   857    677
   858    677
   859    677
   860    677
   861    677
   862    677
   863    677
   864    677
   865    677
   866    677
   867    677
   868    677
   869    677
   870    677
   871    677
   872    677
   873    677
   874    677
   875    677
   876    677
   877    677
   878    677
   879    677
   880    677
   881    677
   882    677
   883    677
   884    677
   885    677
   886    677
   887    677
   888    677
   889    677
   890    677
   855    678
   856    678
   857    678
   858    678
   859    678
   860    678
   861    678
   862    678
   863    678
   864    678
   865    678
   866    678
   867    678
   868    678
   869    678
   870    678
   871    678
   872    678
   873    678
   874    678
   875    678
   876    678
   877    678
   878    678
   879    678
   880    678
   881    678
   882    678
   883    678
   884    678
   885    678
   886    678
   887    678
   888    678
   889    678
   890    678
   855    679
   856    679
   857    679
   858    679
   859    679
   860    679
   861    679
   862    679
   863    679
   864    679
   865    679
   866    679
   867    679
   868    679
   869    679
   870    679
   871    679
   872    679
   873    679
   874    679
   875    679
   876    679
   877    679
   878    679
   879    679
   880    679
   881    679
   882    679
   883    679
   884    679
   885    679
   886    679
   887    679
   888    679
   889    679
   890    679
   856    680
   857    680
   858    680
   859    680
   860    680
   861    680
   862    680
   863    680
   864    680
   865    680
   866    680
   867    680
   868    680
   869    680
   870    680
   871    680
   872    680
   873    680
   874    680
   875    680
   876    680
   877    680
   878    680
   879    680
   880    680
   881    680
   882    680
   883    680
   884    680
   885    680
   886    680
   887    680
   888    680
   889    680
   856    681
   857    681
   858    681
   859    681
   860    681
   861    681
   862    681
   863    681
   864    681
   865    681
   866    681
   867    681
   868    681
   869    681
   870    681
   871    681
   872    681
   873    681
   874    681
   875    681
   876    681
   877    681
   878    681
   879    681
   880    681
   881    681
   882    681
   883    681
   884    681
   885    681
   886    681
   887    681
   888    681
   856    682
   857    682
   858    682
   859    682
   860    682
   861    682
   862    682
   863    682
   864    682
   865    682
   866    682
   867    682
   868    682
   869    682
   870    682
   871    682
   872    682
   873    682
   874    682
   875    682
   876    682
   877    682
   878    682
   879    682
   880    682
   881    682
   882    682
   883    682
   884    682
   885    682
   886    682
   887    682
   888    682
   857    683
   858    683
   859    683
   860    683
   861    683
   862    683
   863    683
   864    683
   865    683
   866    683
   867    683
   868    683
   869    683
   870    683
   871    683
   872    683
   873    683
   874    683
   875    683
   876    683
   877    683
   878    683
   879    683
   880    683
   881    683
   882    683
   883    683
   884    683
   885    683
   886    683
   887    683
   856    684
   857    684
   858    684
   859    684
   860    684
   861    684
   862    684
   863    684
   864    684
   865    684
   866    684
   867    684
   868    684
   869    684
   870    684
   871    684
   872    684
   873    684
   874    684
   875    684
   876    684
   877    684
   878    684
   879    684
   880    684
   881    684
   882    684
   883    684
   884    684
   885    684
   886    684
   856    685
   857    685
   858    685
   859    685
   860    685
   861    685
   862    685
   863    685
   864    685
   865    685
   866    685
   867    685
   868    685
   869    685
   870    685
   871    685
   872    685
   873    685
   874    685
   875    685
   876    685
   877    685
   878    685
   879    685
   880    685
   881    685
   882    685
   883    685
   884    685
   885    685
   886    685
   856    686
   857    686
   858    686
   859    686
   860    686
   861    686
   862    686
   863    686
   864    686
   865    686
   866    686
   867    686
   868    686
   869    686
   870    686
   871    686
   872    686
   873    686
   874    686
   875    686
   876    686
   877    686
   878    686
   879    686
   880    686
   881    686
   882    686
   883    686
   884    686
   885    686
   886    686
   857    687
   858    687
   859    687
   860    687
   861    687
   862    687
   863    687
   864    687
   865    687
   866    687
   867    687
   868    687
   869    687
   870    687
   871    687
   872    687
   873    687
   874    687
   875    687
   876    687
   877    687
   878    687
   879    687
   880    687
   881    687
   882    687
   883    687
   884    687
   885    687
   857    688
   858    688
   859    688
   860    688
   861    688
   862    688
   863    688
   864    688
   865    688
   866    688
   867    688
   868    688
   869    688
   870    688
   871    688
   872    688
   873    688
   874    688
   875    688
   876    688
   877    688
   878    688
   879    688
   880    688
   881    688
   882    688
   883    688
   884    688
   885    688
   857    689
   858    689
   859    689
   860    689
   861    689
   862    689
   863    689
   864    689
   865    689
   866    689
   867    689
   868    689
   869    689
   870    689
   871    689
   872    689
   873    689
   874    689
   875    689
   876    689
   877    689
   878    689
   879    689
   880    689
   881    689
   882    689
   883    689
   884    689
   857    690
   858    690
   859    690
   860    690
   861    690
   862    690
   863    690
   864    690
   865    690
   866    690
   867    690
   868    690
   869    690
   870    690
   871    690
   872    690
   873    690
   874    690
   875    690
   876    690
   877    690
   878    690
   879    690
   880    690
   881    690
   882    690
   883    690
   884    690
   857    691
   858    691
   859    691
   860    691
   861    691
   862    691
   863    691
   864    691
   865    691
   866    691
   867    691
   868    691
   869    691
   870    691
   871    691
   872    691
   873    691
   874    691
   875    691
   876    691
   877    691
   878    691
   879    691
   880    691
   881    691
   882    691
   883    691
   884    691
   858    692
   859    692
   860    692
   861    692
   862    692
   863    692
   864    692
   865    692
   866    692
   867    692
   868    692
   869    692
   870    692
   871    692
   872    692
   873    692
   874    692
   875    692
   876    692
   877    692
   878    692
   879    692
   880    692
   881    692
   882    692
   883    692
   884    692
   858    693
   859    693
   860    693
   861    693
   862    693
   863    693
   864    693
   865    693
   866    693
   867    693
   868    693
   869    693
   870    693
   871    693
   872    693
   873    693
   874    693
   875    693
   876    693
   877    693
   878    693
   879    693
   880    693
   881    693
   882    693
   883    693
   884    693
   858    694
   859    694
   860    694
   861    694
   862    694
   863    694
   864    694
   865    694
   866    694
   867    694
   868    694
   869    694
   870    694
   871    694
   872    694
   873    694
   874    694
   875    694
   876    694
   877    694
   878    694
   879    694
   880    694
   881    694
   882    694
   883    694
   858    695
   859    695
   860    695
   861    695
   862    695
   863    695
   864    695
   865    695
   866    695
   867    695
   868    695
   869    695
   870    695
   871    695
   872    695
   873    695
   874    695
   875    695
   876    695
   877    695
   878    695
   879    695
   880    695
   881    695
   882    695
   883    695
   858    696
   859    696
   860    696
   861    696
   862    696
   863    696
   864    696
   865    696
   866    696
   867    696
   868    696
   869    696
   870    696
   871    696
   872    696
   873    696
   874    696
   875    696
   876    696
   877    696
   878    696
   879    696
   880    696
   881    696
   882    696
   858    697
   859    697
   860    697
   861    697
   862    697
   863    697
   864    697
   865    697
   866    697
   867    697
   868    697
   869    697
   870    697
   871    697
   872    697
   873    697
   874    697
   875    697
   876    697
   877    697
   878    697
   879    697
   880    697
   881    697
   882    697
   858    698
   859    698
   860    698
   861    698
   862    698
   863    698
   864    698
   865    698
   866    698
   867    698
   868    698
   869    698
   870    698
   871    698
   872    698
   873    698
   874    698
   875    698
   876    698
   877    698
   878    698
   879    698
   880    698
   881    698
   882    698
   858    699
   859    699
   860    699
   861    699
   862    699
   863    699
   864    699
   865    699
   866    699
   867    699
   868    699
   869    699
   870    699
   871    699
   872    699
   873    699
   874    699
   875    699
   876    699
   877    699
   878    699
   879    699
   880    699
   881    699
   882    699
   858    700
   859    700
   860    700
   861    700
   862    700
   863    700
   864    700
   865    700
   866    700
   867    700
   868    700
   869    700
   870    700
   871    700
   872    700
   873    700
   874    700
   875    700
   876    700
   877    700
   878    700
   879    700
   880    700
   881    700
   858    701
   859    701
   860    701
   861    701
   862    701
   863    701
   864    701
   865    701
   866    701
   867    701
   868    701
   869    701
   870    701
   871    701
   872    701
   873    701
   874    701
   875    701
   876    701
   877    701
   878    701
   879    701
   880    701
   881    701
   858    702
   859    702
   860    702
   861    702
   862    702
   863    702
   864    702
   865    702
   866    702
   867    702
   868    702
   869    702
   870    702
   871    702
   872    702
   873    702
   874    702
   875    702
   876    702
   877    702
   878    702
   879    702
   880    702
   881    702
   857    703
   858    703
   859    703
   860    703
   861    703
   862    703
   863    703
   864    703
   865    703
   866    703
   867    703
   868    703
   869    703
   870    703
   871    703
   872    703
   873    703
   874    703
   875    703
   876    703
   877    703
   878    703
   879    703
   880    703
   881    703
   858    704
   859    704
   860    704
   861    704
   862    704
   863    704
   864    704
   865    704
   866    704
   867    704
   868    704
   869    704
   870    704
   871    704
   872    704
   873    704
   874    704
   875    704
   876    704
   877    704
   878    704
   879    704
   880    704
   881    704
   858    705
   859    705
   860    705
   861    705
   862    705
   863    705
   864    705
   865    705
   866    705
   867    705
   868    705
   869    705
   870    705
   871    705
   872    705
   873    705
   874    705
   875    705
   876    705
   877    705
   878    705
   879    705
   880    705
   857    706
   858    706
   859    706
   860    706
   861    706
   862    706
   863    706
   864    706
   865    706
   866    706
   867    706
   868    706
   869    706
   870    706
   871    706
   872    706
   873    706
   874    706
   875    706
   876    706
   877    706
   878    706
   879    706
   880    706
   881    706
   858    707
   859    707
   860    707
   861    707
   862    707
   863    707
   864    707
   865    707
   866    707
   867    707
   868    707
   869    707
   870    707
   871    707
   872    707
   873    707
   874    707
   875    707
   876    707
   877    707
   878    707
   879    707
   880    707
   859    708
   860    708
   861    708
   862    708
   863    708
   864    708
   865    708
   866    708
   867    708
   868    708
   869    708
   870    708
   871    708
   872    708
   873    708
   874    708
   875    708
   876    708
   877    708
   878    708
   879    708
   880    708
   859    709
   860    709
   861    709
   862    709
   863    709
   864    709
   865    709
   866    709
   867    709
   868    709
   869    709
   870    709
   871    709
   872    709
   873    709
   874    709
   875    709
   876    709
   877    709
   878    709
   879    709
   880    709
   859    710
   860    710
   861    710
   862    710
   863    710
   864    710
   865    710
   866    710
   867    710
   868    710
   869    710
   870    710
   871    710
   872    710
   873    710
   874    710
   875    710
   876    710
   877    710
   878    710
   879    710
   880    710
   859    711
   860    711
   861    711
   862    711
   863    711
   864    711
   865    711
   866    711
   867    711
   868    711
   869    711
   870    711
   871    711
   872    711
   873    711
   874    711
   875    711
   876    711
   877    711
   878    711
   879    711
   859    712
   860    712
   861    712
   862    712
   863    712
   864    712
   865    712
   866    712
   867    712
   868    712
   869    712
   870    712
   871    712
   872    712
   873    712
   874    712
   875    712
   876    712
   877    712
   878    712
   879    712
   880    712
   859    713
   860    713
   861    713
   862    713
   863    713
   864    713
   865    713
   866    713
   867    713
   868    713
   869    713
   870    713
   871    713
   872    713
   873    713
   874    713
   875    713
   876    713
   877    713
   878    713
   879    713
   859    714
   860    714
   861    714
   862    714
   863    714
   864    714
   865    714
   866    714
   867    714
   868    714
   869    714
   870    714
   871    714
   872    714
   873    714
   874    714
   875    714
   876    714
   877    714
   878    714
   879    714
   880    714
   859    715
   860    715
   861    715
   862    715
   863    715
   864    715
   865    715
   866    715
   867    715
   868    715
   869    715
   870    715
   871    715
   872    715
   873    715
   874    715
   875    715
   876    715
   877    715
   878    715
   879    715
   858    716
   859    716
   860    716
   861    716
   862    716
   863    716
   864    716
   865    716
   866    716
   867    716
   868    716
   869    716
   870    716
   871    716
   872    716
   873    716
   874    716
   875    716
   876    716
   877    716
   878    716
   879    716
   880    716
   859    717
   860    717
   861    717
   862    717
   863    717
   864    717
   865    717
   866    717
   867    717
   868    717
   869    717
   870    717
   871    717
   872    717
   873    717
   874    717
   875    717
   876    717
   877    717
   878    717
   879    717
   858    718
   859    718
   860    718
   861    718
   862    718
   863    718
   864    718
   865    718
   866    718
   867    718
   868    718
   869    718
   870    718
   871    718
   872    718
   873    718
   874    718
   875    718
   876    718
   877    718
   878    718
   879    718
   880    718
   859    719
   860    719
   861    719
   862    719
   863    719
   864    719
   865    719
   866    719
   867    719
   868    719
   869    719
   870    719
   871    719
   872    719
   873    719
   874    719
   875    719
   876    719
   877    719
   878    719
   879    719
   858    720
   859    720
   860    720
   861    720
   862    720
   863    720
   864    720
   865    720
   866    720
   867    720
   868    720
   869    720
   870    720
   871    720
   872    720
   873    720
   874    720
   875    720
   876    720
   877    720
   878    720
   879    720
   858    721
   859    721
   860    721
   861    721
   862    721
   863    721
   864    721
   865    721
   866    721
   867    721
   868    721
   869    721
   870    721
   871    721
   872    721
   873    721
   874    721
   875    721
   876    721
   877    721
   878    721
   879    721
   880    721
   858    722
   859    722
   860    722
   861    722
   862    722
   863    722
   864    722
   865    722
   866    722
   867    722
   868    722
   869    722
   870    722
   871    722
   872    722
   873    722
   874    722
   875    722
   876    722
   877    722
   878    722
   879    722
   858    723
   859    723
   860    723
   861    723
   862    723
   863    723
   864    723
   865    723
   866    723
   867    723
   868    723
   869    723
   870    723
   871    723
   872    723
   873    723
   874    723
   875    723
   876    723
   877    723
   878    723
   879    723
   859    724
   860    724
   861    724
   862    724
   863    724
   864    724
   865    724
   866    724
   867    724
   868    724
   869    724
   870    724
   871    724
   872    724
   873    724
   874    724
   875    724
   876    724
   877    724
   878    724
   858    725
   859    725
   860    725
   861    725
   862    725
   863    725
   864    725
   865    725
   866    725
   867    725
   868    725
   869    725
   870    725
   871    725
   872    725
   873    725
   874    725
   875    725
   876    725
   877    725
   858    726
   859    726
   860    726
   861    726
   862    726
   863    726
   864    726
   865    726
   866    726
   867    726
   868    726
   869    726
   870    726
   871    726
   872    726
   873    726
   874    726
   875    726
   876    726
   877    726
   858    727
   859    727
   860    727
   861    727
   862    727
   863    727
   864    727
   865    727
   866    727
   867    727
   868    727
   869    727
   870    727
   871    727
   872    727
   873    727
   874    727
   875    727
   876    727
   877    727
   858    728
   859    728
   860    728
   861    728
   862    728
   863    728
   864    728
   865    728
   866    728
   867    728
   868    728
   869    728
   870    728
   871    728
   872    728
   873    728
   874    728
   875    728
   858    729
   859    729
   860    729
   861    729
   862    729
   863    729
   864    729
   865    729
   866    729
   867    729
   868    729
   869    729
   870    729
   871    729
   872    729
   873    729
   874    729
   875    729
   858    730
   859    730
   860    730
   861    730
   862    730
   863    730
   864    730
   865    730
   866    730
   867    730
   868    730
   869    730
   870    730
   871    730
   872    730
   873    730
   874    730
   875    730
   858    731
   859    731
   860    731
   861    731
   862    731
   863    731
   864    731
   865    731
   866    731
   867    731
   868    731
   869    731
   870    731
   871    731
   872    731
   873    731
   874    731
   859    732
   860    732
   861    732
   862    732
   863    732
   864    732
   865    732
   866    732
   867    732
   868    732
   869    732
   870    732
   871    732
   872    732
   873    732
   874    732
   861    733
   862    733
   863    733
   864    733
   865    733
   866    733
   867    733
   868    733
   869    733
   870    733
   871    733
   872    733
   873    733
   862    734
   863    734
   864    734
   865    734
   866    734
   867    734
   868    734
   869    734
   870    734
   871    734
   863    735
   864    735
   865    735
   866    735
   867    735
   868    735
   869    735
