   877    587
   878    587
   879    587
   880    587
   881    587
   882    587
   883    587
   884    587
   876    588
   877    588
   878    588
   879    588
   880    588
   881    588
   882    588
   883    588
   884    588
   876    589
   877    589
   878    589
   879    589
   880    589
   881    589
   882    589
   883    589
   876    590
   877    590
   878    590
   879    590
   880    590
   881    590
   882    590
   883    590
   876    591
   877    591
   878    591
   879    591
   880    591
   881    591
   882    591
   883    591
   876    592
   877    592
   878    592
   879    592
   880    592
   881    592
   882    592
   883    592
   876    593
   877    593
   878    593
   879    593
   880    593
   881    593
   882    593
   883    593
   875    594
   876    594
   877    594
   878    594
   879    594
   880    594
   881    594
   882    594
   883    594
   875    595
   876    595
   877    595
   878    595
   879    595
   880    595
   881    595
   882    595
   883    595
   875    596
   876    596
   877    596
   878    596
   879    596
   880    596
   881    596
   882    596
   883    596
   875    597
   876    597
   877    597
   878    597
   879    597
   880    597
   881    597
   882    597
   883    597
   874    598
   875    598
   876    598
   877    598
   878    598
   879    598
   880    598
   881    598
   882    598
   883    598
   875    599
   876    599
   877    599
   878    599
   879    599
   880    599
   881    599
   882    599
   883    599
   874    600
   875    600
   876    600
   877    600
   878    600
   879    600
   880    600
   881    600
   882    600
   883    600
   874    601
   875    601
   876    601
   877    601
   878    601
   879    601
   880    601
   881    601
   882    601
   883    601
   874    602
   875    602
   876    602
   877    602
   878    602
   879    602
   880    602
   881    602
   882    602
   883    602
   874    603
   875    603
   876    603
   877    603
   878    603
   879    603
   880    603
   881    603
   882    603
   883    603
   874    604
   875    604
   876    604
   877    604
   878    604
   879    604
   880    604
   881    604
   882    604
   883    604
   874    605
   875    605
   876    605
   877    605
   878    605
   879    605
   880    605
   881    605
   882    605
   883    605
   873    606
   874    606
   875    606
   876    606
   877    606
   878    606
   879    606
   880    606
   881    606
   882    606
   883    606
   873    607
   874    607
   875    607
   876    607
   877    607
   878    607
   879    607
   880    607
   881    607
   882    607
   883    607
   873    608
   874    608
   875    608
   876    608
   877    608
   878    608
   879    608
   880    608
   881    608
   882    608
   883    608
   873    609
   874    609
   875    609
   876    609
   877    609
   878    609
   879    609
   880    609
   881    609
   882    609
   873    610
   874    610
   875    610
   876    610
   877    610
   878    610
   879    610
   880    610
   881    610
   882    610
   873    611
   874    611
   875    611
   876    611
   877    611
   878    611
   879    611
   880    611
   881    611
   882    611
   993    611
   994    611
  1002    611
  1003    611
   872    612
   873    612
   874    612
   875    612
   876    612
   877    612
   878    612
   879    612
   880    612
   881    612
   882    612
   996    612
   997    612
   998    612
  1002    612
  1003    612
  1004    612
  1005    612
  1006    612
   872    613
   873    613
   874    613
   875    613
   876    613
   877    613
   878    613
   879    613
   880    613
   881    613
   882    613
   991    613
   992    613
   993    613
   994    613
   997    613
   998    613
   999    613
  1000    613
  1001    613
  1002    613
   872    614
   873    614
   874    614
   875    614
   876    614
   877    614
   878    614
   879    614
   880    614
   881    614
   882    614
   987    614
   988    614
   989    614
   990    614
   993    614
   994    614
   995    614
   996    614
   997    614
   998    614
   872    615
   873    615
   874    615
   875    615
   876    615
   877    615
   878    615
   879    615
   880    615
   881    615
   882    615
   989    615
   990    615
   991    615
   992    615
   993    615
  1001    615
  1002    615
  1003    615
  1004    615
  1005    615
  1006    615
  1007    615
  1008    615
   872    616
   873    616
   874    616
   875    616
   876    616
   877    616
   878    616
   879    616
   880    616
   881    616
   882    616
   986    616
   987    616
   988    616
   989    616
   990    616
   995    616
   996    616
   997    616
   998    616
   999    616
  1000    616
  1001    616
  1002    616
  1003    616
  1004    616
  1005    616
  1006    616
   872    617
   873    617
   874    617
   875    617
   876    617
   877    617
   878    617
   879    617
   880    617
   881    617
   882    617
   991    617
   992    617
   993    617
   994    617
   995    617
   996    617
   997    617
   998    617
   999    617
  1000    617
  1001    617
  1002    617
  1003    617
   872    618
   873    618
   874    618
   875    618
   876    618
   877    618
   878    618
   879    618
   880    618
   881    618
   882    618
   987    618
   988    618
   989    618
   990    618
   991    618
   992    618
   993    618
   994    618
   995    618
   996    618
   997    618
   998    618
   999    618
  1000    618
   872    619
   873    619
   874    619
   875    619
   876    619
   877    619
   878    619
   879    619
   880    619
   881    619
   882    619
   982    619
   983    619
   984    619
   985    619
   986    619
   987    619
   988    619
   989    619
   990    619
   991    619
   992    619
   993    619
   994    619
   995    619
   996    619
   872    620
   873    620
   874    620
   875    620
   876    620
   877    620
   878    620
   879    620
   880    620
   881    620
   882    620
   893    620
   894    620
   895    620
   896    620
   898    620
   899    620
   951    620
   952    620
   959    620
   960    620
   961    620
   962    620
   963    620
   964    620
   965    620
   966    620
   967    620
   978    620
   979    620
   980    620
   981    620
   982    620
   983    620
   984    620
   985    620
   986    620
   987    620
   988    620
   989    620
   990    620
   991    620
   992    620
   851    621
   852    621
   853    621
   854    621
   855    621
   856    621
   857    621
   858    621
   859    621
   860    621
   871    621
   872    621
   873    621
   874    621
   875    621
   876    621
   877    621
   878    621
   879    621
   880    621
   881    621
   882    621
   890    621
   891    621
   892    621
   893    621
   894    621
   895    621
   896    621
   897    621
   898    621
   899    621
   900    621
   955    621
   956    621
   957    621
   964    621
   965    621
   966    621
   967    621
   968    621
   974    621
   975    621
   976    621
   977    621
   978    621
   980    621
   981    621
   982    621
   983    621
   984    621
   985    621
   986    621
   987    621
   988    621
   989    621
   851    622
   852    622
   853    622
   854    622
   855    622
   856    622
   857    622
   858    622
   859    622
   860    622
   871    622
   872    622
   873    622
   874    622
   875    622
   876    622
   877    622
   878    622
   879    622
   880    622
   881    622
   882    622
   891    622
   892    622
   893    622
   894    622
   895    622
   896    622
   897    622
   898    622
   899    622
   900    622
   901    622
   951    622
   952    622
   953    622
   954    622
   955    622
   957    622
   958    622
   959    622
   960    622
   961    622
   962    622
   963    622
   970    622
   971    622
   972    622
   973    622
   975    622
   976    622
   977    622
   978    622
   979    622
   980    622
   981    622
   982    622
   983    622
   984    622
   985    622
   993    622
   994    622
   995    622
   996    622
   997    622
   998    622
   818    623
   850    623
   851    623
   852    623
   853    623
   854    623
   855    623
   856    623
   857    623
   858    623
   859    623
   860    623
   871    623
   872    623
   873    623
   874    623
   875    623
   876    623
   877    623
   878    623
   879    623
   880    623
   881    623
   882    623
   890    623
   891    623
   892    623
   893    623
   894    623
   895    623
   896    623
   897    623
   898    623
   899    623
   900    623
   901    623
   947    623
   948    623
   949    623
   950    623
   951    623
   952    623
   953    623
   954    623
   955    623
   956    623
   957    623
   958    623
   959    623
   960    623
   966    623
   967    623
   968    623
   969    623
   970    623
   971    623
   972    623
   973    623
   974    623
   975    623
   976    623
   977    623
   978    623
   979    623
   980    623
   981    623
   989    623
   990    623
   991    623
   992    623
   993    623
   994    623
   995    623
   996    623
   997    623
   818    624
   819    624
   820    624
   850    624
   851    624
   852    624
   853    624
   854    624
   855    624
   856    624
   857    624
   858    624
   859    624
   860    624
   870    624
   871    624
   872    624
   873    624
   874    624
   875    624
   876    624
   877    624
   878    624
   879    624
   880    624
   881    624
   882    624
   891    624
   892    624
   893    624
   894    624
   895    624
   896    624
   897    624
   898    624
   899    624
   900    624
   901    624
   943    624
   944    624
   945    624
   946    624
   947    624
   948    624
   949    624
   950    624
   951    624
   952    624
   953    624
   954    624
   955    624
   956    624
   963    624
   964    624
   965    624
   966    624
   967    624
   968    624
   969    624
   970    624
   971    624
   972    624
   973    624
   974    624
   975    624
   976    624
   977    624
   986    624
   987    624
   988    624
   989    624
   990    624
   991    624
   992    624
   993    624
   994    624
   995    624
   996    624
   997    624
   816    625
   817    625
   818    625
   819    625
   820    625
   821    625
   822    625
   823    625
   824    625
   829    625
   830    625
   831    625
   849    625
   850    625
   851    625
   852    625
   853    625
   854    625
   855    625
   856    625
   857    625
   858    625
   859    625
   871    625
   872    625
   873    625
   874    625
   875    625
   876    625
   877    625
   878    625
   879    625
   880    625
   881    625
   882    625
   891    625
   892    625
   893    625
   894    625
   895    625
   896    625
   897    625
   898    625
   899    625
   900    625
   901    625
   939    625
   940    625
   941    625
   942    625
   943    625
   944    625
   945    625
   946    625
   947    625
   948    625
   949    625
   950    625
   951    625
   952    625
   953    625
   959    625
   960    625
   961    625
   962    625
   963    625
   964    625
   965    625
   966    625
   967    625
   968    625
   969    625
   970    625
   971    625
   972    625
   973    625
   974    625
   983    625
   984    625
   985    625
   986    625
   987    625
   988    625
   989    625
   990    625
   991    625
   992    625
   993    625
   994    625
   995    625
   814    626
   815    626
   816    626
   819    626
   820    626
   821    626
   822    626
   823    626
   824    626
   825    626
   826    626
   827    626
   849    626
   850    626
   851    626
   852    626
   853    626
   854    626
   855    626
   856    626
   857    626
   858    626
   859    626
   870    626
   871    626
   872    626
   873    626
   874    626
   875    626
   876    626
   877    626
   878    626
   879    626
   880    626
   881    626
   891    626
   892    626
   893    626
   894    626
   895    626
   896    626
   897    626
   898    626
   899    626
   900    626
   901    626
   902    626
   936    626
   937    626
   938    626
   939    626
   940    626
   941    626
   942    626
   943    626
   944    626
   945    626
   946    626
   947    626
   948    626
   949    626
   955    626
   956    626
   957    626
   958    626
   959    626
   960    626
   961    626
   962    626
   963    626
   964    626
   965    626
   966    626
   967    626
   968    626
   969    626
   970    626
   971    626
   979    626
   980    626
   981    626
   982    626
   983    626
   984    626
   985    626
   986    626
   987    626
   988    626
   989    626
   990    626
   991    626
   992    626
   817    627
   818    627
   819    627
   820    627
   821    627
   822    627
   823    627
   824    627
   825    627
   826    627
   827    627
   828    627
   829    627
   830    627
   835    627
   848    627
   849    627
   850    627
   851    627
   852    627
   853    627
   854    627
   855    627
   856    627
   857    627
   858    627
   859    627
   870    627
   871    627
   872    627
   873    627
   874    627
   875    627
   876    627
   877    627
   878    627
   879    627
   880    627
   881    627
   891    627
   892    627
   893    627
   894    627
   895    627
   896    627
   897    627
   898    627
   899    627
   900    627
   901    627
   902    627
   933    627
   934    627
   935    627
   936    627
   937    627
   938    627
   939    627
   940    627
   941    627
   942    627
   943    627
   944    627
   945    627
   946    627
   952    627
   953    627
   954    627
   955    627
   956    627
   957    627
   958    627
   959    627
   960    627
   961    627
   962    627
   963    627
   964    627
   965    627
   966    627
   967    627
   968    627
   976    627
   977    627
   978    627
   979    627
   980    627
   981    627
   982    627
   983    627
   984    627
   985    627
   986    627
   987    627
   988    627
   989    627
   811    628
   812    628
   820    628
   821    628
   822    628
   823    628
   824    628
   825    628
   826    628
   827    628
   828    628
   829    628
   830    628
   831    628
   832    628
   833    628
   834    628
   848    628
   849    628
   850    628
   851    628
   852    628
   853    628
   854    628
   855    628
   856    628
   857    628
   858    628
   859    628
   870    628
   871    628
   872    628
   873    628
   874    628
   875    628
   876    628
   877    628
   878    628
   879    628
   880    628
   881    628
   891    628
   892    628
   893    628
   894    628
   895    628
   896    628
   897    628
   898    628
   899    628
   900    628
   901    628
   902    628
   929    628
   930    628
   931    628
   932    628
   933    628
   934    628
   935    628
   936    628
   937    628
   938    628
   939    628
   940    628
   941    628
   942    628
   949    628
   950    628
   951    628
   952    628
   953    628
   954    628
   955    628
   956    628
   957    628
   958    628
   959    628
   960    628
   961    628
   962    628
   963    628
   964    628
   973    628
   974    628
   975    628
   976    628
   977    628
   978    628
   979    628
   980    628
   981    628
   982    628
   983    628
   984    628
   985    628
   986    628
   810    629
   811    629
   812    629
   813    629
   814    629
   815    629
   823    629
   824    629
   825    629
   826    629
   827    629
   828    629
   829    629
   830    629
   831    629
   832    629
   833    629
   834    629
   835    629
   836    629
   847    629
   848    629
   849    629
   850    629
   851    629
   852    629
   853    629
   854    629
   855    629
   856    629
   857    629
   858    629
   870    629
   871    629
   872    629
   873    629
   874    629
   875    629
   876    629
   877    629
   878    629
   879    629
   880    629
   881    629
   891    629
   892    629
   893    629
   894    629
   895    629
   896    629
   897    629
   898    629
   899    629
   900    629
   901    629
   902    629
   926    629
   927    629
   928    629
   929    629
   930    629
   931    629
   932    629
   933    629
   934    629
   935    629
   936    629
   937    629
   938    629
   939    629
   947    629
   948    629
   949    629
   950    629
   951    629
   952    629
   953    629
   954    629
   955    629
   956    629
   957    629
   958    629
   959    629
   960    629
   961    629
   970    629
   971    629
   972    629
   973    629
   975    629
   976    629
   977    629
   978    629
   979    629
   980    629
   981    629
   982    629
   983    629
   809    630
   810    630
   811    630
   812    630
   813    630
   814    630
   815    630
   816    630
   817    630
   818    630
   826    630
   827    630
   828    630
   829    630
   830    630
   831    630
   832    630
   833    630
   834    630
   835    630
   836    630
   837    630
   838    630
   839    630
   840    630
   847    630
   848    630
   849    630
   850    630
   851    630
   852    630
   853    630
   854    630
   855    630
   856    630
   857    630
   858    630
   870    630
   871    630
   872    630
   873    630
   874    630
   875    630
   876    630
   877    630
   878    630
   879    630
   880    630
   881    630
   891    630
   892    630
   893    630
   894    630
   895    630
   896    630
   897    630
   898    630
   899    630
   900    630
   901    630
   902    630
   923    630
   924    630
   925    630
   926    630
   927    630
   928    630
   929    630
   930    630
   931    630
   932    630
   933    630
   934    630
   935    630
   936    630
   943    630
   944    630
   945    630
   946    630
   947    630
   948    630
   949    630
   950    630
   951    630
   952    630
   953    630
   954    630
   955    630
   956    630
   957    630
   958    630
   967    630
   968    630
   969    630
   970    630
   971    630
   972    630
   973    630
   974    630
   975    630
   976    630
   977    630
   978    630
   979    630
   980    630
   808    631
   809    631
   810    631
   811    631
   812    631
   813    631
   814    631
   815    631
   816    631
   817    631
   818    631
   819    631
   820    631
   821    631
   829    631
   830    631
   831    631
   832    631
   833    631
   834    631
   835    631
   836    631
   837    631
   838    631
   839    631
   840    631
   841    631
   842    631
   843    631
   847    631
   848    631
   849    631
   850    631
   851    631
   852    631
   853    631
   854    631
   855    631
   856    631
   857    631
   858    631
   869    631
   870    631
   871    631
   872    631
   873    631
   874    631
   875    631
   876    631
   877    631
   878    631
   879    631
   880    631
   881    631
   891    631
   892    631
   893    631
   894    631
   895    631
   896    631
   897    631
   898    631
   899    631
   900    631
   901    631
   902    631
   920    631
   921    631
   922    631
   923    631
   924    631
   925    631
   926    631
   927    631
   928    631
   929    631
   930    631
   931    631
   932    631
   940    631
   941    631
   942    631
   943    631
   944    631
   945    631
   946    631
   947    631
   948    631
   949    631
   950    631
   951    631
   952    631
   953    631
   954    631
   955    631
   964    631
   965    631
   966    631
   967    631
   968    631
   969    631
   970    631
   971    631
   972    631
   973    631
   974    631
   975    631
   976    631
   977    631
   809    632
   810    632
   811    632
   812    632
   813    632
   814    632
   815    632
   816    632
   817    632
   818    632
   819    632
   820    632
   821    632
   822    632
   823    632
   824    632
   832    632
   833    632
   834    632
   835    632
   836    632
   837    632
   838    632
   839    632
   840    632
   841    632
   842    632
   843    632
   844    632
   845    632
   846    632
   847    632
   848    632
   849    632
   850    632
   851    632
   852    632
   853    632
   854    632
   855    632
   856    632
   857    632
   858    632
   869    632
   870    632
   871    632
   872    632
   873    632
   874    632
   875    632
   876    632
   877    632
   878    632
   879    632
   880    632
   881    632
   891    632
   892    632
   893    632
   894    632
   895    632
   896    632
   897    632
   898    632
   899    632
   900    632
   901    632
   902    632
   903    632
   917    632
   918    632
   919    632
   920    632
   921    632
   922    632
   923    632
   924    632
   925    632
   926    632
   927    632
   928    632
   929    632
   930    632
   937    632
   938    632
   939    632
   940    632
   941    632
   942    632
   943    632
   944    632
   945    632
   946    632
   947    632
   948    632
   949    632
   950    632
   951    632
   952    632
   962    632
   963    632
   964    632
   965    632
   966    632
   967    632
   968    632
   969    632
   970    632
   971    632
   972    632
   973    632
   974    632
   811    633
   812    633
   813    633
   814    633
   815    633
   816    633
   817    633
   818    633
   819    633
   820    633
   821    633
   822    633
   823    633
   824    633
   825    633
   834    633
   835    633
   836    633
   837    633
   838    633
   839    633
   840    633
   841    633
   842    633
   843    633
   844    633
   845    633
   846    633
   847    633
   848    633
   849    633
   850    633
   851    633
   852    633
   853    633
   854    633
   855    633
   856    633
   857    633
   858    633
   869    633
   870    633
   871    633
   872    633
   873    633
   874    633
   875    633
   876    633
   877    633
   878    633
   879    633
   880    633
   881    633
   891    633
   892    633
   893    633
   894    633
   895    633
   896    633
   897    633
   898    633
   899    633
   900    633
   901    633
   902    633
   903    633
   914    633
   915    633
   916    633
   917    633
   918    633
   919    633
   920    633
   921    633
   922    633
   923    633
   924    633
   925    633
   926    633
   927    633
   935    633
   936    633
   937    633
   938    633
   939    633
   940    633
   941    633
   942    633
   943    633
   944    633
   945    633
   946    633
   947    633
   948    633
   949    633
   950    633
   959    633
   960    633
   961    633
   962    633
   963    633
   964    633
   965    633
   966    633
   967    633
   968    633
   969    633
   970    633
   971    633
   972    633
   813    634
   814    634
   815    634
   816    634
   817    634
   818    634
   819    634
   820    634
   821    634
   822    634
   823    634
   824    634
   825    634
   826    634
   827    634
   828    634
   836    634
   837    634
   838    634
   839    634
   840    634
   841    634
   842    634
   843    634
   844    634
   845    634
   846    634
   847    634
   848    634
   849    634
   850    634
   851    634
   852    634
   853    634
   854    634
   855    634
   856    634
   857    634
   869    634
   870    634
   871    634
   872    634
   873    634
   874    634
   875    634
   876    634
   877    634
   878    634
   879    634
   880    634
   881    634
   891    634
   892    634
   893    634
   894    634
   895    634
   896    634
   897    634
   898    634
   899    634
   900    634
   901    634
   902    634
   903    634
   912    634
   913    634
   914    634
   915    634
   916    634
   917    634
   918    634
   919    634
   920    634
   921    634
   922    634
   923    634
   924    634
   925    634
   932    634
   933    634
   934    634
   935    634
   936    634
   937    634
   938    634
   939    634
   940    634
   941    634
   942    634
   943    634
   944    634
   945    634
   946    634
   947    634
   957    634
   958    634
   959    634
   960    634
   961    634
   962    634
   963    634
   964    634
   965    634
   966    634
   967    634
   968    634
   969    634
   970    634
   804    635
   815    635
   816    635
   817    635
   818    635
   819    635
   820    635
   821    635
   822    635
   823    635
   824    635
   825    635
   826    635
   827    635
   828    635
   829    635
   830    635
   838    635
   839    635
   840    635
   841    635
   842    635
   843    635
   844    635
   845    635
   846    635
   847    635
   848    635
   849    635
   850    635
   851    635
   852    635
   853    635
   854    635
   855    635
   856    635
   857    635
   869    635
   870    635
   871    635
   872    635
   873    635
   874    635
   875    635
   876    635
   877    635
   878    635
   879    635
   880    635
   881    635
   892    635
   893    635
   894    635
   895    635
   896    635
   897    635
   898    635
   899    635
   900    635
   901    635
   902    635
   903    635
   909    635
   910    635
   911    635
   912    635
   913    635
   914    635
   915    635
   916    635
   917    635
   918    635
   919    635
   920    635
   921    635
   922    635
   930    635
   931    635
   932    635
   933    635
   934    635
   935    635
   936    635
   937    635
   938    635
   939    635
   940    635
   941    635
   942    635
   943    635
   944    635
   955    635
   956    635
   957    635
   958    635
   959    635
   960    635
   961    635
   962    635
   963    635
   964    635
   965    635
   966    635
   967    635
   802    636
   803    636
   804    636
   805    636
   817    636
   818    636
   819    636
   820    636
   821    636
   822    636
   823    636
   824    636
   825    636
   826    636
   827    636
   828    636
   829    636
   830    636
   831    636
   832    636
   840    636
   841    636
   842    636
   843    636
   844    636
   845    636
   846    636
   847    636
   848    636
   849    636
   850    636
   851    636
   852    636
   853    636
   854    636
   855    636
   856    636
   857    636
   869    636
   870    636
   871    636
   872    636
   873    636
   874    636
   875    636
   876    636
   877    636
   878    636
   879    636
   880    636
   881    636
   892    636
   893    636
   894    636
   895    636
   896    636
   897    636
   898    636
   899    636
   900    636
   901    636
   902    636
   903    636
   911    636
   912    636
   913    636
   914    636
   915    636
   916    636
   917    636
   918    636
   919    636
   927    636
   928    636
   929    636
   930    636
   931    636
   932    636
   933    636
   934    636
   935    636
   936    636
   937    636
   938    636
   939    636
   940    636
   941    636
   956    636
   957    636
   958    636
   959    636
   960    636
   961    636
   962    636
   963    636
   964    636
   965    636
   801    637
   802    637
   803    637
   819    637
   820    637
   821    637
   822    637
   823    637
   824    637
   825    637
   826    637
   827    637
   828    637
   829    637
   830    637
   831    637
   832    637
   833    637
   834    637
   843    637
   844    637
   845    637
   846    637
   847    637
   848    637
   849    637
   850    637
   851    637
   852    637
   853    637
   854    637
   855    637
   856    637
   869    637
   870    637
   871    637
   872    637
   873    637
   874    637
   875    637
   876    637
   877    637
   878    637
   879    637
   880    637
   881    637
   894    637
   895    637
   896    637
   897    637
   898    637
   899    637
   900    637
   901    637
   902    637
   909    637
   910    637
   911    637
   912    637
   913    637
   914    637
   915    637
   916    637
   924    637
   925    637
   926    637
   927    637
   928    637
   929    637
   930    637
   931    637
   932    637
   933    637
   934    637
   935    637
   936    637
   937    637
   938    637
   939    637
   955    637
   956    637
   957    637
   958    637
   959    637
   960    637
   961    637
   962    637
   821    638
   822    638
   823    638
   824    638
   825    638
   826    638
   827    638
   828    638
   829    638
   830    638
   831    638
   832    638
   833    638
   834    638
   835    638
   869    638
   870    638
   871    638
   872    638
   873    638
   874    638
   875    638
   876    638
   877    638
   878    638
   879    638
   880    638
   881    638
   922    638
   923    638
   924    638
   925    638
   926    638
   927    638
   928    638
   929    638
   930    638
   931    638
   932    638
   933    638
   934    638
   935    638
   936    638
   958    638
   959    638
   822    639
   823    639
   824    639
   825    639
   826    639
   827    639
   828    639
   829    639
   830    639
   831    639
   832    639
   833    639
   834    639
   835    639
   836    639
   837    639
   868    639
   869    639
   870    639
   871    639
   872    639
   873    639
   874    639
   875    639
   876    639
   877    639
   878    639
   879    639
   880    639
   881    639
   919    639
   920    639
   921    639
   922    639
   923    639
   924    639
   925    639
   926    639
   927    639
   928    639
   929    639
   930    639
   931    639
   932    639
   933    639
   934    639
   824    640
   825    640
   826    640
   827    640
   828    640
   829    640
   830    640
   831    640
   832    640
   833    640
   834    640
   835    640
   836    640
   837    640
   838    640
   868    640
   869    640
   870    640
   871    640
   872    640
   873    640
   874    640
   875    640
   876    640
   877    640
   878    640
   879    640
   880    640
   881    640
   917    640
   918    640
   919    640
   920    640
   921    640
   922    640
   923    640
   924    640
   925    640
   926    640
   927    640
   928    640
   929    640
   930    640
   931    640
   932    640
   826    641
   827    641
   828    641
   829    641
   830    641
   831    641
   832    641
   833    641
   834    641
   835    641
   836    641
   837    641
   838    641
   839    641
   840    641
   868    641
   869    641
   870    641
   871    641
   872    641
   873    641
   874    641
   875    641
   876    641
   877    641
   878    641
   879    641
   880    641
   881    641
   915    641
   916    641
   917    641
   918    641
   919    641
   920    641
   921    641
   922    641
   923    641
   924    641
   925    641
   926    641
   927    641
   928    641
   929    641
   930    641
   827    642
   828    642
   829    642
   830    642
   831    642
   832    642
   833    642
   834    642
   835    642
   836    642
   837    642
   838    642
   839    642
   840    642
   841    642
   842    642
   868    642
   869    642
   870    642
   871    642
   872    642
   873    642
   874    642
   875    642
   876    642
   877    642
   878    642
   879    642
   880    642
   881    642
   882    642
   912    642
   913    642
   914    642
   915    642
   916    642
   917    642
   918    642
   919    642
   920    642
   921    642
   922    642
   923    642
   924    642
   925    642
   926    642
   927    642
   928    642
   829    643
   830    643
   831    643
   832    643
   833    643
   834    643
   835    643
   836    643
   837    643
   838    643
   839    643
   840    643
   841    643
   842    643
   843    643
   868    643
   869    643
   870    643
   871    643
   872    643
   873    643
   874    643
   875    643
   876    643
   877    643
   878    643
   879    643
   880    643
   881    643
   910    643
   911    643
   912    643
   913    643
   914    643
   915    643
   916    643
   917    643
   918    643
   919    643
   920    643
   921    643
   922    643
   923    643
   924    643
   925    643
   926    643
   814    644
   815    644
   816    644
   817    644
   818    644
   830    644
   831    644
   832    644
   833    644
   834    644
   835    644
   836    644
   837    644
   838    644
   839    644
   840    644
   841    644
   842    644
   843    644
   844    644
   845    644
   868    644
   869    644
   870    644
   871    644
   872    644
   873    644
   874    644
   875    644
   876    644
   877    644
   878    644
   879    644
   880    644
   881    644
   908    644
   909    644
   910    644
   911    644
   912    644
   913    644
   914    644
   915    644
   916    644
   917    644
   918    644
   919    644
   920    644
   921    644
   922    644
   923    644
   924    644
   934    644
   935    644
   936    644
   937    644
   938    644
   939    644
   940    644
   941    644
   942    644
   943    644
   810    645
   811    645
   812    645
   813    645
   814    645
   815    645
   816    645
   817    645
   818    645
   819    645
   820    645
   831    645
   832    645
   833    645
   834    645
   835    645
   836    645
   837    645
   838    645
   839    645
   840    645
   841    645
   842    645
   843    645
   844    645
   845    645
   846    645
   868    645
   869    645
   870    645
   871    645
   872    645
   873    645
   874    645
   875    645
   876    645
   877    645
   878    645
   879    645
   880    645
   881    645
   906    645
   907    645
   908    645
   909    645
   910    645
   911    645
   912    645
   913    645
   914    645
   915    645
   916    645
   917    645
   918    645
   919    645
   920    645
   921    645
   922    645
   932    645
   933    645
   934    645
   935    645
   936    645
   937    645
   938    645
   939    645
   940    645
   941    645
   942    645
   810    646
   811    646
   812    646
   813    646
   814    646
   815    646
   816    646
   817    646
   818    646
   819    646
   820    646
   821    646
   832    646
   833    646
   834    646
   835    646
   836    646
   837    646
   838    646
   839    646
   840    646
   841    646
   842    646
   843    646
   844    646
   845    646
   846    646
   847    646
   848    646
   868    646
   869    646
   870    646
   871    646
   872    646
   873    646
   874    646
   875    646
   876    646
   877    646
   878    646
   879    646
   880    646
   881    646
   904    646
   905    646
   906    646
   907    646
   908    646
   909    646
   910    646
   911    646
   912    646
   913    646
   914    646
   915    646
   916    646
   917    646
   918    646
   919    646
   920    646
   931    646
   932    646
   933    646
   934    646
   935    646
   936    646
   937    646
   938    646
   939    646
   940    646
   941    646
   942    646
   943    646
   809    647
   810    647
   811    647
   812    647
   813    647
   814    647
   815    647
   816    647
   817    647
   818    647
   819    647
   820    647
   821    647
   822    647
   823    647
   834    647
   835    647
   836    647
   837    647
   838    647
   839    647
   840    647
   841    647
   842    647
   843    647
   844    647
   845    647
   846    647
   847    647
   848    647
   849    647
   867    647
   868    647
   869    647
   870    647
   871    647
   872    647
   873    647
   874    647
   875    647
   876    647
   877    647
   878    647
   879    647
   880    647
   881    647
   902    647
   903    647
   904    647
   905    647
   906    647
   907    647
   908    647
   909    647
   910    647
   911    647
   912    647
   913    647
   914    647
   915    647
   916    647
   917    647
   918    647
   929    647
   930    647
   931    647
   932    647
   933    647
   934    647
   935    647
   936    647
   937    647
   938    647
   939    647
   940    647
   941    647
   942    647
   943    647
   810    648
   811    648
   812    648
   813    648
   814    648
   815    648
   816    648
   817    648
   818    648
   819    648
   820    648
   821    648
   822    648
   823    648
   824    648
   835    648
   836    648
   837    648
   838    648
   839    648
   840    648
   841    648
   842    648
   843    648
   844    648
   845    648
   846    648
   847    648
   848    648
   849    648
   850    648
   867    648
   868    648
   869    648
   870    648
   871    648
   872    648
   873    648
   874    648
   875    648
   876    648
   877    648
   878    648
   879    648
   880    648
   881    648
   900    648
   901    648
   902    648
   903    648
   904    648
   905    648
   906    648
   907    648
   908    648
   909    648
   910    648
   911    648
   912    648
   913    648
   914    648
   915    648
   916    648
   927    648
   928    648
   929    648
   930    648
   931    648
   932    648
   933    648
   934    648
   935    648
   936    648
   937    648
   938    648
   939    648
   940    648
   941    648
   811    649
   812    649
   813    649
   814    649
   815    649
   816    649
   817    649
   818    649
   819    649
   820    649
   821    649
   822    649
   823    649
   824    649
   825    649
   836    649
   837    649
   838    649
   839    649
   840    649
   841    649
   842    649
   843    649
   844    649
   845    649
   846    649
   847    649
   848    649
   849    649
   850    649
   851    649
   867    649
   868    649
   869    649
   870    649
   871    649
   872    649
   873    649
   874    649
   875    649
   876    649
   877    649
   878    649
   879    649
   880    649
   881    649
   898    649
   899    649
   900    649
   901    649
   902    649
   903    649
   904    649
   905    649
   906    649
   907    649
   908    649
   909    649
   910    649
   911    649
   912    649
   913    649
   914    649
   925    649
   926    649
   927    649
   928    649
   929    649
   930    649
   931    649
   932    649
   933    649
   934    649
   935    649
   936    649
   937    649
   938    649
   939    649
   940    649
   812    650
   813    650
   814    650
   815    650
   816    650
   817    650
   818    650
   819    650
   820    650
   821    650
   822    650
   823    650
   824    650
   825    650
   826    650
   837    650
   838    650
   839    650
   840    650
   841    650
   842    650
   843    650
   844    650
   845    650
   846    650
   847    650
   848    650
   849    650
   850    650
   851    650
   852    650
   853    650
   867    650
   868    650
   869    650
   870    650
   871    650
   872    650
   873    650
   874    650
   875    650
   876    650
   877    650
   878    650
   879    650
   880    650
   881    650
   897    650
   898    650
   899    650
   900    650
   901    650
   902    650
   903    650
   904    650
   905    650
   906    650
   907    650
   908    650
   909    650
   910    650
   911    650
   912    650
   913    650
   924    650
   925    650
   926    650
   927    650
   928    650
   929    650
   930    650
   931    650
   932    650
   933    650
   934    650
   935    650
   936    650
   937    650
   938    650
   813    651
   814    651
   815    651
   816    651
   817    651
   818    651
   819    651
   820    651
   821    651
   822    651
   823    651
   824    651
   825    651
   826    651
   827    651
   838    651
   839    651
   840    651
   841    651
   842    651
   843    651
   844    651
   845    651
   846    651
   847    651
   848    651
   849    651
   850    651
   851    651
   852    651
   853    651
   867    651
   868    651
   869    651
   870    651
   871    651
   872    651
   873    651
   874    651
   875    651
   876    651
   877    651
   878    651
   879    651
   880    651
   881    651
   895    651
   896    651
   897    651
   898    651
   899    651
   900    651
   901    651
   902    651
   903    651
   904    651
   905    651
   906    651
   907    651
   908    651
   909    651
   910    651
   911    651
   923    651
   924    651
   925    651
   926    651
   927    651
   928    651
   929    651
   930    651
   931    651
   932    651
   933    651
   934    651
   935    651
   936    651
   937    651
   814    652
   815    652
   816    652
   817    652
   818    652
   819    652
   820    652
   821    652
   822    652
   823    652
   824    652
   825    652
   826    652
   827    652
   828    652
   839    652
   840    652
   841    652
   842    652
   843    652
   844    652
   845    652
   846    652
   847    652
   848    652
   849    652
   850    652
   851    652
   852    652
   853    652
   854    652
   867    652
   868    652
   869    652
   870    652
   871    652
   872    652
   873    652
   874    652
   875    652
   876    652
   877    652
   878    652
   879    652
   880    652
   881    652
   894    652
   895    652
   896    652
   897    652
   898    652
   899    652
   900    652
   901    652
   902    652
   903    652
   904    652
   905    652
   906    652
   907    652
   908    652
   909    652
   910    652
   921    652
   922    652
   923    652
   924    652
   925    652
   926    652
   927    652
   928    652
   929    652
   930    652
   931    652
   932    652
   933    652
   934    652
   935    652
   936    652
   815    653
   816    653
   817    653
   818    653
   819    653
   820    653
   821    653
   822    653
   823    653
   824    653
   825    653
   826    653
   827    653
   828    653
   829    653
   840    653
   841    653
   842    653
   843    653
   844    653
   845    653
   846    653
   847    653
   848    653
   849    653
   850    653
   851    653
   852    653
   853    653
   854    653
   855    653
   867    653
   868    653
   869    653
   870    653
   871    653
   872    653
   873    653
   874    653
   875    653
   876    653
   877    653
   878    653
   879    653
   880    653
   881    653
   893    653
   894    653
   895    653
   896    653
   897    653
   898    653
   899    653
   900    653
   901    653
   902    653
   903    653
   904    653
   905    653
   906    653
   907    653
   908    653
   909    653
   920    653
   921    653
   922    653
   923    653
   924    653
   925    653
   926    653
   927    653
   928    653
   929    653
   930    653
   931    653
   932    653
   933    653
   934    653
   816    654
   817    654
   818    654
   819    654
   820    654
   821    654
   822    654
   823    654
   824    654
   825    654
   826    654
   827    654
   828    654
   829    654
   830    654
   841    654
   842    654
   843    654
   844    654
   845    654
   846    654
   847    654
   848    654
   849    654
   850    654
   851    654
   852    654
   853    654
   854    654
   855    654
   856    654
   867    654
   868    654
   869    654
   870    654
   871    654
   872    654
   873    654
   874    654
   875    654
   876    654
   877    654
   878    654
   879    654
   880    654
   881    654
   892    654
   893    654
   894    654
   895    654
   896    654
   897    654
   898    654
   899    654
   900    654
   901    654
   902    654
   903    654
   904    654
   905    654
   906    654
   907    654
   919    654
   920    654
   921    654
   922    654
   923    654
   924    654
   925    654
   926    654
   927    654
   928    654
   929    654
   930    654
   931    654
   932    654
   933    654
   934    654
   816    655
   817    655
   818    655
   819    655
   820    655
   821    655
   822    655
   823    655
   824    655
   825    655
   826    655
   827    655
   828    655
   829    655
   830    655
   842    655
   843    655
   844    655
   845    655
   846    655
   847    655
   848    655
   849    655
   850    655
   851    655
   852    655
   853    655
   854    655
   855    655
   856    655
   857    655
   866    655
   867    655
   868    655
   869    655
   870    655
   871    655
   872    655
   873    655
   874    655
   875    655
   876    655
   877    655
   878    655
   879    655
   880    655
   881    655
   890    655
   891    655
   892    655
   893    655
   894    655
   895    655
   896    655
   897    655
   898    655
   899    655
   900    655
   901    655
   902    655
   903    655
   904    655
   905    655
   906    655
   918    655
   919    655
   920    655
   921    655
   922    655
   923    655
   924    655
   925    655
   926    655
   927    655
   928    655
   929    655
   930    655
   931    655
   932    655
   817    656
   818    656
   819    656
   820    656
   821    656
   822    656
   823    656
   824    656
   825    656
   826    656
   827    656
   828    656
   829    656
   830    656
   831    656
   843    656
   844    656
   845    656
   846    656
   847    656
   848    656
   849    656
   850    656
   851    656
   852    656
   853    656
   854    656
   855    656
   856    656
   857    656
   858    656
   866    656
   867    656
   868    656
   869    656
   870    656
   871    656
   872    656
   873    656
   874    656
   875    656
   876    656
   877    656
   878    656
   879    656
   880    656
   881    656
   889    656
   890    656
   891    656
   892    656
   893    656
   894    656
   895    656
   896    656
   897    656
   898    656
   899    656
   900    656
   901    656
   902    656
   903    656
   904    656
   916    656
   917    656
   918    656
   919    656
   920    656
   921    656
   922    656
   923    656
   924    656
   925    656
   926    656
   927    656
   928    656
   929    656
   930    656
   931    656
   817    657
   818    657
   819    657
   820    657
   821    657
   822    657
   823    657
   824    657
   825    657
   826    657
   827    657
   828    657
   829    657
   830    657
   831    657
   832    657
   844    657
   845    657
   846    657
   847    657
   848    657
   849    657
   850    657
   851    657
   852    657
   853    657
   854    657
   855    657
   856    657
   857    657
   858    657
   859    657
   866    657
   867    657
   868    657
   869    657
   870    657
   871    657
   872    657
   873    657
   874    657
   875    657
   876    657
   877    657
   878    657
   879    657
   880    657
   881    657
   888    657
   889    657
   890    657
   891    657
   892    657
   893    657
   894    657
   895    657
   896    657
   897    657
   898    657
   899    657
   900    657
   901    657
   902    657
   903    657
   916    657
   917    657
   918    657
   919    657
   920    657
   921    657
   922    657
   923    657
   924    657
   925    657
   926    657
   927    657
   928    657
   929    657
   930    657
   818    658
   819    658
   820    658
   821    658
   822    658
   823    658
   824    658
   825    658
   826    658
   827    658
   828    658
   829    658
   830    658
   831    658
   832    658
   833    658
   845    658
   846    658
   847    658
   848    658
   849    658
   850    658
   851    658
   852    658
   853    658
   854    658
   855    658
   856    658
   857    658
   858    658
   859    658
   860    658
   866    658
   867    658
   868    658
   869    658
   870    658
   871    658
   872    658
   873    658
   874    658
   875    658
   876    658
   877    658
   878    658
   879    658
   880    658
   881    658
   887    658
   888    658
   889    658
   890    658
   891    658
   892    658
   893    658
   894    658
   895    658
   896    658
   897    658
   898    658
   899    658
   900    658
   901    658
   902    658
   914    658
   915    658
   916    658
   917    658
   918    658
   919    658
   920    658
   921    658
   922    658
   923    658
   924    658
   925    658
   926    658
   927    658
   928    658
   929    658
   818    659
   819    659
   820    659
   821    659
   822    659
   823    659
   824    659
   825    659
   826    659
   827    659
   828    659
   829    659
   830    659
   831    659
   832    659
   833    659
   846    659
   847    659
   848    659
   849    659
   850    659
   851    659
   852    659
   853    659
   854    659
   855    659
   856    659
   857    659
   858    659
   859    659
   860    659
   861    659
   866    659
   867    659
   868    659
   869    659
   870    659
   871    659
   872    659
   873    659
   874    659
   875    659
   876    659
   877    659
   878    659
   879    659
   880    659
   881    659
   885    659
   886    659
   887    659
   888    659
   889    659
   890    659
   891    659
   892    659
   893    659
   894    659
   895    659
   896    659
   897    659
   898    659
   899    659
   900    659
   901    659
   902    659
   913    659
   914    659
   915    659
   916    659
   917    659
   918    659
   919    659
   920    659
   921    659
   922    659
   923    659
   924    659
   925    659
   926    659
   927    659
   928    659
   819    660
   820    660
   821    660
   822    660
   823    660
   824    660
   825    660
   826    660
   827    660
   828    660
   829    660
   830    660
   831    660
   832    660
   833    660
   834    660
   847    660
   848    660
   849    660
   850    660
   851    660
   852    660
   853    660
   854    660
   855    660
   856    660
   857    660
   858    660
   859    660
   860    660
   861    660
   862    660
   866    660
   867    660
   868    660
   869    660
   870    660
   871    660
   872    660
   873    660
   874    660
   875    660
   876    660
   877    660
   878    660
   879    660
   880    660
   881    660
   884    660
   885    660
   886    660
   887    660
   888    660
   889    660
   890    660
   891    660
   892    660
   893    660
   894    660
   895    660
   896    660
   897    660
   898    660
   899    660
   900    660
   912    660
   913    660
   914    660
   915    660
   916    660
   917    660
   918    660
   919    660
   920    660
   921    660
   922    660
   923    660
   924    660
   925    660
   926    660
   927    660
   820    661
   821    661
   822    661
   823    661
   824    661
   825    661
   826    661
   827    661
   828    661
   829    661
   830    661
   831    661
   832    661
   833    661
   834    661
   848    661
   849    661
   850    661
   851    661
   852    661
   853    661
   854    661
   855    661
   856    661
   857    661
   858    661
   859    661
   860    661
   861    661
   862    661
   863    661
   866    661
   867    661
   868    661
   869    661
   870    661
   871    661
   872    661
   873    661
   874    661
   875    661
   876    661
   877    661
   878    661
   879    661
   880    661
   881    661
   882    661
   883    661
   884    661
   885    661
   886    661
   887    661
   888    661
   889    661
   890    661
   891    661
   892    661
   893    661
   894    661
   895    661
   896    661
   897    661
   898    661
   899    661
   911    661
   912    661
   913    661
   914    661
   915    661
   916    661
   917    661
   918    661
   919    661
   920    661
   921    661
   922    661
   923    661
   924    661
   925    661
   926    661
   820    662
   821    662
   822    662
   823    662
   824    662
   825    662
   826    662
   827    662
   828    662
   829    662
   830    662
   831    662
   832    662
   833    662
   834    662
   835    662
   848    662
   849    662
   850    662
   851    662
   852    662
   853    662
   854    662
   855    662
   856    662
   857    662
   858    662
   859    662
   860    662
   861    662
   862    662
   863    662
   864    662
   866    662
   867    662
   868    662
   869    662
   870    662
   871    662
   872    662
   873    662
   874    662
   875    662
   876    662
   877    662
   878    662
   879    662
   880    662
   881    662
   882    662
   883    662
   884    662
   885    662
   886    662
   887    662
   888    662
   889    662
   890    662
   891    662
   892    662
   893    662
   894    662
   895    662
   896    662
   897    662
   898    662
   911    662
   912    662
   913    662
   914    662
   915    662
   916    662
   917    662
   918    662
   919    662
   920    662
   921    662
   922    662
   923    662
   924    662
   925    662
   820    663
   821    663
   822    663
   823    663
   824    663
   825    663
   826    663
   827    663
   828    663
   829    663
   830    663
   831    663
   832    663
   833    663
   834    663
   835    663
   849    663
   850    663
   851    663
   852    663
   853    663
   854    663
   855    663
   856    663
   857    663
   858    663
   859    663
   860    663
   861    663
   862    663
   863    663
   864    663
   865    663
   866    663
   867    663
   868    663
   869    663
   870    663
   871    663
   872    663
   873    663
   874    663
   875    663
   876    663
   877    663
   878    663
   879    663
   880    663
   881    663
   882    663
   883    663
   884    663
   885    663
   886    663
   887    663
   888    663
   889    663
   890    663
   891    663
   892    663
   893    663
   894    663
   895    663
   896    663
   897    663
   898    663
   910    663
   911    663
   912    663
   913    663
   914    663
   915    663
   916    663
   917    663
   918    663
   919    663
   920    663
   921    663
   922    663
   923    663
   924    663
   821    664
   822    664
   823    664
   824    664
   825    664
   826    664
   827    664
   828    664
   829    664
   830    664
   831    664
   832    664
   833    664
   834    664
   835    664
   836    664
   850    664
   851    664
   852    664
   853    664
   854    664
   855    664
   856    664
   857    664
   858    664
   859    664
   860    664
   861    664
   862    664
   863    664
   864    664
   865    664
   866    664
   867    664
   868    664
   869    664
   870    664
   871    664
   872    664
   873    664
   874    664
   875    664
   876    664
   877    664
   878    664
   879    664
   880    664
   881    664
   882    664
   883    664
   884    664
   885    664
   886    664
   887    664
   888    664
   889    664
   890    664
   891    664
   892    664
   893    664
   894    664
   895    664
   896    664
   897    664
   909    664
   910    664
   911    664
   912    664
   913    664
   914    664
   915    664
   916    664
   917    664
   918    664
   919    664
   920    664
   921    664
   922    664
   923    664
   924    664
   822    665
   823    665
   824    665
   825    665
   826    665
   827    665
   828    665
   829    665
   830    665
   831    665
   832    665
   833    665
   834    665
   835    665
   836    665
   850    665
   851    665
   852    665
   853    665
   854    665
   855    665
   856    665
   857    665
   858    665
   859    665
   860    665
   861    665
   862    665
   863    665
   864    665
   865    665
   866    665
   867    665
   868    665
   869    665
   870    665
   871    665
   872    665
   873    665
   874    665
   875    665
   876    665
   877    665
   878    665
   879    665
   880    665
   881    665
   882    665
   883    665
   884    665
   885    665
   886    665
   887    665
   888    665
   889    665
   890    665
   891    665
   892    665
   893    665
   894    665
   895    665
   896    665
   908    665
   909    665
   910    665
   911    665
   912    665
   913    665
   914    665
   915    665
   916    665
   917    665
   918    665
   919    665
   920    665
   921    665
   922    665
   923    665
   822    666
   823    666
   824    666
   825    666
   826    666
   827    666
   828    666
   829    666
   830    666
   831    666
   832    666
   833    666
   834    666
   835    666
   836    666
   837    666
   851    666
   852    666
   853    666
   854    666
   855    666
   856    666
   857    666
   858    666
   859    666
   860    666
   861    666
   862    666
   863    666
   864    666
   865    666
   866    666
   867    666
   868    666
   869    666
   870    666
   871    666
   872    666
   873    666
   874    666
   875    666
   876    666
   877    666
   878    666
   879    666
   880    666
   881    666
   882    666
   883    666
   884    666
   885    666
   886    666
   887    666
   888    666
   889    666
   890    666
   891    666
   892    666
   893    666
   894    666
   895    666
   907    666
   908    666
   909    666
   910    666
   911    666
   912    666
   913    666
   914    666
   915    666
   916    666
   917    666
   918    666
   919    666
   920    666
   921    666
   922    666
   923    666
   822    667
   823    667
   824    667
   825    667
   826    667
   827    667
   828    667
   829    667
   830    667
   831    667
   832    667
   833    667
   834    667
   835    667
   836    667
   837    667
   852    667
   853    667
   854    667
   855    667
   856    667
   857    667
   858    667
   859    667
   860    667
   861    667
   862    667
   863    667
   864    667
   865    667
   866    667
   867    667
   868    667
   869    667
   870    667
   871    667
   872    667
   873    667
   874    667
   875    667
   876    667
   877    667
   878    667
   879    667
   880    667
   881    667
   882    667
   883    667
   884    667
   885    667
   886    667
   887    667
   888    667
   889    667
   890    667
   891    667
   892    667
   893    667
   894    667
   906    667
   907    667
   908    667
   909    667
   910    667
   911    667
   912    667
   913    667
   914    667
   915    667
   916    667
   917    667
   918    667
   919    667
   920    667
   921    667
   922    667
   822    668
   823    668
   824    668
   825    668
   826    668
   827    668
   828    668
   829    668
   830    668
   831    668
   832    668
   833    668
   834    668
   835    668
   836    668
   837    668
   838    668
   853    668
   854    668
   855    668
   856    668
   857    668
   858    668
   859    668
   860    668
   861    668
   862    668
   863    668
   864    668
   865    668
   866    668
   867    668
   868    668
   869    668
   870    668
   871    668
   872    668
   873    668
   874    668
   875    668
   876    668
   877    668
   878    668
   879    668
   880    668
   881    668
   882    668
   883    668
   884    668
   885    668
   886    668
   887    668
   888    668
   889    668
   890    668
   891    668
   892    668
   893    668
   906    668
   907    668
   908    668
   909    668
   910    668
   911    668
   912    668
   913    668
   914    668
   915    668
   916    668
   917    668
   918    668
   919    668
   920    668
   921    668
   922    668
   822    669
   823    669
   824    669
   825    669
   826    669
   827    669
   828    669
   829    669
   830    669
   831    669
   832    669
   833    669
   834    669
   835    669
   836    669
   837    669
   838    669
   853    669
   854    669
   855    669
   856    669
   857    669
   858    669
   859    669
   860    669
   861    669
   862    669
   863    669
   864    669
   865    669
   866    669
   867    669
   868    669
   869    669
   870    669
   871    669
   872    669
   873    669
   874    669
   875    669
   876    669
   877    669
   878    669
   879    669
   880    669
   881    669
   882    669
   883    669
   884    669
   885    669
   886    669
   887    669
   888    669
   889    669
   890    669
   891    669
   892    669
   893    669
   905    669
   906    669
   907    669
   908    669
   909    669
   910    669
   911    669
   912    669
   913    669
   914    669
   915    669
   916    669
   917    669
   918    669
   919    669
   920    669
   921    669
   922    669
   822    670
   823    670
   824    670
   825    670
   826    670
   827    670
   828    670
   829    670
   830    670
   831    670
   832    670
   833    670
   834    670
   835    670
   836    670
   837    670
   838    670
   839    670
   854    670
   855    670
   856    670
   857    670
   858    670
   859    670
   860    670
   861    670
   862    670
   863    670
   864    670
   865    670
   866    670
   867    670
   868    670
   869    670
   870    670
   871    670
   872    670
   873    670
   874    670
   875    670
   876    670
   877    670
   878    670
   879    670
   880    670
   881    670
   882    670
   883    670
   884    670
   885    670
   886    670
   887    670
   888    670
   889    670
   890    670
   891    670
   892    670
   893    670
   905    670
   906    670
   907    670
   908    670
   909    670
   910    670
   911    670
   912    670
   913    670
   914    670
   915    670
   916    670
   917    670
   918    670
   919    670
   920    670
   921    670
   823    671
   824    671
   825    671
   826    671
   827    671
   828    671
   829    671
   830    671
   831    671
   832    671
   833    671
   834    671
   835    671
   836    671
   837    671
   838    671
   839    671
   854    671
   855    671
   856    671
   857    671
   858    671
   859    671
   860    671
   861    671
   862    671
   863    671
   864    671
   865    671
   866    671
   867    671
   868    671
   869    671
   870    671
   871    671
   872    671
   873    671
   874    671
   875    671
   876    671
   877    671
   878    671
   879    671
   880    671
   881    671
   882    671
   883    671
   884    671
   885    671
   886    671
   887    671
   888    671
   889    671
   890    671
   891    671
   892    671
   904    671
   905    671
   906    671
   907    671
   908    671
   909    671
   910    671
   911    671
   912    671
   913    671
   914    671
   915    671
   916    671
   917    671
   918    671
   919    671
   920    671
   823    672
   824    672
   825    672
   826    672
   827    672
   828    672
   829    672
   830    672
   831    672
   832    672
   833    672
   834    672
   835    672
   836    672
   837    672
   838    672
   855    672
   856    672
   857    672
   858    672
   859    672
   860    672
   861    672
   862    672
   863    672
   864    672
   865    672
   866    672
   867    672
   868    672
   869    672
   870    672
   871    672
   872    672
   873    672
   874    672
   875    672
   876    672
   877    672
   878    672
   879    672
   880    672
   881    672
   882    672
   883    672
   884    672
   885    672
   886    672
   887    672
   888    672
   889    672
   890    672
   891    672
   905    672
   906    672
   907    672
   908    672
   909    672
   910    672
   911    672
   912    672
   913    672
   914    672
   915    672
   916    672
   917    672
   918    672
   919    672
   855    673
   856    673
   857    673
   858    673
   859    673
   860    673
   861    673
   862    673
   863    673
   864    673
   865    673
   866    673
   867    673
   868    673
   869    673
   870    673
   871    673
   872    673
   873    673
   874    673
   875    673
   876    673
   877    673
   878    673
   879    673
   880    673
   881    673
   882    673
   883    673
   884    673
   885    673
   886    673
   887    673
   888    673
   889    673
   890    673
   855    674
   856    674
   857    674
   858    674
   859    674
   860    674
   861    674
   862    674
   863    674
   864    674
   865    674
   866    674
   867    674
   868    674
   869    674
   870    674
   871    674
   872    674
   873    674
   874    674
   875    674
   876    674
   877    674
   878    674
   879    674
   880    674
   881    674
   882    674
   883    674
   884    674
   885    674
   886    674
   887    674
   888    674
   889    674
   890    674
   856    675
   857    675
   858    675
   859    675
   860    675
   861    675
   862    675
   863    675
   864    675
   865    675
   866    675
   867    675
   868    675
   869    675
   870    675
   871    675
   872    675
   873    675
   874    675
   875    675
   876    675
   877    675
   878    675
   879    675
   880    675
   881    675
   882    675
   883    675
   884    675
   885    675
   886    675
   887    675
   888    675
   889    675
   856    676
   857    676
   858    676
   859    676
   860    676
   861    676
   862    676
   863    676
   864    676
   865    676
   866    676
   867    676
   868    676
   869    676
   870    676
   871    676
   872    676
   873    676
   874    676
   875    676
   876    676
   877    676
   878    676
   879    676
   880    676
   881    676
   882    676
   883    676
   884    676
   885    676
   886    676
   887    676
   888    676
   857    677
   858    677
   859    677
   860    677
   861    677
   862    677
   863    677
   864    677
   865    677
   866    677
   867    677
   868    677
   869    677
   870    677
   871    677
   872    677
   873    677
   874    677
   875    677
   876    677
   877    677
   878    677
   879    677
   880    677
   881    677
   882    677
   883    677
   884    677
   885    677
   886    677
   887    677
   888    677
   857    678
   858    678
   859    678
   860    678
   861    678
   862    678
   863    678
   864    678
   865    678
   866    678
   867    678
   868    678
   869    678
   870    678
   871    678
   872    678
   873    678
   874    678
   875    678
   876    678
   877    678
   878    678
   879    678
   880    678
   881    678
   882    678
   883    678
   884    678
   885    678
   886    678
   887    678
   857    679
   858    679
   859    679
   860    679
   861    679
   862    679
   863    679
   864    679
   865    679
   866    679
   867    679
   868    679
   869    679
   870    679
   871    679
   872    679
   873    679
   874    679
   875    679
   876    679
   877    679
   878    679
   879    679
   880    679
   881    679
   882    679
   883    679
   884    679
   885    679
   886    679
   887    679
   856    680
   857    680
   858    680
   859    680
   860    680
   861    680
   862    680
   863    680
   864    680
   865    680
   866    680
   867    680
   868    680
   869    680
   870    680
   871    680
   872    680
   873    680
   874    680
   875    680
   876    680
   877    680
   878    680
   879    680
   880    680
   881    680
   882    680
   883    680
   884    680
   885    680
   886    680
   856    681
   857    681
   858    681
   859    681
   860    681
   861    681
   862    681
   863    681
   864    681
   865    681
   866    681
   867    681
   868    681
   869    681
   870    681
   871    681
   872    681
   873    681
   874    681
   875    681
   876    681
   877    681
   878    681
   879    681
   880    681
   881    681
   882    681
   883    681
   884    681
   885    681
   886    681
   857    682
   858    682
   859    682
   860    682
   861    682
   862    682
   863    682
   864    682
   865    682
   866    682
   867    682
   868    682
   869    682
   870    682
   871    682
   872    682
   873    682
   874    682
   875    682
   876    682
   877    682
   878    682
   879    682
   880    682
   881    682
   882    682
   883    682
   884    682
   885    682
   857    683
   858    683
   859    683
   860    683
   861    683
   862    683
   863    683
   864    683
   865    683
   866    683
   867    683
   868    683
   869    683
   870    683
   871    683
   872    683
   873    683
   874    683
   875    683
   876    683
   877    683
   878    683
   879    683
   880    683
   881    683
   882    683
   883    683
   884    683
   885    683
   857    684
   858    684
   859    684
   860    684
   861    684
   862    684
   863    684
   864    684
   865    684
   866    684
   867    684
   868    684
   869    684
   870    684
   871    684
   872    684
   873    684
   874    684
   875    684
   876    684
   877    684
   878    684
   879    684
   880    684
   881    684
   882    684
   883    684
   884    684
   857    685
   858    685
   859    685
   860    685
   861    685
   862    685
   863    685
   864    685
   865    685
   866    685
   867    685
   868    685
   869    685
   870    685
   871    685
   872    685
   873    685
   874    685
   875    685
   876    685
   877    685
   878    685
   879    685
   880    685
   881    685
   882    685
   883    685
   884    685
   858    686
   859    686
   860    686
   861    686
   862    686
   863    686
   864    686
   865    686
   866    686
   867    686
   868    686
   869    686
   870    686
   871    686
   872    686
   873    686
   874    686
   875    686
   876    686
   877    686
   878    686
   879    686
   880    686
   881    686
   882    686
   883    686
   884    686
   858    687
   859    687
   860    687
   861    687
   862    687
   863    687
   864    687
   865    687
   866    687
   867    687
   868    687
   869    687
   870    687
   871    687
   872    687
   873    687
   874    687
   875    687
   876    687
   877    687
   878    687
   879    687
   880    687
   881    687
   882    687
   883    687
   858    688
   859    688
   860    688
   861    688
   862    688
   863    688
   864    688
   865    688
   866    688
   867    688
   868    688
   869    688
   870    688
   871    688
   872    688
   873    688
   874    688
   875    688
   876    688
   877    688
   878    688
   879    688
   880    688
   881    688
   882    688
   883    688
   859    689
   860    689
   861    689
   862    689
   863    689
   864    689
   865    689
   866    689
   867    689
   868    689
   869    689
   870    689
   871    689
   872    689
   873    689
   874    689
   875    689
   876    689
   877    689
   878    689
   879    689
   880    689
   881    689
   882    689
   859    690
   860    690
   861    690
   862    690
   863    690
   864    690
   865    690
   866    690
   867    690
   868    690
   869    690
   870    690
   871    690
   872    690
   873    690
   874    690
   875    690
   876    690
   877    690
   878    690
   879    690
   880    690
   881    690
   882    690
   858    691
   859    691
   860    691
   861    691
   862    691
   863    691
   864    691
   865    691
   866    691
   867    691
   868    691
   869    691
   870    691
   871    691
   872    691
   873    691
   874    691
   875    691
   876    691
   877    691
   878    691
   879    691
   880    691
   881    691
   882    691
   858    692
   859    692
   860    692
   861    692
   862    692
   863    692
   864    692
   865    692
   866    692
   867    692
   868    692
   869    692
   870    692
   871    692
   872    692
   873    692
   874    692
   875    692
   876    692
   877    692
   878    692
   879    692
   880    692
   881    692
   882    692
   858    693
   859    693
   860    693
   861    693
   862    693
   863    693
   864    693
   865    693
   866    693
   867    693
   868    693
   869    693
   870    693
   871    693
   872    693
   873    693
   874    693
   875    693
   876    693
   877    693
   878    693
   879    693
   880    693
   881    693
   858    694
   859    694
   860    694
   861    694
   862    694
   863    694
   864    694
   865    694
   866    694
   867    694
   868    694
   869    694
   870    694
   871    694
   872    694
   873    694
   874    694
   875    694
   876    694
   877    694
   878    694
   879    694
   880    694
   881    694
   858    695
   859    695
   860    695
   861    695
   862    695
   863    695
   864    695
   865    695
   866    695
   867    695
   868    695
   869    695
   870    695
   871    695
   872    695
   873    695
   874    695
   875    695
   876    695
   877    695
   878    695
   879    695
   880    695
   881    695
   858    696
   859    696
   860    696
   861    696
   862    696
   863    696
   864    696
   865    696
   866    696
   867    696
   868    696
   869    696
   870    696
   871    696
   872    696
   873    696
   874    696
   875    696
   876    696
   877    696
   878    696
   879    696
   880    696
   881    696
   858    697
   859    697
   860    697
   861    697
   862    697
   863    697
   864    697
   865    697
   866    697
   867    697
   868    697
   869    697
   870    697
   871    697
   872    697
   873    697
   874    697
   875    697
   876    697
   877    697
   878    697
   879    697
   880    697
   881    697
   858    698
   859    698
   860    698
   861    698
   862    698
   863    698
   864    698
   865    698
   866    698
   867    698
   868    698
   869    698
   870    698
   871    698
   872    698
   873    698
   874    698
   875    698
   876    698
   877    698
   878    698
   879    698
   880    698
   858    699
   859    699
   860    699
   861    699
   862    699
   863    699
   864    699
   865    699
   866    699
   867    699
   868    699
   869    699
   870    699
   871    699
   872    699
   873    699
   874    699
   875    699
   876    699
   877    699
   878    699
   879    699
   880    699
   858    700
   859    700
   860    700
   861    700
   862    700
   863    700
   864    700
   865    700
   866    700
   867    700
   868    700
   869    700
   870    700
   871    700
   872    700
   873    700
   874    700
   875    700
   876    700
   877    700
   878    700
   879    700
   880    700
   859    701
   860    701
   861    701
   862    701
   863    701
   864    701
   865    701
   866    701
   867    701
   868    701
   869    701
   870    701
   871    701
   872    701
   873    701
   874    701
   875    701
   876    701
   877    701
   878    701
   879    701
   880    701
   859    702
   860    702
   861    702
   862    702
   863    702
   864    702
   865    702
   866    702
   867    702
   868    702
   869    702
   870    702
   871    702
   872    702
   873    702
   874    702
   875    702
   876    702
   877    702
   878    702
   879    702
   880    702
   860    703
   861    703
   862    703
   863    703
   864    703
   865    703
   866    703
   867    703
   868    703
   869    703
   870    703
   871    703
   872    703
   873    703
   874    703
   875    703
   876    703
   877    703
   878    703
   879    703
   880    703
   860    704
   861    704
   862    704
   863    704
   864    704
   865    704
   866    704
   867    704
   868    704
   869    704
   870    704
   871    704
   872    704
   873    704
   874    704
   875    704
   876    704
   877    704
   878    704
   879    704
   880    704
   859    705
   860    705
   861    705
   862    705
   863    705
   864    705
   865    705
   866    705
   867    705
   868    705
   869    705
   870    705
   871    705
   872    705
   873    705
   874    705
   875    705
   876    705
   877    705
   878    705
   879    705
   860    706
   861    706
   862    706
   863    706
   864    706
   865    706
   866    706
   867    706
   868    706
   869    706
   870    706
   871    706
   872    706
   873    706
   874    706
   875    706
   876    706
   877    706
   878    706
   879    706
   880    706
   860    707
   861    707
   862    707
   863    707
   864    707
   865    707
   866    707
   867    707
   868    707
   869    707
   870    707
   871    707
   872    707
   873    707
   874    707
   875    707
   876    707
   877    707
   878    707
   879    707
   859    708
   860    708
   861    708
   862    708
   863    708
   864    708
   865    708
   866    708
   867    708
   868    708
   869    708
   870    708
   871    708
   872    708
   873    708
   874    708
   875    708
   876    708
   877    708
   878    708
   879    708
   880    708
   860    709
   861    709
   862    709
   863    709
   864    709
   865    709
   866    709
   867    709
   868    709
   869    709
   870    709
   871    709
   872    709
   873    709
   874    709
   875    709
   876    709
   877    709
   878    709
   879    709
   859    710
   860    710
   861    710
   862    710
   863    710
   864    710
   865    710
   866    710
   867    710
   868    710
   869    710
   870    710
   871    710
   872    710
   873    710
   874    710
   875    710
   876    710
   877    710
   878    710
   879    710
   880    710
   859    711
   860    711
   861    711
   862    711
   863    711
   864    711
   865    711
   866    711
   867    711
   868    711
   869    711
   870    711
   871    711
   872    711
   873    711
   874    711
   875    711
   876    711
   877    711
   878    711
   879    711
   880    711
   859    712
   860    712
   861    712
   862    712
   863    712
   864    712
   865    712
   866    712
   867    712
   868    712
   869    712
   870    712
   871    712
   872    712
   873    712
   874    712
   875    712
   876    712
   877    712
   878    712
   879    712
   880    712
   859    713
   860    713
   861    713
   862    713
   863    713
   864    713
   865    713
   866    713
   867    713
   868    713
   869    713
   870    713
   871    713
   872    713
   873    713
   874    713
   875    713
   876    713
   877    713
   878    713
   879    713
   859    714
   860    714
   861    714
   862    714
   863    714
   864    714
   865    714
   866    714
   867    714
   868    714
   869    714
   870    714
   871    714
   872    714
   873    714
   874    714
   875    714
   876    714
   877    714
   878    714
   879    714
   880    714
   859    715
   860    715
   861    715
   862    715
   863    715
   864    715
   865    715
   866    715
   867    715
   868    715
   869    715
   870    715
   871    715
   872    715
   873    715
   874    715
   875    715
   876    715
   877    715
   878    715
   879    715
   880    715
   858    716
   859    716
   860    716
   861    716
   862    716
   863    716
   864    716
   865    716
   866    716
   867    716
   868    716
   869    716
   870    716
   871    716
   872    716
   873    716
   874    716
   875    716
   876    716
   877    716
   878    716
   879    716
   880    716
   858    717
   859    717
   860    717
   861    717
   862    717
   863    717
   864    717
   865    717
   866    717
   867    717
   868    717
   869    717
   870    717
   871    717
   872    717
   873    717
   874    717
   875    717
   876    717
   877    717
   878    717
   879    717
   880    717
   858    718
   859    718
   860    718
   861    718
   862    718
   863    718
   864    718
   865    718
   866    718
   867    718
   868    718
   869    718
   870    718
   871    718
   872    718
   873    718
   874    718
   875    718
   876    718
   877    718
   878    718
   879    718
   880    718
   858    719
   859    719
   860    719
   861    719
   862    719
   863    719
   864    719
   865    719
   866    719
   867    719
   868    719
   869    719
   870    719
   871    719
   872    719
   873    719
   874    719
   875    719
   876    719
   877    719
   878    719
   879    719
   880    719
   858    720
   859    720
   860    720
   861    720
   862    720
   863    720
   864    720
   865    720
   866    720
   867    720
   868    720
   869    720
   870    720
   871    720
   872    720
   873    720
   874    720
   875    720
   876    720
   877    720
   878    720
   879    720
   880    720
   858    721
   859    721
   860    721
   861    721
   862    721
   863    721
   864    721
   865    721
   866    721
   867    721
   868    721
   869    721
   870    721
   871    721
   872    721
   873    721
   874    721
   875    721
   876    721
   877    721
   878    721
   879    721
   880    721
   857    722
   858    722
   859    722
   860    722
   861    722
   862    722
   863    722
   864    722
   865    722
   866    722
   867    722
   868    722
   869    722
   870    722
   871    722
   872    722
   873    722
   874    722
   875    722
   876    722
   877    722
   878    722
   879    722
   880    722
   881    722
   858    723
   859    723
   860    723
   861    723
   862    723
   863    723
   864    723
   865    723
   866    723
   867    723
   868    723
   869    723
   870    723
   871    723
   872    723
   873    723
   874    723
   875    723
   876    723
   877    723
   878    723
   879    723
   880    723
   858    724
   859    724
   860    724
   861    724
   862    724
   863    724
   864    724
   865    724
   866    724
   867    724
   868    724
   869    724
   870    724
   871    724
   872    724
   873    724
   874    724
   875    724
   876    724
   877    724
   878    724
   879    724
   880    724
   881    724
   857    725
   858    725
   859    725
   860    725
   861    725
   862    725
   863    725
   864    725
   865    725
   866    725
   867    725
   868    725
   869    725
   870    725
   871    725
   872    725
   873    725
   874    725
   875    725
   876    725
   877    725
   878    725
   879    725
   880    725
   857    726
   858    726
   859    726
   860    726
   861    726
   862    726
   863    726
   864    726
   865    726
   866    726
   867    726
   868    726
   869    726
   870    726
   871    726
   872    726
   873    726
   874    726
   875    726
   876    726
   877    726
   878    726
   879    726
   880    726
   881    726
   857    727
   858    727
   859    727
   860    727
   861    727
   862    727
   863    727
   864    727
   865    727
   866    727
   867    727
   868    727
   869    727
   870    727
   871    727
   872    727
   873    727
   874    727
   875    727
   876    727
   877    727
   878    727
   879    727
   880    727
   881    727
   857    728
   858    728
   859    728
   860    728
   861    728
   862    728
   863    728
   864    728
   865    728
   866    728
   867    728
   868    728
   869    728
   870    728
   871    728
   872    728
   873    728
   874    728
   875    728
   876    728
   877    728
   878    728
   879    728
   857    729
   858    729
   859    729
   860    729
   861    729
   862    729
   863    729
   864    729
   865    729
   866    729
   867    729
   868    729
   869    729
   870    729
   871    729
   872    729
   873    729
   874    729
   875    729
   876    729
   877    729
   878    729
   879    729
   880    729
   857    730
   858    730
   859    730
   860    730
   861    730
   862    730
   863    730
   864    730
   865    730
   866    730
   867    730
   868    730
   869    730
   870    730
   871    730
   872    730
   873    730
   874    730
   875    730
   876    730
   877    730
   878    730
   879    730
   880    730
   857    731
   858    731
   859    731
   860    731
   861    731
   862    731
   863    731
   864    731
   865    731
   866    731
   867    731
   868    731
   869    731
   870    731
   871    731
   872    731
   873    731
   874    731
   875    731
   876    731
   877    731
   878    731
   879    731
   858    732
   859    732
   860    732
   861    732
   862    732
   863    732
   864    732
   865    732
   866    732
   867    732
   868    732
   869    732
   870    732
   871    732
   872    732
   873    732
   874    732
   875    732
   876    732
   877    732
   878    732
   879    732
   859    733
   860    733
   861    733
   862    733
   863    733
   864    733
   865    733
   866    733
   867    733
   868    733
   869    733
   870    733
   871    733
   872    733
   873    733
   874    733
   875    733
   876    733
   877    733
   878    733
   860    734
   861    734
   862    734
   863    734
   864    734
   865    734
   866    734
   867    734
   868    734
   869    734
   870    734
   871    734
   872    734
   873    734
   874    734
   875    734
   876    734
   877    734
   861    735
   862    735
   863    735
   864    735
   865    735
   866    735
   867    735
   868    735
   869    735
   870    735
   871    735
   872    735
   873    735
   874    735
   875    735
