   857    605
   858    605
   859    605
   860    605
   861    605
   862    605
   863    605
   864    605
   865    605
   857    606
   858    606
   859    606
   860    606
   861    606
   862    606
   863    606
   864    606
   865    606
   866    606
   857    607
   858    607
   859    607
   860    607
   861    607
   862    607
   863    607
   864    607
   865    607
   866    607
   856    608
   857    608
   858    608
   859    608
   860    608
   861    608
   862    608
   863    608
   864    608
   865    608
   856    609
   857    609
   858    609
   859    609
   860    609
   861    609
   862    609
   863    609
   864    609
   865    609
   856    610
   857    610
   858    610
   859    610
   860    610
   861    610
   862    610
   863    610
   864    610
   865    610
   855    611
   856    611
   857    611
   858    611
   859    611
   860    611
   861    611
   862    611
   863    611
   864    611
   855    612
   856    612
   857    612
   858    612
   859    612
   860    612
   861    612
   862    612
   863    612
   864    612
   855    613
   856    613
   857    613
   858    613
   859    613
   860    613
   861    613
   862    613
   863    613
   864    613
   855    614
   856    614
   857    614
   858    614
   859    614
   860    614
   861    614
   862    614
   863    614
   864    614
   855    615
   856    615
   857    615
   858    615
   859    615
   860    615
   861    615
   862    615
   863    615
   864    615
   854    616
   855    616
   856    616
   857    616
   858    616
   859    616
   860    616
   861    616
   862    616
   863    616
   855    617
   856    617
   857    617
   858    617
   859    617
   860    617
   861    617
   862    617
