   939    587
   940    587
   941    587
   942    587
   943    587
   944    587
   945    587
   939    588
   940    588
   941    588
   942    588
   943    588
   944    588
   945    588
   938    589
   939    589
   940    589
   941    589
   942    589
   943    589
   944    589
   945    589
   938    590
   939    590
   940    590
   941    590
   942    590
   943    590
   944    590
   945    590
   938    591
   939    591
   940    591
   941    591
   942    591
   943    591
   944    591
   945    591
   938    592
   939    592
   940    592
   941    592
   942    592
   943    592
   944    592
   938    593
   939    593
   940    593
   941    593
   942    593
   943    593
   944    593
   945    593
   938    594
   939    594
   940    594
   941    594
   942    594
   943    594
   944    594
   938    595
   939    595
   940    595
   941    595
   942    595
   943    595
   944    595
   945    595
   938    596
   939    596
   940    596
   941    596
   942    596
   943    596
   944    596
   938    597
   939    597
   940    597
   941    597
   942    597
   943    597
   944    597
   938    598
   939    598
   940    598
   941    598
   942    598
   943    598
   944    598
   945    598
   938    599
   939    599
   940    599
   941    599
   942    599
   943    599
   944    599
   938    600
   939    600
   940    600
   941    600
   942    600
   943    600
   944    600
   938    601
   939    601
   940    601
   941    601
   942    601
   943    601
   944    601
   938    602
   939    602
   940    602
   941    602
   942    602
   943    602
   944    602
   937    603
   938    603
   939    603
   940    603
   941    603
   942    603
   943    603
   938    604
   939    604
   940    604
   941    604
   942    604
   938    605
   939    605
   940    605
   941    605
   942    605
   937    606
   938    606
   939    606
   940    606
   941    606
   938    607
   939    607
   940    607
   938    608
   939    608
   940    608
   938    609
   939    609
