   891    730
   893    730
   894    730
   895    730
   896    730
   897    730
   898    730
   899    730
   900    730
   901    730
   891    731
   893    731
   894    731
   895    731
   896    731
   897    731
   898    731
   899    731
   900    731
   901    731
   891    732
   893    732
   894    732
   895    732
   896    732
   897    732
   898    732
   899    732
   900    732
   901    732
   891    733
   892    733
   893    733
   894    733
   895    733
   896    733
   897    733
   898    733
   899    733
   900    733
   901    733
   891    734
   892    734
   893    734
   894    734
   895    734
   896    734
   897    734
   898    734
   899    734
   901    734
   890    735
   892    735
   893    735
   894    735
   895    735
   896    735
   897    735
   898    735
   899    735
   901    735
   890    736
   891    736
   892    736
   893    736
   894    736
   895    736
   896    736
   897    736
   898    736
   899    736
   900    736
   891    737
   892    737
   893    737
   894    737
   895    737
   896    737
   897    737
   898    737
   899    737
   900    737
   889    738
   891    738
   892    738
   893    738
   894    738
   895    738
   896    738
   897    738
   898    738
   899    738
   900    738
   889    739
   891    739
   892    739
   893    739
   894    739
   895    739
   896    739
   897    739
   898    739
   899    739
   900    739
   889    740
   890    740
   891    740
   892    740
   893    740
   894    740
   895    740
   896    740
   897    740
   898    740
   899    740
   900    740
   889    741
   890    741
   891    741
   892    741
   893    741
   894    741
   895    741
   896    741
   897    741
   898    741
   899    741
   900    741
   888    742
   890    742
   891    742
   892    742
   893    742
   894    742
   895    742
   896    742
   897    742
   898    742
   899    742
   900    742
   888    743
   890    743
   891    743
   892    743
   893    743
   894    743
   895    743
   896    743
   897    743
   898    743
   888    744
   889    744
   890    744
   891    744
   892    744
   893    744
   894    744
   895    744
   896    744
   897    744
   898    744
   887    745
   889    745
   890    745
   891    745
   892    745
   893    745
   894    745
   895    745
   896    745
   897    745
   898    745
   899    745
   887    746
   889    746
   890    746
   891    746
   892    746
   893    746
   894    746
   895    746
   896    746
   897    746
   898    746
   899    746
   887    747
   889    747
   890    747
   891    747
   892    747
   893    747
   894    747
   895    747
   896    747
   897    747
   898    747
   899    747
   887    748
   890    748
   891    748
   892    748
   893    748
   894    748
   895    748
   896    748
   897    748
   898    748
   887    749
   890    749
   891    749
   892    749
   893    749
   894    749
   895    749
   896    749
   897    749
   898    749
   890    750
   891    750
   892    750
   893    750
   894    750
   895    750
   896    750
   897    750
   898    750
   887    751
   889    751
   890    751
   891    751
   892    751
   893    751
   894    751
   895    751
   896    751
   897    751
   887    752
   889    752
   890    752
   891    752
   892    752
   893    752
   894    752
   895    752
   896    752
   887    753
   889    753
   890    753
   891    753
   892    753
   893    753
   894    753
   895    753
   896    753
   887    754
   889    754
   890    754
   891    754
   892    754
   893    754
   894    754
   895    754
   887    755
   888    755
   889    755
   890    755
   891    755
   892    755
   893    755
   894    755
   895    755
   887    756
   888    756
   889    756
   890    756
   891    756
   892    756
   893    756
   894    756
   895    756
   887    757
   888    757
   889    757
   890    757
   891    757
   892    757
   893    757
   894    757
   887    758
   888    758
   889    758
   890    758
   891    758
   892    758
   893    758
   894    758
   887    759
   888    759
   889    759
   890    759
   891    759
   892    759
   893    759
   894    759
   888    760
   889    760
   890    760
   891    760
   892    760
   893    760
   890    761
   891    761
   892    761
   893    761
   890    762
   892    762
