   837    730
   838    730
   839    730
   840    730
   841    730
   842    730
   843    730
   844    730
   845    730
   846    730
   847    730
   848    730
   849    730
   850    730
   851    730
   852    730
   853    730
   854    730
   855    730
   856    730
   857    730
   858    730
   859    730
   860    730
   861    730
   862    730
   863    730
   864    730
   865    730
   866    730
   867    730
   868    730
   869    730
   870    730
   871    730
   872    730
   873    730
   874    730
   875    730
   876    730
   877    730
   878    730
   879    730
   880    730
   885    730
   886    730
   888    730
   889    730
   890    730
   891    730
   896    730
   897    730
   898    730
   899    730
   900    730
   901    730
   902    730
   903    730
   904    730
   905    730
   906    730
   907    730
   908    730
   909    730
   910    730
   911    730
   916    730
   917    730
   918    730
   919    730
   920    730
   921    730
   922    730
   923    730
   927    730
   928    730
   930    730
   931    730
   932    730
   933    730
   934    730
   935    730
   936    730
   937    730
   938    730
   939    730
   946    730
   947    730
   948    730
   949    730
   950    730
   951    730
   952    730
   953    730
   954    730
   955    730
   956    730
   957    730
   958    730
   959    730
   963    730
   964    730
   965    730
   966    730
   967    730
   970    730
   971    730
   972    730
   973    730
   974    730
   975    730
   977    730
   978    730
   979    730
   980    730
   981    730
   982    730
   984    730
   985    730
   986    730
   987    730
   988    730
   837    731
   838    731
   839    731
   840    731
   841    731
   842    731
   843    731
   844    731
   845    731
   846    731
   847    731
   848    731
   849    731
   850    731
   851    731
   852    731
   853    731
   854    731
   855    731
   856    731
   857    731
   858    731
   859    731
   860    731
   861    731
   863    731
   864    731
   865    731
   866    731
   867    731
   868    731
   869    731
   870    731
   871    731
   872    731
   873    731
   874    731
   875    731
   876    731
   877    731
   878    731
   879    731
   880    731
   885    731
   886    731
   888    731
   889    731
   890    731
   891    731
   892    731
   893    731
   894    731
   895    731
   896    731
   897    731
   898    731
   899    731
   900    731
   901    731
   902    731
   903    731
   904    731
   905    731
   906    731
   907    731
   908    731
   909    731
   910    731
   911    731
   916    731
   917    731
   918    731
   919    731
   920    731
   921    731
   922    731
   923    731
   924    731
   928    731
   930    731
   931    731
   932    731
   933    731
   934    731
   935    731
   936    731
   937    731
   938    731
   939    731
   946    731
   947    731
   948    731
   949    731
   950    731
   951    731
   952    731
   953    731
   954    731
   955    731
   956    731
   957    731
   958    731
   959    731
   960    731
   961    731
   962    731
   963    731
   967    731
   968    731
   969    731
   970    731
   971    731
   972    731
   973    731
   974    731
   975    731
   978    731
   979    731
   981    731
   982    731
   983    731
   984    731
   985    731
   986    731
   987    731
   988    731
   989    731
   990    731
   837    732
   838    732
   839    732
   840    732
   841    732
   842    732
   843    732
   844    732
   845    732
   846    732
   847    732
   848    732
   849    732
   850    732
   851    732
   852    732
   853    732
   854    732
   855    732
   856    732
   857    732
   859    732
   860    732
   861    732
   862    732
   863    732
   864    732
   865    732
   866    732
   867    732
   868    732
   869    732
   870    732
   871    732
   872    732
   873    732
   874    732
   875    732
   876    732
   877    732
   878    732
   879    732
   884    732
   885    732
   886    732
   887    732
   888    732
   889    732
   890    732
   891    732
   892    732
   893    732
   894    732
   895    732
   896    732
   897    732
   898    732
   899    732
   900    732
   901    732
   902    732
   903    732
   904    732
   905    732
   906    732
   907    732
   908    732
   909    732
   918    732
   919    732
   920    732
   921    732
   922    732
   923    732
   924    732
   925    732
   928    732
   930    732
   931    732
   932    732
   933    732
   934    732
   935    732
   936    732
   937    732
   938    732
   940    732
   941    732
   948    732
   949    732
   950    732
   951    732
   952    732
   953    732
   954    732
   955    732
   956    732
   957    732
   958    732
   959    732
   961    732
   962    732
   963    732
   964    732
   965    732
   966    732
   967    732
   968    732
   981    732
   982    732
   983    732
   984    732
   985    732
   986    732
   987    732
   988    732
   989    732
   990    732
   838    733
   839    733
   840    733
   841    733
   842    733
   843    733
   844    733
   845    733
   846    733
   847    733
   848    733
   849    733
   850    733
   851    733
   852    733
   853    733
   854    733
   855    733
   856    733
   857    733
   858    733
   859    733
   860    733
   861    733
   863    733
   864    733
   865    733
   866    733
   867    733
   868    733
   869    733
   870    733
   871    733
   872    733
   873    733
   874    733
   875    733
   876    733
   877    733
   878    733
   879    733
   880    733
   881    733
   882    733
   883    733
   884    733
   885    733
   886    733
   887    733
   888    733
   889    733
   890    733
   891    733
   894    733
   895    733
   896    733
   897    733
   898    733
   899    733
   900    733
   901    733
   902    733
   903    733
   904    733
   905    733
   906    733
   907    733
   908    733
   909    733
   918    733
   919    733
   920    733
   921    733
   922    733
   923    733
   924    733
   925    733
   926    733
   927    733
   928    733
   930    733
   931    733
   932    733
   933    733
   934    733
   935    733
   936    733
   937    733
   938    733
   940    733
   941    733
   942    733
   948    733
   949    733
   950    733
   951    733
   952    733
   953    733
   954    733
   955    733
   956    733
   957    733
   958    733
   959    733
   967    733
   968    733
   969    733
   970    733
   971    733
   972    733
   973    733
   974    733
   975    733
   976    733
   977    733
   978    733
   979    733
   980    733
   981    733
   982    733
   983    733
   984    733
   985    733
   986    733
   987    733
   988    733
   989    733
   993    733
   994    733
   995    733
   836    734
   837    734
   838    734
   839    734
   840    734
   841    734
   842    734
   843    734
   844    734
   845    734
   846    734
   847    734
   848    734
   849    734
   850    734
   851    734
   852    734
   853    734
   854    734
   855    734
   856    734
   857    734
   858    734
   859    734
   860    734
   861    734
   862    734
   863    734
   864    734
   865    734
   866    734
   867    734
   868    734
   869    734
   870    734
   871    734
   872    734
   873    734
   874    734
   875    734
   876    734
   877    734
   878    734
   879    734
   880    734
   881    734
   882    734
   883    734
   884    734
   885    734
   886    734
   888    734
   889    734
   890    734
   891    734
   892    734
   893    734
   894    734
   895    734
   896    734
   900    734
   901    734
   902    734
   903    734
   920    734
   921    734
   922    734
   923    734
   924    734
   925    734
   926    734
   927    734
   928    734
   930    734
   931    734
   932    734
   934    734
   935    734
   937    734
   938    734
   939    734
   940    734
   941    734
   942    734
   943    734
   948    734
   949    734
   950    734
   951    734
   959    734
   960    734
   961    734
   962    734
   963    734
   964    734
   965    734
   966    734
   967    734
   970    734
   971    734
   983    734
   984    734
   986    734
   994    734
   995    734
   997    734
   998    734
   836    735
   837    735
   838    735
   839    735
   840    735
   841    735
   842    735
   843    735
   844    735
   845    735
   846    735
   847    735
   848    735
   849    735
   850    735
   851    735
   852    735
   853    735
   854    735
   855    735
   856    735
   857    735
   858    735
   859    735
   860    735
   861    735
   862    735
   863    735
   864    735
   865    735
   866    735
   867    735
   868    735
   869    735
   870    735
   871    735
   872    735
   873    735
   874    735
   875    735
   876    735
   877    735
   878    735
   879    735
   880    735
   881    735
   882    735
   884    735
   885    735
   886    735
   887    735
   888    735
   889    735
   890    735
   891    735
   892    735
   893    735
   894    735
   895    735
   896    735
   897    735
   919    735
   920    735
   921    735
   922    735
   924    735
   926    735
   927    735
   929    735
   930    735
   931    735
   932    735
   936    735
   937    735
   938    735
   939    735
   940    735
   941    735
   942    735
   948    735
   949    735
   950    735
   951    735
   959    735
   960    735
   961    735
   962    735
   963    735
   964    735
   965    735
   966    735
   967    735
   968    735
   992    735
   993    735
   994    735
   995    735
   996    735
   997    735
   998    735
   999    735
  1000    735
   839    736
   840    736
   841    736
   842    736
   843    736
   844    736
   845    736
   846    736
   847    736
   862    736
   863    736
   864    736
   865    736
   866    736
   867    736
   868    736
   869    736
   870    736
   871    736
   872    736
   873    736
   877    736
   878    736
   879    736
   880    736
   881    736
   882    736
   883    736
   887    736
   888    736
   889    736
   890    736
   891    736
   892    736
   895    736
   896    736
   897    736
   916    736
   917    736
   918    736
   919    736
   920    736
   922    736
   923    736
   924    736
   925    736
   926    736
   927    736
   928    736
   929    736
   933    736
   934    736
   935    736
   948    736
   949    736
   950    736
   951    736
   952    736
   953    736
   954    736
   955    736
   956    736
   957    736
   959    736
   960    736
   961    736
   962    736
   963    736
   964    736
   965    736
   966    736
   967    736
   976    736
   977    736
   978    736
   979    736
   992    736
   993    736
   994    736
   995    736
   996    736
   997    736
   998    736
   999    736
  1000    736
  1001    736
  1002    736
   840    737
   841    737
   842    737
   843    737
   844    737
   845    737
   846    737
   847    737
   862    737
   863    737
   864    737
   865    737
   866    737
   867    737
   868    737
   870    737
   871    737
   872    737
   873    737
   876    737
   877    737
   878    737
   879    737
   880    737
   881    737
   882    737
   883    737
   887    737
   888    737
   889    737
   890    737
   891    737
   895    737
   896    737
   916    737
   917    737
   918    737
   919    737
   920    737
   921    737
   922    737
   923    737
   924    737
   949    737
   950    737
   951    737
   952    737
   953    737
   956    737
   957    737
   958    737
   959    737
   960    737
   961    737
   962    737
   963    737
   964    737
   965    737
   966    737
   967    737
   968    737
   976    737
   977    737
   978    737
   979    737
   980    737
   985    737
   992    737
   993    737
   995    737
   996    737
   997    737
   998    737
   999    737
  1002    737
  1003    737
  1004    737
  1005    737
   860    738
   861    738
   862    738
   863    738
   864    738
   865    738
   866    738
   867    738
   868    738
   870    738
   871    738
   872    738
   876    738
   877    738
   878    738
   879    738
   882    738
   883    738
   888    738
   889    738
   890    738
   894    738
   895    738
   896    738
   897    738
   918    738
   919    738
   920    738
   921    738
   922    738
   923    738
   924    738
   949    738
   950    738
   951    738
   957    738
   958    738
   959    738
   960    738
   961    738
   962    738
   963    738
   964    738
   968    738
   969    738
   970    738
   971    738
   975    738
   976    738
   977    738
   978    738
   979    738
   980    738
   983    738
   984    738
   985    738
   986    738
   987    738
   988    738
   989    738
   991    738
   992    738
   859    739
   860    739
   861    739
   862    739
   863    739
   864    739
   865    739
   866    739
   867    739
   868    739
   869    739
   870    739
   871    739
   877    739
   878    739
   879    739
   880    739
   881    739
   882    739
   883    739
   889    739
   890    739
   891    739
   892    739
   893    739
   894    739
   895    739
   897    739
   918    739
   919    739
   920    739
   921    739
   922    739
   923    739
   924    739
   948    739
   949    739
   950    739
   956    739
   957    739
   958    739
   959    739
   960    739
   961    739
   962    739
   963    739
   964    739
   965    739
   966    739
   967    739
   968    739
   969    739
   970    739
   971    739
   972    739
   973    739
   975    739
   976    739
   977    739
   978    739
   979    739
   980    739
   981    739
   982    739
   983    739
   984    739
   990    739
   991    739
   994    739
   859    740
   860    740
   861    740
   862    740
   863    740
   878    740
   879    740
   880    740
   922    740
   923    740
   924    740
   925    740
   926    740
   927    740
   928    740
   934    740
   935    740
   936    740
   937    740
   938    740
   939    740
   940    740
   941    740
   942    740
   943    740
   947    740
   948    740
   949    740
   950    740
   952    740
   953    740
   954    740
   955    740
   956    740
   957    740
   958    740
   960    740
   961    740
   962    740
   963    740
   965    740
   966    740
   967    740
   970    740
   971    740
   972    740
   973    740
   974    740
   975    740
   976    740
   977    740
   978    740
   979    740
   980    740
   981    740
   982    740
   990    740
   992    740
   860    741
   861    741
   862    741
   863    741
   879    741
   880    741
   881    741
   920    741
   921    741
   922    741
   923    741
   924    741
   925    741
   926    741
   927    741
   928    741
   929    741
   933    741
   934    741
   935    741
   936    741
   937    741
   938    741
   939    741
   940    741
   941    741
   942    741
   943    741
   944    741
   945    741
   946    741
   947    741
   948    741
   949    741
   954    741
   961    741
   962    741
   966    741
   968    741
   969    741
   971    741
   977    741
   978    741
   979    741
   980    741
   981    741
   982    741
   983    741
   999    741
  1000    741
  1001    741
  1002    741
  1003    741
  1004    741
  1005    741
  1011    741
  1012    741
  1013    741
  1014    741
  1015    741
   878    742
   879    742
   880    742
   922    742
   923    742
   924    742
   925    742
   926    742
   927    742
   928    742
   929    742
   930    742
   931    742
   932    742
   943    742
   944    742
   966    742
   986    742
   987    742
   988    742
   994    742
   995    742
   996    742
   997    742
   998    742
   999    742
  1000    742
  1001    742
  1002    742
  1003    742
  1004    742
  1005    742
  1006    742
  1007    742
  1008    742
  1009    742
  1010    742
  1011    742
  1012    742
  1013    742
  1014    742
  1015    742
  1016    742
  1017    742
  1018    742
   878    743
   879    743
   880    743
   890    743
   922    743
   923    743
   924    743
   925    743
   926    743
   927    743
   928    743
   929    743
   930    743
   931    743
   944    743
   945    743
   946    743
   981    743
   982    743
   983    743
   984    743
   985    743
   986    743
   987    743
   988    743
   989    743
   990    743
   991    743
   992    743
   993    743
   994    743
   995    743
   996    743
   997    743
   998    743
   999    743
  1000    743
  1001    743
  1002    743
  1003    743
  1004    743
  1005    743
  1006    743
  1007    743
  1008    743
  1009    743
  1010    743
  1011    743
  1012    743
  1013    743
  1014    743
  1015    743
  1016    743
  1017    743
  1018    743
  1019    743
  1020    743
  1021    743
   872    744
   873    744
   874    744
   875    744
   876    744
   877    744
   878    744
   879    744
   880    744
   881    744
   882    744
   883    744
   884    744
   885    744
   886    744
   887    744
   888    744
   889    744
   890    744
   891    744
   892    744
   913    744
   924    744
   925    744
   926    744
   927    744
   929    744
   956    744
   957    744
   963    744
   964    744
   965    744
   966    744
   967    744
   968    744
   969    744
   970    744
   971    744
   972    744
   973    744
   974    744
   975    744
   976    744
   977    744
   978    744
   979    744
   980    744
   981    744
   982    744
   983    744
   984    744
   985    744
   986    744
   987    744
   988    744
   989    744
   990    744
   991    744
   992    744
   993    744
   994    744
   995    744
   996    744
   997    744
   998    744
   999    744
  1000    744
  1001    744
  1002    744
  1003    744
  1004    744
  1005    744
  1006    744
  1007    744
  1008    744
  1009    744
  1010    744
  1011    744
  1012    744
  1013    744
  1014    744
  1015    744
  1016    744
  1017    744
  1018    744
  1019    744
  1020    744
  1021    744
  1023    744
   849    745
   869    745
   871    745
   872    745
   874    745
   880    745
   881    745
   882    745
   883    745
   884    745
   885    745
   886    745
   888    745
   889    745
   890    745
   892    745
   893    745
   894    745
   895    745
   906    745
   911    745
   912    745
   913    745
   924    745
   925    745
   926    745
   927    745
   949    745
   950    745
   951    745
   952    745
   953    745
   954    745
   955    745
   956    745
   957    745
   958    745
   959    745
   960    745
   961    745
   962    745
   963    745
   964    745
   965    745
   966    745
   967    745
   968    745
   969    745
   970    745
   971    745
   972    745
   973    745
   974    745
   975    745
   976    745
   977    745
   978    745
   979    745
   981    745
   982    745
   983    745
   984    745
   985    745
   986    745
   987    745
   988    745
   989    745
   990    745
   991    745
   992    745
   993    745
   994    745
   995    745
   996    745
   997    745
   998    745
   999    745
  1000    745
  1001    745
  1002    745
  1003    745
  1004    745
  1005    745
  1006    745
  1007    745
  1008    745
  1026    745
   798    746
   799    746
   828    746
   830    746
   831    746
   832    746
   833    746
   834    746
   835    746
   836    746
   837    746
   838    746
   839    746
   840    746
   841    746
   842    746
   843    746
   844    746
   845    746
   846    746
   847    746
   848    746
   849    746
   850    746
   851    746
   852    746
   853    746
   854    746
   855    746
   856    746
   857    746
   858    746
   859    746
   860    746
   861    746
   862    746
   863    746
   864    746
   865    746
   866    746
   867    746
   868    746
   869    746
   870    746
   871    746
   881    746
   888    746
   889    746
   890    746
   891    746
   892    746
   893    746
   894    746
   895    746
   896    746
   897    746
   898    746
   899    746
   900    746
   902    746
   903    746
   904    746
   905    746
   907    746
   908    746
   909    746
   910    746
   911    746
   912    746
   913    746
   914    746
   915    746
   916    746
   924    746
   925    746
   926    746
   927    746
   931    746
   934    746
   935    746
   936    746
   937    746
   938    746
   939    746
   940    746
   941    746
   942    746
   944    746
   945    746
   946    746
   947    746
   948    746
   949    746
   950    746
   951    746
   952    746
   953    746
   954    746
   955    746
   956    746
   957    746
   958    746
   959    746
   960    746
   961    746
   962    746
   963    746
   964    746
   965    746
   966    746
   967    746
   968    746
   972    746
   973    746
   974    746
   975    746
   976    746
   977    746
   978    746
   979    746
   980    746
   981    746
   982    746
   983    746
   984    746
   985    746
   986    746
   987    746
   988    746
   989    746
   990    746
   991    746
  1018    746
  1019    746
  1020    746
  1021    746
  1022    746
  1023    746
  1024    746
  1025    746
  1026    746
  1027    746
   796    747
   797    747
   798    747
   799    747
   800    747
   801    747
   805    747
   807    747
   810    747
   811    747
   812    747
   813    747
   814    747
   815    747
   821    747
   822    747
   823    747
   824    747
   825    747
   826    747
   827    747
   828    747
   829    747
   830    747
   832    747
   834    747
   835    747
   836    747
   838    747
   839    747
   840    747
   842    747
   844    747
   846    747
   853    747
   854    747
   855    747
   866    747
   867    747
   873    747
   887    747
   897    747
   898    747
   899    747
   900    747
   901    747
   902    747
   903    747
   910    747
   918    747
   919    747
   920    747
   931    747
   932    747
   933    747
   934    747
   936    747
   937    747
   938    747
   939    747
   940    747
   941    747
   942    747
   943    747
   944    747
   945    747
   946    747
   947    747
   948    747
   949    747
   950    747
   951    747
   952    747
   953    747
   954    747
   955    747
   956    747
   957    747
   958    747
   959    747
   960    747
   961    747
   962    747
   963    747
   964    747
   965    747
   966    747
   967    747
   968    747
   969    747
   970    747
   971    747
   972    747
   973    747
   974    747
   975    747
   976    747
   977    747
   978    747
   979    747
   980    747
   987    747
   988    747
  1015    747
  1016    747
  1017    747
  1018    747
  1019    747
  1020    747
  1021    747
  1022    747
  1030    747
   794    748
   795    748
   796    748
   797    748
   798    748
   799    748
   800    748
   801    748
   802    748
   803    748
   804    748
   805    748
   806    748
   807    748
   808    748
   809    748
   810    748
   811    748
   812    748
   813    748
   814    748
   815    748
   816    748
   820    748
   821    748
   822    748
   823    748
   824    748
   826    748
   846    748
   850    748
   851    748
   861    748
   864    748
   865    748
   917    748
   918    748
   931    748
   932    748
   933    748
   934    748
   935    748
   936    748
   937    748
   938    748
   939    748
   940    748
   949    748
   950    748
   951    748
   952    748
   953    748
   954    748
   955    748
   956    748
   957    748
   958    748
   959    748
   960    748
   961    748
   962    748
   963    748
   964    748
   965    748
   966    748
   967    748
   968    748
   974    748
   975    748
   977    748
   978    748
  1003    748
  1004    748
  1005    748
  1006    748
  1007    748
  1008    748
  1009    748
  1012    748
  1013    748
  1014    748
  1015    748
  1016    748
  1017    748
  1018    748
  1020    748
  1022    748
  1023    748
  1024    748
  1025    748
  1026    748
  1027    748
  1028    748
  1029    748
  1030    748
  1031    748
  1032    748
  1033    748
   792    749
   793    749
   794    749
   795    749
   796    749
   797    749
   798    749
   800    749
   801    749
   802    749
   803    749
   804    749
   805    749
   806    749
   807    749
   816    749
   817    749
   818    749
   819    749
   820    749
   821    749
   822    749
   823    749
   877    749
   878    749
   879    749
   880    749
   881    749
   882    749
   883    749
   884    749
   885    749
   886    749
   887    749
   888    749
   889    749
   890    749
   891    749
   892    749
   893    749
   894    749
   895    749
   896    749
   898    749
   899    749
   900    749
   907    749
   908    749
   909    749
   910    749
   911    749
   912    749
   913    749
   914    749
   926    749
   927    749
   928    749
   958    749
   981    749
   982    749
   983    749
   984    749
   985    749
   988    749
   994    749
  1002    749
  1003    749
  1004    749
  1005    749
  1006    749
  1007    749
  1008    749
  1009    749
  1010    749
  1011    749
  1012    749
  1013    749
  1014    749
  1015    749
  1016    749
  1017    749
  1018    749
  1023    749
  1024    749
  1025    749
  1026    749
  1027    749
  1028    749
  1029    749
  1030    749
  1031    749
  1032    749
  1033    749
  1034    749
  1035    749
  1036    749
   790    750
   791    750
   792    750
   793    750
   794    750
   795    750
   796    750
   797    750
   798    750
   799    750
   816    750
   817    750
   818    750
   819    750
   859    750
   860    750
   861    750
   862    750
   863    750
   864    750
   865    750
   866    750
   867    750
   868    750
   869    750
   870    750
   871    750
   872    750
   873    750
   874    750
   875    750
   876    750
   877    750
   878    750
   879    750
   880    750
   881    750
   882    750
   883    750
   884    750
   885    750
   886    750
   887    750
   888    750
   889    750
   890    750
   891    750
   892    750
   893    750
   894    750
   895    750
   896    750
   897    750
   898    750
   899    750
   900    750
   901    750
   902    750
   903    750
   904    750
   905    750
   906    750
   907    750
   908    750
   909    750
   910    750
   911    750
   912    750
   913    750
   914    750
   915    750
   944    750
   945    750
   947    750
   948    750
   973    750
   978    750
   979    750
   980    750
   985    750
   986    750
   987    750
   988    750
   989    750
   990    750
   991    750
   992    750
   993    750
   994    750
   995    750
   996    750
   997    750
   998    750
   999    750
  1000    750
  1001    750
  1002    750
  1003    750
  1004    750
  1005    750
  1006    750
  1007    750
  1012    750
  1013    750
  1014    750
  1015    750
  1016    750
  1017    750
  1018    750
  1019    750
  1022    750
  1023    750
  1024    750
  1031    750
  1034    750
  1036    750
  1038    750
   788    751
   789    751
   826    751
   827    751
   828    751
   832    751
   833    751
   834    751
   835    751
   836    751
   837    751
   838    751
   839    751
   840    751
   841    751
   842    751
   843    751
   844    751
   845    751
   846    751
   847    751
   848    751
   849    751
   850    751
   851    751
   852    751
   853    751
   854    751
   855    751
   856    751
   857    751
   858    751
   859    751
   860    751
   861    751
   862    751
   863    751
   864    751
   865    751
   866    751
   867    751
   868    751
   869    751
   870    751
   871    751
   872    751
   873    751
   874    751
   875    751
   876    751
   877    751
   878    751
   879    751
   880    751
   881    751
   882    751
   883    751
   884    751
   885    751
   886    751
   887    751
   888    751
   889    751
   890    751
   891    751
   892    751
   893    751
   894    751
   895    751
   896    751
   897    751
   898    751
   899    751
   900    751
   901    751
   902    751
   903    751
   904    751
   905    751
   906    751
   907    751
   908    751
   909    751
   910    751
   911    751
   912    751
   913    751
   914    751
   915    751
   918    751
   919    751
   926    751
   927    751
   928    751
   929    751
   936    751
   943    751
   944    751
   945    751
   946    751
   950    751
   952    751
   953    751
   954    751
   955    751
   960    751
   961    751
   962    751
   963    751
   964    751
   965    751
   966    751
   967    751
   968    751
   969    751
   970    751
   971    751
   972    751
   973    751
   974    751
   975    751
   976    751
   977    751
   978    751
   979    751
   986    751
   987    751
   988    751
   989    751
   990    751
   991    751
   992    751
   993    751
   994    751
   995    751
   996    751
   997    751
   998    751
   999    751
  1000    751
  1001    751
  1002    751
  1003    751
  1004    751
  1005    751
  1013    751
  1014    751
  1015    751
  1016    751
  1017    751
  1018    751
  1019    751
  1023    751
  1024    751
  1025    751
  1026    751
  1038    751
  1039    751
  1040    751
   805    752
   806    752
   807    752
   808    752
   819    752
   820    752
   821    752
   822    752
   823    752
   824    752
   825    752
   826    752
   827    752
   828    752
   829    752
   830    752
   831    752
   832    752
   833    752
   834    752
   835    752
   836    752
   837    752
   838    752
   839    752
   840    752
   841    752
   842    752
   843    752
   844    752
   845    752
   846    752
   847    752
   848    752
   849    752
   850    752
   851    752
   852    752
   853    752
   854    752
   855    752
   856    752
   857    752
   858    752
   859    752
   860    752
   861    752
   862    752
   863    752
   864    752
   865    752
   866    752
   867    752
   868    752
   869    752
   870    752
   871    752
   872    752
   873    752
   874    752
   875    752
   876    752
   877    752
   878    752
   879    752
   880    752
   881    752
   882    752
   883    752
   884    752
   885    752
   886    752
   887    752
   888    752
   889    752
   890    752
   891    752
   892    752
   893    752
   894    752
   895    752
   896    752
   897    752
   898    752
   899    752
   900    752
   901    752
   918    752
   919    752
   920    752
   921    752
   922    752
   927    752
   928    752
   936    752
   937    752
   938    752
   939    752
   940    752
   941    752
   942    752
   943    752
   944    752
   945    752
   946    752
   947    752
   948    752
   949    752
   950    752
   951    752
   952    752
   953    752
   954    752
   955    752
   956    752
   959    752
   960    752
   961    752
   962    752
   963    752
   964    752
   965    752
   968    752
   969    752
   970    752
   971    752
   972    752
   974    752
   975    752
   976    752
   977    752
   978    752
   979    752
   992    752
   993    752
   994    752
   995    752
   996    752
   997    752
   998    752
   999    752
  1000    752
  1001    752
  1002    752
  1003    752
  1004    752
  1005    752
  1006    752
  1007    752
  1008    752
  1009    752
  1010    752
  1011    752
  1012    752
  1013    752
  1014    752
  1015    752
  1016    752
  1025    752
  1026    752
  1027    752
  1028    752
  1029    752
  1030    752
  1031    752
  1032    752
  1033    752
  1034    752
  1035    752
  1036    752
  1037    752
  1038    752
  1039    752
  1040    752
   802    753
   803    753
   804    753
   805    753
   806    753
   807    753
   808    753
   809    753
   810    753
   811    753
   812    753
   813    753
   814    753
   815    753
   816    753
   817    753
   818    753
   819    753
   820    753
   821    753
   822    753
   823    753
   824    753
   825    753
   826    753
   827    753
   828    753
   829    753
   830    753
   831    753
   833    753
   834    753
   835    753
   836    753
   837    753
   838    753
   839    753
   840    753
   841    753
   842    753
   843    753
   844    753
   845    753
   846    753
   847    753
   848    753
   849    753
   850    753
   851    753
   852    753
   853    753
   854    753
   855    753
   856    753
   857    753
   858    753
   859    753
   860    753
   861    753
   862    753
   863    753
   864    753
   865    753
   866    753
   867    753
   868    753
   869    753
   870    753
   871    753
   872    753
   873    753
   874    753
   875    753
   876    753
   877    753
   878    753
   879    753
   880    753
   881    753
   882    753
   883    753
   884    753
   914    753
   917    753
   918    753
   919    753
   920    753
   921    753
   922    753
   923    753
   927    753
   928    753
   936    753
   937    753
   938    753
   939    753
   940    753
   941    753
   942    753
   943    753
   944    753
   947    753
   948    753
   949    753
   950    753
   953    753
   954    753
   955    753
   956    753
   957    753
   958    753
   959    753
   960    753
   961    753
   962    753
   963    753
   965    753
   971    753
   972    753
   975    753
   976    753
   977    753
   992    753
   993    753
   994    753
   995    753
   996    753
   997    753
   998    753
   999    753
  1000    753
  1001    753
  1002    753
  1003    753
  1004    753
  1005    753
  1007    753
  1008    753
  1009    753
  1010    753
  1011    753
  1012    753
  1013    753
  1014    753
  1015    753
  1028    753
  1029    753
  1030    753
  1031    753
  1032    753
  1033    753
  1034    753
  1035    753
  1036    753
  1037    753
  1038    753
  1039    753
   782    754
   783    754
   784    754
   785    754
   786    754
   787    754
   788    754
   789    754
   790    754
   791    754
   792    754
   793    754
   794    754
   795    754
   796    754
   797    754
   798    754
   799    754
   800    754
   801    754
   802    754
   803    754
   804    754
   805    754
   806    754
   807    754
   808    754
   809    754
   810    754
   811    754
   812    754
   813    754
   814    754
   815    754
   816    754
   817    754
   818    754
   819    754
   820    754
   821    754
   822    754
   823    754
   824    754
   825    754
   826    754
   827    754
   828    754
   829    754
   830    754
   831    754
   832    754
   833    754
   834    754
   835    754
   836    754
   837    754
   838    754
   839    754
   840    754
   841    754
   842    754
   843    754
   844    754
   845    754
   846    754
   847    754
   848    754
   849    754
   850    754
   851    754
   852    754
   853    754
   854    754
   855    754
   856    754
   857    754
   858    754
   859    754
   860    754
   861    754
   868    754
   891    754
   892    754
   893    754
   894    754
   912    754
   913    754
   914    754
   915    754
   916    754
   917    754
   918    754
   919    754
   920    754
   921    754
   922    754
   923    754
   924    754
   925    754
   926    754
   927    754
   934    754
   935    754
   936    754
   937    754
   938    754
   939    754
   940    754
   941    754
   942    754
   943    754
   944    754
   945    754
   949    754
   950    754
   951    754
   952    754
   953    754
   954    754
   955    754
   956    754
   957    754
   958    754
   959    754
   960    754
   961    754
   971    754
   972    754
   973    754
   974    754
   975    754
   993    754
   994    754
   995    754
   996    754
  1000    754
  1002    754
  1007    754
  1008    754
  1009    754
  1010    754
  1011    754
  1012    754
  1013    754
  1014    754
  1015    754
  1030    754
  1031    754
  1032    754
  1033    754
  1034    754
  1035    754
  1036    754
  1037    754
  1038    754
  1039    754
  1040    754
   780    755
   781    755
   782    755
   783    755
   784    755
   785    755
   786    755
   787    755
   788    755
   789    755
   790    755
   791    755
   792    755
   793    755
   794    755
   795    755
   796    755
   797    755
   798    755
   799    755
   800    755
   801    755
   802    755
   803    755
   804    755
   805    755
   806    755
   807    755
   808    755
   809    755
   810    755
   811    755
   812    755
   813    755
   814    755
   815    755
   816    755
   817    755
   818    755
   819    755
   820    755
   821    755
   822    755
   823    755
   824    755
   825    755
   826    755
   827    755
   828    755
   829    755
   830    755
   831    755
   832    755
   833    755
   834    755
   835    755
   836    755
   837    755
   838    755
   839    755
   840    755
   841    755
   842    755
   843    755
   844    755
   845    755
   846    755
   847    755
   868    755
   869    755
   870    755
   871    755
   880    755
   881    755
   882    755
   892    755
   893    755
   894    755
   895    755
   896    755
   908    755
   909    755
   910    755
   911    755
   912    755
   913    755
   914    755
   915    755
   916    755
   917    755
   918    755
   919    755
   920    755
   921    755
   922    755
   923    755
   924    755
   925    755
   926    755
   927    755
   928    755
   934    755
   935    755
   936    755
   937    755
   938    755
   939    755
   940    755
   941    755
   942    755
   943    755
   944    755
   949    755
   950    755
   951    755
   952    755
   953    755
   954    755
   955    755
   956    755
   957    755
   958    755
   959    755
   960    755
   961    755
   962    755
   972    755
   973    755
   974    755
   975    755
   993    755
   994    755
   995    755
  1009    755
  1010    755
  1011    755
  1012    755
  1013    755
  1014    755
  1015    755
  1030    755
  1031    755
  1032    755
  1033    755
  1034    755
  1035    755
  1036    755
  1037    755
  1038    755
  1039    755
  1040    755
   788    756
   789    756
   790    756
   791    756
   792    756
   793    756
   794    756
   795    756
   796    756
   797    756
   798    756
   799    756
   800    756
   801    756
   802    756
   803    756
   804    756
   805    756
   806    756
   807    756
   808    756
   809    756
   810    756
   811    756
   815    756
   816    756
   817    756
   818    756
   819    756
   820    756
   821    756
   822    756
   823    756
   824    756
   825    756
   826    756
   827    756
   859    756
   860    756
   861    756
   862    756
   863    756
   864    756
   865    756
   866    756
   867    756
   871    756
   872    756
   873    756
   874    756
   875    756
   876    756
   877    756
   878    756
   879    756
   880    756
   881    756
   882    756
   883    756
   884    756
   888    756
   889    756
   890    756
   891    756
   895    756
   896    756
   898    756
   899    756
   900    756
   901    756
   902    756
   903    756
   904    756
   905    756
   906    756
   907    756
   908    756
   909    756
   910    756
   911    756
   912    756
   913    756
   914    756
   915    756
   916    756
   917    756
   918    756
   919    756
   920    756
   921    756
   922    756
   923    756
   924    756
   925    756
   926    756
   927    756
   928    756
   929    756
   930    756
   931    756
   932    756
   933    756
   934    756
   935    756
   936    756
   937    756
   938    756
   939    756
   940    756
   941    756
   942    756
   943    756
   956    756
   957    756
   958    756
   959    756
   960    756
   961    756
   962    756
   972    756
   973    756
   974    756
   975    756
  1009    756
  1010    756
  1011    756
  1012    756
  1013    756
  1014    756
  1015    756
  1031    756
  1032    756
  1033    756
  1034    756
  1035    756
  1036    756
  1037    756
  1038    756
  1039    756
  1040    756
  1041    756
   776    757
   777    757
   797    757
   798    757
   799    757
   800    757
   801    757
   802    757
   803    757
   804    757
   805    757
   806    757
   807    757
   833    757
   834    757
   835    757
   836    757
   837    757
   838    757
   839    757
   840    757
   841    757
   844    757
   845    757
   846    757
   847    757
   848    757
   849    757
   850    757
   851    757
   852    757
   853    757
   854    757
   855    757
   856    757
   857    757
   858    757
   859    757
   860    757
   861    757
   862    757
   873    757
   874    757
   875    757
   876    757
   877    757
   878    757
   879    757
   880    757
   881    757
   882    757
   883    757
   884    757
   885    757
   886    757
   887    757
   888    757
   889    757
   890    757
   897    757
   898    757
   899    757
   900    757
   901    757
   902    757
   903    757
   904    757
   905    757
   906    757
   907    757
   908    757
   909    757
   910    757
   911    757
   912    757
   913    757
   914    757
   915    757
   916    757
   917    757
   918    757
   919    757
   920    757
   921    757
   922    757
   923    757
   924    757
   925    757
   926    757
   927    757
   928    757
   929    757
   930    757
   931    757
   932    757
   933    757
   934    757
   935    757
   936    757
   937    757
   938    757
   939    757
   940    757
   941    757
   942    757
   943    757
   956    757
   957    757
   958    757
   959    757
   973    757
   974    757
   975    757
  1008    757
  1009    757
  1010    757
  1011    757
  1012    757
  1013    757
  1014    757
  1015    757
  1031    757
  1032    757
  1033    757
  1034    757
  1035    757
  1036    757
  1037    757
  1038    757
  1039    757
  1040    757
  1056    757
   831    758
   832    758
   833    758
   835    758
   838    758
   839    758
   840    758
   841    758
   842    758
   843    758
   844    758
   845    758
   846    758
   847    758
   848    758
   851    758
   856    758
   857    758
   858    758
   876    758
   877    758
   911    758
   912    758
   913    758
   914    758
   915    758
   918    758
   919    758
   920    758
   921    758
   922    758
   923    758
   924    758
   925    758
   926    758
   927    758
   928    758
   929    758
   930    758
   931    758
   932    758
   933    758
   934    758
   935    758
   936    758
   937    758
   938    758
   939    758
   940    758
   941    758
   942    758
   993    758
  1007    758
  1008    758
  1009    758
  1010    758
  1011    758
  1012    758
  1013    758
  1036    758
  1037    758
  1038    758
  1039    758
  1040    758
  1041    758
  1052    758
  1053    758
  1054    758
  1055    758
  1056    758
  1057    758
  1058    758
   773    759
   774    759
   775    759
   783    759
   784    759
   785    759
   786    759
   787    759
   788    759
   789    759
   790    759
   791    759
   792    759
   793    759
   794    759
   795    759
   796    759
   797    759
   798    759
   811    759
   812    759
   813    759
   814    759
   815    759
   816    759
   819    759
   822    759
   823    759
   824    759
   825    759
   826    759
   827    759
   828    759
   829    759
   830    759
   831    759
   876    759
   877    759
   878    759
   912    759
   913    759
   914    759
   915    759
   918    759
   919    759
   920    759
   921    759
   922    759
   923    759
   924    759
   925    759
   926    759
   927    759
   928    759
   929    759
   930    759
   931    759
   932    759
   933    759
   934    759
   935    759
   936    759
   937    759
   938    759
   939    759
   940    759
   941    759
   942    759
   990    759
   991    759
   992    759
   993    759
   994    759
  1001    759
  1002    759
  1007    759
  1008    759
  1009    759
  1010    759
  1011    759
  1012    759
  1013    759
  1014    759
  1036    759
  1037    759
  1038    759
  1039    759
  1040    759
  1041    759
  1052    759
  1053    759
  1054    759
  1055    759
  1056    759
  1057    759
  1058    759
  1059    759
  1060    759
  1061    759
   772    760
   773    760
   774    760
   775    760
   776    760
   777    760
   778    760
   779    760
   780    760
   781    760
   782    760
   783    760
   784    760
   785    760
   786    760
   787    760
   788    760
   789    760
   790    760
   791    760
   792    760
   793    760
   794    760
   795    760
   796    760
   797    760
   798    760
   799    760
   800    760
   803    760
   806    760
   807    760
   808    760
   809    760
   810    760
   811    760
   812    760
   813    760
   814    760
   815    760
   816    760
   817    760
   818    760
   819    760
   820    760
   821    760
   827    760
   828    760
   829    760
   877    760
   913    760
   914    760
   915    760
   917    760
   918    760
   919    760
   920    760
   921    760
   922    760
   923    760
   924    760
   925    760
   926    760
   927    760
   928    760
   929    760
   930    760
   931    760
   932    760
   933    760
   934    760
   935    760
   936    760
   937    760
   938    760
   939    760
   940    760
   941    760
   942    760
   943    760
   988    760
   989    760
   990    760
   991    760
   992    760
   993    760
   994    760
   995    760
   996    760
   997    760
   998    760
   999    760
  1000    760
  1008    760
  1009    760
  1010    760
  1011    760
  1012    760
  1013    760
  1036    760
  1037    760
  1038    760
  1039    760
  1040    760
  1041    760
  1042    760
  1043    760
  1044    760
  1051    760
  1052    760
  1053    760
  1054    760
  1055    760
  1056    760
  1057    760
  1058    760
  1059    760
  1060    760
  1061    760
  1062    760
  1063    760
  1064    760
   772    761
   773    761
   774    761
   775    761
   776    761
   777    761
   778    761
   779    761
   780    761
   781    761
   782    761
   783    761
   799    761
   800    761
   801    761
   802    761
   803    761
   804    761
   805    761
   816    761
   817    761
   818    761
   819    761
   876    761
   877    761
   913    761
   914    761
   915    761
   918    761
   919    761
   920    761
   921    761
   922    761
   923    761
   924    761
   925    761
   926    761
   927    761
   928    761
   929    761
   930    761
   931    761
   932    761
   933    761
   935    761
   936    761
   937    761
   938    761
   939    761
   940    761
   941    761
   942    761
   988    761
   989    761
   990    761
   991    761
   992    761
   993    761
   994    761
   995    761
   996    761
   997    761
   998    761
   999    761
  1008    761
  1009    761
  1010    761
  1011    761
  1012    761
  1013    761
  1036    761
  1037    761
  1038    761
  1039    761
  1040    761
  1041    761
  1042    761
  1043    761
  1051    761
  1052    761
  1053    761
  1054    761
  1055    761
  1056    761
  1057    761
  1058    761
  1059    761
  1060    761
  1061    761
  1062    761
  1063    761
  1064    761
  1065    761
  1066    761
   772    762
   773    762
   774    762
   775    762
   776    762
   777    762
   778    762
   782    762
   783    762
   985    762
   986    762
   987    762
   988    762
   989    762
   990    762
   991    762
   992    762
   993    762
   994    762
   996    762
   997    762
   998    762
   999    762
  1000    762
  1008    762
  1009    762
  1010    762
  1011    762
  1024    762
  1025    762
  1026    762
  1027    762
  1035    762
  1036    762
  1037    762
  1038    762
  1039    762
  1040    762
  1041    762
  1042    762
  1043    762
  1052    762
  1053    762
  1054    762
  1055    762
  1056    762
  1057    762
  1058    762
  1059    762
  1060    762
  1061    762
  1062    762
  1063    762
  1064    762
  1065    762
  1066    762
  1067    762
  1068    762
  1069    762
   772    763
   773    763
   774    763
   775    763
   776    763
   777    763
   781    763
   782    763
   783    763
   985    763
   986    763
   987    763
   988    763
   989    763
   990    763
   991    763
   992    763
   993    763
   994    763
   996    763
   997    763
   998    763
   999    763
  1000    763
  1007    763
  1008    763
  1009    763
  1010    763
  1011    763
  1024    763
  1025    763
  1026    763
  1027    763
  1036    763
  1037    763
  1038    763
  1041    763
  1042    763
  1043    763
  1052    763
  1053    763
  1054    763
  1056    763
  1057    763
  1058    763
  1059    763
  1060    763
  1061    763
  1062    763
  1063    763
  1064    763
  1065    763
  1066    763
  1067    763
  1068    763
  1069    763
  1070    763
  1071    763
   771    764
   772    764
   773    764
   774    764
   775    764
   776    764
   777    764
   782    764
   986    764
   987    764
   988    764
   989    764
   990    764
   991    764
   992    764
   993    764
   994    764
   995    764
   996    764
   997    764
   998    764
   999    764
  1000    764
  1008    764
  1009    764
  1010    764
  1011    764
  1023    764
  1024    764
  1025    764
  1026    764
  1027    764
  1039    764
  1040    764
  1041    764
  1042    764
  1043    764
  1044    764
  1045    764
  1046    764
  1047    764
  1048    764
  1049    764
  1050    764
  1051    764
  1052    764
  1053    764
  1056    764
  1057    764
  1058    764
  1059    764
  1060    764
  1061    764
  1062    764
  1063    764
  1064    764
  1065    764
  1066    764
  1067    764
  1068    764
  1069    764
  1070    764
  1071    764
  1072    764
   772    765
   773    765
   775    765
   776    765
   777    765
   782    765
   783    765
   986    765
   987    765
   988    765
   989    765
   990    765
   991    765
   992    765
   993    765
   994    765
   995    765
   996    765
   997    765
   998    765
   999    765
  1000    765
  1008    765
  1009    765
  1010    765
  1011    765
  1023    765
  1024    765
  1025    765
  1026    765
  1027    765
  1039    765
  1040    765
  1041    765
  1042    765
  1043    765
  1044    765
  1045    765
  1047    765
  1048    765
  1049    765
  1050    765
  1051    765
  1052    765
  1053    765
  1056    765
  1057    765
  1058    765
  1059    765
  1060    765
  1061    765
  1062    765
  1063    765
  1064    765
  1065    765
  1066    765
  1067    765
  1068    765
  1069    765
  1070    765
  1071    765
  1072    765
   772    766
   773    766
   774    766
   775    766
   776    766
   777    766
   782    766
   986    766
   987    766
   988    766
   989    766
   990    766
   991    766
   992    766
   993    766
   994    766
   995    766
   996    766
   997    766
   998    766
   999    766
  1000    766
  1008    766
  1009    766
  1010    766
  1023    766
  1024    766
  1025    766
  1026    766
  1039    766
  1040    766
  1041    766
  1042    766
  1043    766
  1044    766
  1045    766
  1046    766
  1047    766
  1048    766
  1049    766
  1050    766
  1051    766
  1052    766
  1056    766
  1057    766
  1058    766
  1059    766
  1060    766
  1061    766
  1062    766
  1063    766
  1064    766
  1065    766
  1066    766
  1067    766
  1068    766
  1069    766
  1070    766
  1071    766
  1072    766
   773    767
   774    767
   775    767
   776    767
   986    767
   987    767
   988    767
   989    767
   992    767
   993    767
   994    767
   995    767
   996    767
   997    767
   998    767
  1017    767
  1023    767
  1024    767
  1025    767
  1026    767
  1027    767
  1036    767
  1037    767
  1038    767
  1041    767
  1042    767
  1043    767
  1044    767
  1045    767
  1046    767
  1047    767
  1048    767
  1049    767
  1050    767
  1051    767
  1052    767
  1053    767
  1057    767
  1058    767
  1059    767
  1060    767
  1061    767
  1062    767
  1063    767
  1064    767
  1065    767
  1066    767
  1067    767
  1068    767
  1069    767
  1070    767
  1071    767
  1076    767
  1077    767
  1078    767
  1079    767
   976    768
   977    768
   978    768
   979    768
   980    768
   981    768
   982    768
   983    768
   984    768
   985    768
   986    768
   987    768
   988    768
   989    768
   992    768
   993    768
   994    768
   995    768
   996    768
   997    768
  1006    768
  1007    768
  1014    768
  1015    768
  1016    768
  1017    768
  1018    768
  1019    768
  1020    768
  1021    768
  1022    768
  1023    768
  1024    768
  1025    768
  1026    768
  1027    768
  1028    768
  1029    768
  1030    768
  1031    768
  1033    768
  1034    768
  1035    768
  1036    768
  1037    768
  1038    768
  1039    768
  1040    768
  1041    768
  1047    768
  1051    768
  1052    768
  1053    768
  1054    768
  1057    768
  1058    768
  1059    768
  1060    768
  1061    768
  1062    768
  1068    768
  1069    768
  1070    768
  1071    768
  1076    768
  1077    768
  1083    768
  1084    768
   975    769
   976    769
   977    769
   978    769
   979    769
   981    769
   982    769
   983    769
   984    769
   985    769
   986    769
   987    769
  1006    769
  1007    769
  1013    769
  1014    769
  1015    769
  1016    769
  1017    769
  1018    769
  1019    769
  1020    769
  1021    769
  1022    769
  1023    769
  1024    769
  1025    769
  1026    769
  1027    769
  1028    769
  1029    769
  1030    769
  1031    769
  1032    769
  1033    769
  1034    769
  1035    769
  1036    769
  1037    769
  1038    769
  1039    769
  1040    769
  1052    769
  1053    769
  1054    769
  1055    769
  1056    769
  1057    769
  1058    769
  1059    769
  1060    769
  1061    769
  1062    769
  1065    769
  1066    769
  1067    769
  1068    769
  1071    769
  1074    769
  1075    769
  1076    769
  1080    769
  1081    769
  1082    769
  1083    769
  1084    769
  1085    769
  1086    769
   975    770
   976    770
   977    770
   978    770
   979    770
   980    770
   981    770
   982    770
   983    770
   984    770
   985    770
  1005    770
  1006    770
  1007    770
  1015    770
  1016    770
  1017    770
  1018    770
  1019    770
  1020    770
  1021    770
  1022    770
  1023    770
  1024    770
  1025    770
  1026    770
  1027    770
  1028    770
  1029    770
  1030    770
  1031    770
  1032    770
  1033    770
  1034    770
  1035    770
  1036    770
  1037    770
  1038    770
  1039    770
  1040    770
  1051    770
  1052    770
  1053    770
  1054    770
  1055    770
  1056    770
  1057    770
  1058    770
  1062    770
  1063    770
  1064    770
  1065    770
  1066    770
  1077    770
  1078    770
  1079    770
  1080    770
  1081    770
  1082    770
  1083    770
  1084    770
  1085    770
  1086    770
  1087    770
  1088    770
  1089    770
   975    771
   976    771
   977    771
   978    771
   979    771
   980    771
   981    771
   982    771
   983    771
   984    771
   985    771
   994    771
   995    771
  1004    771
  1005    771
  1006    771
  1007    771
  1008    771
  1016    771
  1017    771
  1018    771
  1019    771
  1020    771
  1021    771
  1022    771
  1023    771
  1024    771
  1025    771
  1026    771
  1027    771
  1028    771
  1029    771
  1030    771
  1031    771
  1032    771
  1033    771
  1034    771
  1035    771
  1036    771
  1037    771
  1038    771
  1039    771
  1040    771
  1051    771
  1052    771
  1053    771
  1054    771
  1055    771
  1056    771
  1064    771
  1076    771
  1077    771
  1078    771
  1079    771
  1080    771
  1081    771
  1082    771
  1083    771
  1084    771
  1085    771
  1086    771
  1087    771
  1088    771
  1089    771
  1090    771
  1091    771
   975    772
   976    772
   977    772
   978    772
   979    772
   980    772
   981    772
   982    772
   993    772
   994    772
   995    772
   996    772
   997    772
  1004    772
  1005    772
  1006    772
  1007    772
  1015    772
  1016    772
  1017    772
  1018    772
  1019    772
  1020    772
  1021    772
  1022    772
  1023    772
  1024    772
  1025    772
  1026    772
  1027    772
  1028    772
  1029    772
  1030    772
  1031    772
  1032    772
  1033    772
  1034    772
  1035    772
  1036    772
  1037    772
  1038    772
  1039    772
  1051    772
  1052    772
  1053    772
  1054    772
  1055    772
  1056    772
  1059    772
  1060    772
  1061    772
  1062    772
  1071    772
  1072    772
  1073    772
  1074    772
  1075    772
  1076    772
  1077    772
  1078    772
  1079    772
  1080    772
  1081    772
  1082    772
  1083    772
  1084    772
  1085    772
  1086    772
  1087    772
  1088    772
  1089    772
  1090    772
  1091    772
  1092    772
  1093    772
  1094    772
   975    773
   976    773
   977    773
   978    773
   979    773
   980    773
   981    773
   992    773
   993    773
   994    773
   995    773
   996    773
   997    773
   998    773
  1002    773
  1003    773
  1004    773
  1005    773
  1006    773
  1007    773
  1016    773
  1017    773
  1018    773
  1019    773
  1020    773
  1021    773
  1022    773
  1023    773
  1024    773
  1025    773
  1026    773
  1027    773
  1028    773
  1029    773
  1030    773
  1031    773
  1032    773
  1033    773
  1034    773
  1035    773
  1036    773
  1037    773
  1038    773
  1039    773
  1052    773
  1053    773
  1054    773
  1055    773
  1056    773
  1059    773
  1060    773
  1061    773
  1062    773
  1068    773
  1069    773
  1070    773
  1071    773
  1072    773
  1073    773
  1074    773
  1075    773
  1076    773
  1077    773
  1078    773
  1079    773
  1080    773
  1081    773
  1082    773
  1083    773
  1084    773
  1085    773
  1086    773
  1087    773
  1088    773
  1089    773
  1090    773
  1091    773
  1092    773
  1093    773
  1094    773
  1095    773
  1096    773
   975    774
   976    774
   977    774
   978    774
   991    774
   992    774
   993    774
   994    774
   995    774
   996    774
   997    774
   998    774
   999    774
  1000    774
  1001    774
  1002    774
  1003    774
  1004    774
  1005    774
  1006    774
  1007    774
  1017    774
  1018    774
  1019    774
  1020    774
  1021    774
  1022    774
  1023    774
  1024    774
  1025    774
  1026    774
  1027    774
  1028    774
  1029    774
  1030    774
  1031    774
  1032    774
  1033    774
  1034    774
  1037    774
  1038    774
  1039    774
  1055    774
  1056    774
  1057    774
  1058    774
  1059    774
  1060    774
  1061    774
  1062    774
  1063    774
  1064    774
  1070    774
  1071    774
  1072    774
  1073    774
  1074    774
  1075    774
  1076    774
  1077    774
  1078    774
  1079    774
  1080    774
  1081    774
  1082    774
  1083    774
  1084    774
  1085    774
  1086    774
  1087    774
  1088    774
  1089    774
  1090    774
  1091    774
  1092    774
  1093    774
  1094    774
  1095    774
  1096    774
  1097    774
  1098    774
  1099    774
   975    775
   976    775
   977    775
   978    775
   992    775
   993    775
   994    775
   995    775
   996    775
   997    775
   998    775
   999    775
  1000    775
  1001    775
  1002    775
  1003    775
  1004    775
  1005    775
  1006    775
  1007    775
  1017    775
  1018    775
  1019    775
  1020    775
  1021    775
  1022    775
  1023    775
  1024    775
  1025    775
  1026    775
  1027    775
  1028    775
  1029    775
  1030    775
  1031    775
  1032    775
  1033    775
  1034    775
  1038    775
  1039    775
  1055    775
  1056    775
  1057    775
  1058    775
  1059    775
  1060    775
  1061    775
  1065    775
  1066    775
  1067    775
  1068    775
  1069    775
  1070    775
  1071    775
  1072    775
  1073    775
  1074    775
  1075    775
  1076    775
  1077    775
  1078    775
  1079    775
  1080    775
  1081    775
  1082    775
  1083    775
  1084    775
  1085    775
  1086    775
  1087    775
  1088    775
  1089    775
  1090    775
  1091    775
  1092    775
  1093    775
  1094    775
  1095    775
  1096    775
  1097    775
  1098    775
  1099    775
  1100    775
  1101    775
   992    776
   993    776
   994    776
   995    776
   996    776
   997    776
   998    776
   999    776
  1000    776
  1001    776
  1002    776
  1003    776
  1004    776
  1005    776
  1006    776
  1007    776
  1021    776
  1022    776
  1023    776
  1024    776
  1025    776
  1026    776
  1027    776
  1028    776
  1029    776
  1030    776
  1031    776
  1032    776
  1033    776
  1034    776
  1037    776
  1038    776
  1039    776
  1055    776
  1056    776
  1057    776
  1058    776
  1059    776
  1064    776
  1065    776
  1066    776
  1067    776
  1068    776
  1069    776
  1070    776
  1071    776
  1072    776
  1073    776
  1074    776
  1075    776
  1076    776
  1077    776
  1078    776
  1079    776
  1080    776
  1081    776
  1082    776
  1083    776
  1084    776
  1085    776
  1086    776
  1087    776
  1088    776
  1089    776
  1090    776
  1091    776
  1092    776
  1093    776
  1094    776
  1095    776
  1096    776
  1097    776
  1098    776
  1099    776
  1100    776
  1101    776
  1102    776
  1103    776
  1104    776
   992    777
   993    777
   994    777
   995    777
   996    777
   997    777
   998    777
   999    777
  1000    777
  1022    777
  1023    777
  1024    777
  1025    777
  1026    777
  1027    777
  1028    777
  1029    777
  1030    777
  1031    777
  1032    777
  1033    777
  1036    777
  1037    777
  1038    777
  1039    777
  1055    777
  1056    777
  1057    777
  1060    777
  1061    777
  1062    777
  1063    777
  1064    777
  1065    777
  1066    777
  1067    777
  1068    777
  1069    777
  1070    777
  1071    777
  1072    777
  1073    777
  1074    777
  1075    777
  1076    777
  1077    777
  1078    777
  1079    777
  1080    777
  1081    777
  1082    777
  1083    777
  1084    777
  1085    777
  1086    777
  1087    777
  1088    777
  1089    777
  1090    777
  1091    777
  1092    777
  1093    777
  1094    777
  1095    777
  1096    777
  1097    777
  1098    777
  1099    777
  1100    777
  1101    777
  1102    777
  1103    777
  1104    777
  1105    777
  1106    777
  1023    778
  1024    778
  1025    778
  1026    778
  1027    778
  1028    778
  1029    778
  1030    778
  1031    778
  1032    778
  1033    778
  1034    778
  1035    778
  1036    778
  1037    778
  1038    778
  1039    778
  1040    778
  1054    778
  1055    778
  1056    778
  1057    778
  1061    778
  1062    778
  1063    778
  1064    778
  1065    778
  1066    778
  1067    778
  1068    778
  1069    778
  1070    778
  1071    778
  1072    778
  1073    778
  1074    778
  1075    778
  1076    778
  1077    778
  1078    778
  1079    778
  1080    778
  1081    778
  1082    778
  1083    778
  1084    778
  1085    778
  1086    778
  1087    778
  1088    778
  1089    778
  1090    778
  1091    778
  1092    778
  1093    778
  1094    778
  1095    778
  1096    778
  1097    778
  1098    778
  1099    778
  1100    778
  1101    778
  1102    778
  1103    778
  1104    778
  1105    778
  1106    778
  1107    778
  1108    778
  1109    778
  1023    779
  1024    779
  1025    779
  1026    779
  1027    779
  1028    779
  1029    779
  1030    779
  1031    779
  1032    779
  1033    779
  1034    779
  1035    779
  1036    779
  1037    779
  1038    779
  1039    779
  1040    779
  1054    779
  1055    779
  1056    779
  1059    779
  1060    779
  1061    779
  1062    779
  1063    779
  1064    779
  1065    779
  1066    779
  1067    779
  1068    779
  1069    779
  1070    779
  1071    779
  1072    779
  1073    779
  1074    779
  1075    779
  1076    779
  1077    779
  1078    779
  1079    779
  1080    779
  1081    779
  1082    779
  1083    779
  1084    779
  1085    779
  1086    779
  1087    779
  1088    779
  1089    779
  1090    779
  1091    779
  1092    779
  1093    779
  1094    779
  1095    779
  1096    779
  1097    779
  1098    779
  1099    779
  1100    779
  1101    779
  1102    779
  1103    779
  1104    779
  1105    779
  1106    779
  1107    779
  1108    779
  1109    779
  1110    779
  1111    779
  1112    779
  1023    780
  1024    780
  1025    780
  1026    780
  1027    780
  1028    780
  1029    780
  1030    780
  1031    780
  1032    780
  1033    780
  1034    780
  1035    780
  1036    780
  1037    780
  1038    780
  1039    780
  1040    780
  1054    780
  1055    780
  1058    780
  1059    780
  1060    780
  1061    780
  1062    780
  1063    780
  1064    780
  1065    780
  1066    780
  1067    780
  1068    780
  1069    780
  1070    780
  1071    780
  1072    780
  1073    780
  1074    780
  1075    780
  1076    780
  1077    780
  1078    780
  1079    780
  1080    780
  1081    780
  1082    780
  1083    780
  1084    780
  1085    780
  1086    780
  1087    780
  1088    780
  1089    780
  1090    780
  1091    780
  1092    780
  1093    780
  1094    780
  1095    780
  1096    780
  1097    780
  1102    780
  1103    780
  1104    780
  1105    780
  1106    780
  1107    780
  1108    780
  1109    780
  1110    780
  1111    780
  1112    780
  1113    780
  1114    780
  1023    781
  1024    781
  1025    781
  1026    781
  1027    781
  1028    781
  1029    781
  1030    781
  1031    781
  1032    781
  1033    781
  1034    781
  1035    781
  1036    781
  1037    781
  1038    781
  1039    781
  1040    781
  1054    781
  1055    781
  1056    781
  1057    781
  1058    781
  1059    781
  1060    781
  1061    781
  1062    781
  1063    781
  1064    781
  1065    781
  1066    781
  1067    781
  1068    781
  1069    781
  1070    781
  1071    781
  1072    781
  1073    781
  1074    781
  1075    781
  1076    781
  1077    781
  1078    781
  1079    781
  1080    781
  1081    781
  1082    781
  1083    781
  1084    781
  1085    781
  1086    781
  1087    781
  1088    781
  1089    781
  1090    781
  1091    781
  1092    781
  1093    781
  1094    781
  1095    781
  1096    781
  1097    781
  1101    781
  1102    781
  1103    781
  1104    781
  1105    781
  1106    781
  1107    781
  1108    781
  1109    781
  1110    781
  1111    781
  1112    781
  1113    781
  1114    781
  1115    781
  1116    781
  1117    781
  1023    782
  1024    782
  1025    782
  1027    782
  1028    782
  1029    782
  1030    782
  1031    782
  1032    782
  1033    782
  1034    782
  1035    782
  1036    782
  1037    782
  1038    782
  1039    782
  1040    782
  1054    782
  1055    782
  1056    782
  1057    782
  1058    782
  1059    782
  1060    782
  1061    782
  1062    782
  1063    782
  1064    782
  1065    782
  1066    782
  1067    782
  1068    782
  1069    782
  1070    782
  1071    782
  1072    782
  1074    782
  1075    782
  1078    782
  1079    782
  1080    782
  1081    782
  1082    782
  1083    782
  1084    782
  1085    782
  1086    782
  1087    782
  1088    782
  1089    782
  1090    782
  1091    782
  1092    782
  1093    782
  1094    782
  1101    782
  1102    782
  1103    782
  1104    782
  1105    782
  1106    782
  1107    782
  1108    782
  1109    782
  1110    782
  1111    782
  1112    782
  1113    782
  1114    782
  1115    782
  1116    782
  1117    782
  1118    782
  1119    782
  1002    783
  1003    783
  1004    783
  1005    783
  1006    783
  1007    783
  1008    783
  1009    783
  1023    783
  1024    783
  1025    783
  1026    783
  1027    783
  1028    783
  1029    783
  1030    783
  1031    783
  1032    783
  1033    783
  1034    783
  1035    783
  1036    783
  1037    783
  1038    783
  1039    783
  1040    783
  1053    783
  1054    783
  1055    783
  1056    783
  1057    783
  1058    783
  1059    783
  1060    783
  1061    783
  1062    783
  1063    783
  1064    783
  1065    783
  1066    783
  1067    783
  1068    783
  1069    783
  1070    783
  1071    783
  1072    783
  1075    783
  1076    783
  1077    783
  1078    783
  1079    783
  1080    783
  1081    783
  1082    783
  1083    783
  1084    783
  1085    783
  1086    783
  1087    783
  1088    783
  1089    783
  1090    783
  1091    783
  1092    783
  1093    783
  1094    783
  1095    783
  1096    783
  1097    783
  1098    783
  1099    783
  1101    783
  1102    783
  1103    783
  1104    783
  1105    783
  1106    783
  1107    783
  1108    783
  1109    783
  1110    783
  1111    783
  1112    783
  1113    783
  1114    783
  1115    783
  1116    783
  1117    783
  1119    783
  1120    783
   991    784
   992    784
   993    784
   994    784
   995    784
   996    784
   997    784
   998    784
  1000    784
  1001    784
  1002    784
  1007    784
  1008    784
  1009    784
  1011    784
  1012    784
  1013    784
  1022    784
  1023    784
  1024    784
  1025    784
  1026    784
  1027    784
  1028    784
  1029    784
  1030    784
  1031    784
  1036    784
  1037    784
  1038    784
  1056    784
  1057    784
  1058    784
  1059    784
  1060    784
  1061    784
  1062    784
  1063    784
  1064    784
  1065    784
  1066    784
  1067    784
  1068    784
  1069    784
  1070    784
  1071    784
  1074    784
  1075    784
  1076    784
  1077    784
  1078    784
  1079    784
  1080    784
  1081    784
  1082    784
  1083    784
  1084    784
  1085    784
  1086    784
  1087    784
  1088    784
  1089    784
  1090    784
  1091    784
  1092    784
  1093    784
  1094    784
  1095    784
  1096    784
  1097    784
  1098    784
  1099    784
  1103    784
  1104    784
  1105    784
  1106    784
  1107    784
  1108    784
  1109    784
  1110    784
  1111    784
  1112    784
  1113    784
  1116    784
  1117    784
  1118    784
  1119    784
  1120    784
  1124    784
   992    785
   993    785
   994    785
   995    785
   996    785
   997    785
  1008    785
  1009    785
  1010    785
  1011    785
  1022    785
  1023    785
  1024    785
  1025    785
  1026    785
  1027    785
  1028    785
  1029    785
  1030    785
  1031    785
  1035    785
  1036    785
  1037    785
  1055    785
  1062    785
  1063    785
  1073    785
  1074    785
  1075    785
  1076    785
  1077    785
  1078    785
  1079    785
  1080    785
  1081    785
  1082    785
  1083    785
  1084    785
  1085    785
  1086    785
  1087    785
  1088    785
  1089    785
  1092    785
  1093    785
  1094    785
  1095    785
  1096    785
  1097    785
  1098    785
  1099    785
  1102    785
  1103    785
  1104    785
  1105    785
  1106    785
  1107    785
  1108    785
  1109    785
  1110    785
  1111    785
  1112    785
  1113    785
  1114    785
  1115    785
  1116    785
  1117    785
  1118    785
  1119    785
  1120    785
   992    786
   993    786
   994    786
   995    786
   996    786
   997    786
   998    786
  1023    786
  1024    786
  1025    786
  1026    786
  1027    786
  1028    786
  1029    786
  1030    786
  1031    786
  1036    786
  1037    786
  1038    786
  1056    786
  1057    786
  1071    786
  1072    786
  1073    786
  1074    786
  1075    786
  1076    786
  1077    786
  1078    786
  1079    786
  1080    786
  1081    786
  1082    786
  1083    786
  1084    786
  1085    786
  1086    786
  1087    786
  1088    786
  1089    786
  1090    786
  1091    786
  1092    786
  1093    786
  1094    786
  1100    786
  1101    786
  1102    786
  1107    786
  1108    786
  1109    786
  1110    786
  1111    786
  1112    786
  1113    786
  1114    786
  1115    786
  1116    786
  1127    786
  1128    786
  1129    786
   991    787
   992    787
   993    787
   994    787
   995    787
   996    787
   997    787
   998    787
  1023    787
  1024    787
  1025    787
  1026    787
  1027    787
  1028    787
  1029    787
  1033    787
  1034    787
  1035    787
  1036    787
  1037    787
  1038    787
  1065    787
  1066    787
  1069    787
  1070    787
  1071    787
  1072    787
  1073    787
  1074    787
  1075    787
  1076    787
  1077    787
  1078    787
  1079    787
  1080    787
  1081    787
  1082    787
  1083    787
  1084    787
  1085    787
  1086    787
  1087    787
  1102    787
  1103    787
  1104    787
  1105    787
  1106    787
  1113    787
  1114    787
  1127    787
  1128    787
  1129    787
  1130    787
  1131    787
  1132    787
   991    788
   992    788
   993    788
   994    788
   995    788
   996    788
   997    788
   998    788
  1023    788
  1024    788
  1025    788
  1026    788
  1027    788
  1028    788
  1030    788
  1031    788
  1032    788
  1033    788
  1034    788
  1035    788
  1036    788
  1037    788
  1038    788
  1041    788
  1042    788
  1043    788
  1044    788
  1045    788
  1046    788
  1065    788
  1066    788
  1067    788
  1068    788
  1069    788
  1070    788
  1071    788
  1072    788
  1073    788
  1074    788
  1075    788
  1076    788
  1077    788
  1078    788
  1079    788
  1080    788
  1081    788
  1082    788
  1083    788
  1084    788
  1086    788
  1107    788
  1108    788
  1109    788
  1110    788
  1111    788
  1112    788
  1113    788
  1130    788
  1131    788
  1132    788
  1133    788
  1134    788
   992    789
   993    789
   994    789
   995    789
   996    789
   997    789
  1024    789
  1025    789
  1026    789
  1027    789
  1028    789
  1030    789
  1031    789
  1032    789
  1033    789
  1034    789
  1038    789
  1039    789
  1040    789
  1041    789
  1042    789
  1043    789
  1044    789
  1045    789
  1066    789
  1067    789
  1068    789
  1069    789
  1070    789
  1071    789
  1072    789
  1073    789
  1074    789
  1075    789
  1076    789
  1077    789
  1078    789
  1079    789
  1080    789
  1081    789
  1082    789
  1083    789
  1085    789
  1086    789
  1087    789
  1108    789
  1109    789
  1110    789
  1111    789
  1112    789
  1128    789
  1129    789
  1130    789
  1131    789
  1132    789
  1133    789
  1134    789
  1135    789
  1136    789
   992    790
   993    790
   994    790
   995    790
   996    790
  1026    790
  1027    790
  1028    790
  1029    790
  1030    790
  1031    790
  1032    790
  1033    790
  1036    790
  1037    790
  1038    790
  1039    790
  1046    790
  1047    790
  1048    790
  1062    790
  1063    790
  1064    790
  1065    790
  1066    790
  1067    790
  1068    790
  1069    790
  1070    790
  1071    790
  1072    790
  1073    790
  1074    790
  1075    790
  1076    790
  1077    790
  1078    790
  1079    790
  1080    790
  1081    790
  1083    790
  1084    790
  1085    790
  1087    790
  1088    790
  1089    790
  1090    790
  1091    790
  1092    790
  1093    790
  1094    790
  1095    790
  1096    790
  1107    790
  1108    790
  1109    790
  1110    790
  1117    790
  1118    790
  1119    790
  1127    790
  1128    790
  1129    790
  1130    790
  1131    790
  1132    790
  1133    790
  1134    790
  1135    790
  1136    790
   992    791
   993    791
   994    791
   995    791
   996    791
  1027    791
  1028    791
  1030    791
  1031    791
  1032    791
  1033    791
  1034    791
  1035    791
  1036    791
  1037    791
  1038    791
  1039    791
  1040    791
  1041    791
  1042    791
  1043    791
  1044    791
  1045    791
  1046    791
  1049    791
  1050    791
  1060    791
  1061    791
  1062    791
  1063    791
  1064    791
  1065    791
  1066    791
  1067    791
  1068    791
  1069    791
  1070    791
  1071    791
  1072    791
  1073    791
  1074    791
  1075    791
  1076    791
  1077    791
  1078    791
  1079    791
  1080    791
  1081    791
  1082    791
  1083    791
  1084    791
  1085    791
  1088    791
  1089    791
  1090    791
  1091    791
  1092    791
  1096    791
  1097    791
  1115    791
  1116    791
  1117    791
  1118    791
  1119    791
  1120    791
  1127    791
  1128    791
  1129    791
  1130    791
  1131    791
  1132    791
  1133    791
  1134    791
  1135    791
  1136    791
  1137    791
  1138    791
  1139    791
  1140    791
  1141    791
   992    792
   993    792
   994    792
  1008    792
  1009    792
  1010    792
  1011    792
  1012    792
  1013    792
  1014    792
  1015    792
  1016    792
  1017    792
  1018    792
  1019    792
  1020    792
  1021    792
  1022    792
  1027    792
  1028    792
  1033    792
  1034    792
  1035    792
  1036    792
  1037    792
  1038    792
  1039    792
  1040    792
  1041    792
  1042    792
  1043    792
  1044    792
  1045    792
  1046    792
  1047    792
  1048    792
  1049    792
  1050    792
  1058    792
  1059    792
  1060    792
  1061    792
  1062    792
  1063    792
  1064    792
  1065    792
  1066    792
  1067    792
  1068    792
  1069    792
  1070    792
  1071    792
  1072    792
  1073    792
  1074    792
  1075    792
  1076    792
  1077    792
  1078    792
  1080    792
  1081    792
  1082    792
  1083    792
  1084    792
  1085    792
  1086    792
  1087    792
  1088    792
  1089    792
  1090    792
  1091    792
  1092    792
  1093    792
  1094    792
  1095    792
  1097    792
  1098    792
  1099    792
  1117    792
  1118    792
  1119    792
  1120    792
  1126    792
  1127    792
  1128    792
  1129    792
  1130    792
  1131    792
  1132    792
  1133    792
  1134    792
  1135    792
  1136    792
  1142    792
  1143    792
   992    793
   993    793
   994    793
  1007    793
  1008    793
  1009    793
  1010    793
  1011    793
  1012    793
  1013    793
  1014    793
  1015    793
  1016    793
  1017    793
  1018    793
  1019    793
  1020    793
  1021    793
  1022    793
  1023    793
  1027    793
  1028    793
  1031    793
  1032    793
  1033    793
  1034    793
  1035    793
  1036    793
  1037    793
  1038    793
  1039    793
  1040    793
  1041    793
  1042    793
  1043    793
  1044    793
  1045    793
  1046    793
  1047    793
  1048    793
  1057    793
  1058    793
  1059    793
  1060    793
  1061    793
  1062    793
  1063    793
  1064    793
  1065    793
  1066    793
  1067    793
  1068    793
  1069    793
  1070    793
  1071    793
  1072    793
  1073    793
  1074    793
  1075    793
  1076    793
  1077    793
  1078    793
  1079    793
  1080    793
  1081    793
  1082    793
  1083    793
  1084    793
  1085    793
  1086    793
  1087    793
  1088    793
  1089    793
  1090    793
  1091    793
  1092    793
  1093    793
  1094    793
  1095    793
  1096    793
  1097    793
  1098    793
  1099    793
  1100    793
  1126    793
  1127    793
  1128    793
  1129    793
  1130    793
  1131    793
  1132    793
  1133    793
  1134    793
  1135    793
  1136    793
  1143    793
  1144    793
  1145    793
  1146    793
  1147    793
  1007    794
  1008    794
  1009    794
  1010    794
  1011    794
  1012    794
  1013    794
  1014    794
  1015    794
  1016    794
  1017    794
  1018    794
  1019    794
  1020    794
  1021    794
  1022    794
  1023    794
  1026    794
  1027    794
  1028    794
  1029    794
  1030    794
  1031    794
  1032    794
  1033    794
  1034    794
  1035    794
  1036    794
  1037    794
  1038    794
  1039    794
  1040    794
  1041    794
  1042    794
  1043    794
  1044    794
  1045    794
  1046    794
  1047    794
  1048    794
  1050    794
  1055    794
  1056    794
  1057    794
  1058    794
  1059    794
  1060    794
  1061    794
  1062    794
  1063    794
  1064    794
  1065    794
  1066    794
  1067    794
  1068    794
  1069    794
  1070    794
  1071    794
  1072    794
  1073    794
  1074    794
  1075    794
  1076    794
  1077    794
  1078    794
  1079    794
  1080    794
  1081    794
  1082    794
  1083    794
  1084    794
  1085    794
  1086    794
  1087    794
  1088    794
  1089    794
  1090    794
  1091    794
  1092    794
  1093    794
  1094    794
  1095    794
  1096    794
  1097    794
  1098    794
  1099    794
  1118    794
  1119    794
  1120    794
  1126    794
  1127    794
  1128    794
  1129    794
  1130    794
  1131    794
  1132    794
  1133    794
  1134    794
  1135    794
  1136    794
  1143    794
  1144    794
  1145    794
  1146    794
  1147    794
  1148    794
  1008    795
  1009    795
  1010    795
  1011    795
  1012    795
  1013    795
  1014    795
  1015    795
  1016    795
  1017    795
  1018    795
  1019    795
  1020    795
  1021    795
  1022    795
  1023    795
  1027    795
  1031    795
  1032    795
  1033    795
  1034    795
  1035    795
  1036    795
  1037    795
  1038    795
  1039    795
  1040    795
  1041    795
  1042    795
  1043    795
  1044    795
  1045    795
  1046    795
  1047    795
  1048    795
  1049    795
  1050    795
  1051    795
  1056    795
  1059    795
  1060    795
  1061    795
  1062    795
  1063    795
  1064    795
  1065    795
  1066    795
  1067    795
  1068    795
  1069    795
  1070    795
  1071    795
  1072    795
  1073    795
  1074    795
  1078    795
  1080    795
  1083    795
  1084    795
  1085    795
  1086    795
  1087    795
  1088    795
  1089    795
  1090    795
  1091    795
  1092    795
  1093    795
  1094    795
  1095    795
  1096    795
  1097    795
  1098    795
  1100    795
  1101    795
  1102    795
  1119    795
  1120    795
  1128    795
  1129    795
  1130    795
  1131    795
  1132    795
  1133    795
  1134    795
  1135    795
  1144    795
  1145    795
  1146    795
  1147    795
  1148    795
