   832    730
   833    730
   834    730
   835    730
   836    730
   837    730
   838    730
   839    730
   840    730
   841    730
   842    730
   843    730
   844    730
   845    730
   846    730
   847    730
   848    730
   849    730
   850    730
   851    730
   852    730
   853    730
   854    730
   855    730
   856    730
   857    730
   858    730
   859    730
   860    730
   861    730
   862    730
   863    730
   864    730
   865    730
   866    730
   868    730
   869    730
   874    730
   875    730
   876    730
   877    730
   878    730
   879    730
   880    730
   881    730
   882    730
   883    730
   884    730
   885    730
   886    730
   887    730
   888    730
   889    730
   890    730
   891    730
   892    730
   893    730
   894    730
   895    730
   896    730
   897    730
   898    730
   899    730
   900    730
   901    730
   902    730
   903    730
   904    730
   905    730
   906    730
   907    730
   908    730
   909    730
   910    730
   911    730
   912    730
   918    730
   919    730
   920    730
   928    730
   929    730
   930    730
   931    730
   932    730
   933    730
   934    730
   935    730
   936    730
   937    730
   942    730
   943    730
   944    730
   945    730
   946    730
   947    730
   948    730
   949    730
   950    730
   951    730
   952    730
   953    730
   954    730
   955    730
   956    730
   957    730
   958    730
   959    730
   960    730
   962    730
   963    730
   965    730
   966    730
   967    730
   968    730
   969    730
   970    730
   974    730
   975    730
   976    730
   977    730
   978    730
   979    730
   980    730
   981    730
   982    730
   983    730
   984    730
   985    730
   986    730
   987    730
   988    730
   832    731
   833    731
   834    731
   835    731
   836    731
   837    731
   838    731
   839    731
   840    731
   841    731
   842    731
   843    731
   844    731
   845    731
   846    731
   847    731
   848    731
   849    731
   850    731
   851    731
   852    731
   853    731
   854    731
   855    731
   856    731
   857    731
   858    731
   859    731
   860    731
   861    731
   862    731
   863    731
   864    731
   865    731
   868    731
   869    731
   870    731
   871    731
   872    731
   873    731
   874    731
   875    731
   876    731
   877    731
   878    731
   879    731
   880    731
   881    731
   882    731
   883    731
   884    731
   885    731
   886    731
   887    731
   888    731
   889    731
   890    731
   891    731
   892    731
   893    731
   894    731
   895    731
   896    731
   897    731
   898    731
   899    731
   900    731
   901    731
   902    731
   903    731
   904    731
   905    731
   906    731
   907    731
   908    731
   909    731
   910    731
   911    731
   919    731
   925    731
   926    731
   927    731
   928    731
   929    731
   930    731
   931    731
   932    731
   933    731
   934    731
   935    731
   936    731
   937    731
   938    731
   939    731
   944    731
   945    731
   946    731
   947    731
   948    731
   949    731
   952    731
   953    731
   954    731
   955    731
   956    731
   957    731
   958    731
   959    731
   960    731
   961    731
   962    731
   963    731
   964    731
   965    731
   966    731
   967    731
   968    731
   969    731
   974    731
   975    731
   976    731
   977    731
   978    731
   979    731
   980    731
   981    731
   982    731
   983    731
   984    731
   985    731
   986    731
   987    731
   988    731
   826    732
   827    732
   828    732
   829    732
   830    732
   831    732
   832    732
   833    732
   834    732
   835    732
   836    732
   837    732
   838    732
   839    732
   840    732
   841    732
   842    732
   843    732
   844    732
   845    732
   846    732
   847    732
   848    732
   849    732
   850    732
   851    732
   852    732
   853    732
   854    732
   855    732
   856    732
   857    732
   858    732
   859    732
   860    732
   862    732
   863    732
   864    732
   865    732
   866    732
   868    732
   869    732
   870    732
   871    732
   872    732
   873    732
   874    732
   875    732
   876    732
   877    732
   878    732
   879    732
   880    732
   881    732
   882    732
   883    732
   884    732
   885    732
   886    732
   887    732
   888    732
   889    732
   890    732
   891    732
   892    732
   893    732
   894    732
   895    732
   896    732
   897    732
   898    732
   899    732
   900    732
   901    732
   902    732
   903    732
   904    732
   905    732
   906    732
   907    732
   908    732
   909    732
   910    732
   911    732
   919    732
   922    732
   923    732
   924    732
   925    732
   926    732
   927    732
   928    732
   929    732
   930    732
   931    732
   932    732
   933    732
   934    732
   935    732
   936    732
   937    732
   938    732
   939    732
   940    732
   941    732
   944    732
   945    732
   946    732
   947    732
   948    732
   949    732
   955    732
   956    732
   957    732
   958    732
   959    732
   960    732
   961    732
   962    732
   963    732
   965    732
   966    732
   967    732
   971    732
   972    732
   975    732
   978    732
   979    732
   980    732
   981    732
   991    732
   992    732
   826    733
   827    733
   828    733
   829    733
   830    733
   831    733
   832    733
   833    733
   834    733
   835    733
   836    733
   837    733
   838    733
   839    733
   840    733
   841    733
   842    733
   843    733
   844    733
   845    733
   846    733
   847    733
   848    733
   849    733
   850    733
   851    733
   852    733
   853    733
   854    733
   855    733
   856    733
   857    733
   858    733
   859    733
   860    733
   863    733
   864    733
   865    733
   870    733
   871    733
   872    733
   873    733
   874    733
   875    733
   876    733
   877    733
   878    733
   879    733
   880    733
   881    733
   882    733
   883    733
   884    733
   885    733
   886    733
   887    733
   888    733
   889    733
   890    733
   891    733
   892    733
   893    733
   894    733
   895    733
   896    733
   897    733
   898    733
   899    733
   900    733
   901    733
   902    733
   903    733
   904    733
   905    733
   906    733
   907    733
   908    733
   909    733
   910    733
   922    733
   923    733
   924    733
   925    733
   926    733
   927    733
   928    733
   929    733
   930    733
   931    733
   932    733
   933    733
   934    733
   935    733
   936    733
   937    733
   938    733
   939    733
   940    733
   941    733
   943    733
   944    733
   945    733
   946    733
   947    733
   948    733
   949    733
   950    733
   953    733
   954    733
   955    733
   956    733
   957    733
   958    733
   966    733
   967    733
   968    733
   969    733
   971    733
   972    733
   973    733
   974    733
   975    733
   976    733
   977    733
   978    733
   979    733
   980    733
   981    733
   982    733
   983    733
   984    733
   991    733
   992    733
   822    734
   825    734
   827    734
   828    734
   829    734
   830    734
   831    734
   832    734
   833    734
   834    734
   835    734
   836    734
   837    734
   838    734
   839    734
   840    734
   841    734
   842    734
   843    734
   844    734
   845    734
   846    734
   847    734
   848    734
   849    734
   850    734
   851    734
   852    734
   853    734
   854    734
   858    734
   859    734
   863    734
   864    734
   865    734
   866    734
   867    734
   868    734
   869    734
   870    734
   871    734
   872    734
   873    734
   874    734
   875    734
   876    734
   877    734
   879    734
   880    734
   885    734
   886    734
   887    734
   888    734
   889    734
   890    734
   891    734
   892    734
   893    734
   894    734
   895    734
   896    734
   897    734
   898    734
   899    734
   900    734
   901    734
   902    734
   903    734
   904    734
   905    734
   906    734
   919    734
   920    734
   921    734
   922    734
   923    734
   924    734
   925    734
   926    734
   927    734
   928    734
   929    734
   930    734
   931    734
   932    734
   933    734
   934    734
   935    734
   944    734
   945    734
   946    734
   947    734
   948    734
   949    734
   950    734
   951    734
   952    734
   953    734
   954    734
   955    734
   956    734
   957    734
   958    734
   959    734
   964    734
   965    734
   966    734
   967    734
   969    734
   979    734
   980    734
   981    734
   982    734
   983    734
   984    734
   985    734
   986    734
   987    734
   988    734
   989    734
   990    734
   991    734
   992    734
   997    734
   998    734
   820    735
   821    735
   822    735
   823    735
   825    735
   827    735
   828    735
   829    735
   830    735
   831    735
   832    735
   833    735
   834    735
   835    735
   836    735
   837    735
   838    735
   839    735
   840    735
   841    735
   842    735
   843    735
   844    735
   845    735
   846    735
   847    735
   848    735
   849    735
   850    735
   851    735
   852    735
   853    735
   854    735
   858    735
   859    735
   863    735
   864    735
   865    735
   866    735
   867    735
   868    735
   869    735
   870    735
   871    735
   872    735
   873    735
   874    735
   875    735
   876    735
   877    735
   878    735
   879    735
   886    735
   887    735
   888    735
   889    735
   890    735
   891    735
   892    735
   893    735
   894    735
   895    735
   896    735
   897    735
   898    735
   899    735
   900    735
   901    735
   902    735
   903    735
   904    735
   905    735
   906    735
   914    735
   915    735
   918    735
   919    735
   920    735
   921    735
   922    735
   923    735
   924    735
   925    735
   926    735
   927    735
   928    735
   929    735
   930    735
   931    735
   932    735
   933    735
   934    735
   939    735
   940    735
   941    735
   942    735
   943    735
   944    735
   945    735
   946    735
   947    735
   948    735
   949    735
   956    735
   957    735
   958    735
   959    735
   960    735
   961    735
   962    735
   963    735
   964    735
   965    735
   966    735
   971    735
   983    735
   984    735
   985    735
   986    735
   987    735
   990    735
   991    735
   992    735
   998    735
   999    735
  1000    735
   831    736
   832    736
   837    736
   843    736
   844    736
   845    736
   846    736
   847    736
   863    736
   864    736
   865    736
   866    736
   867    736
   868    736
   869    736
   870    736
   871    736
   872    736
   873    736
   874    736
   875    736
   877    736
   878    736
   879    736
   880    736
   881    736
   882    736
   883    736
   884    736
   885    736
   886    736
   887    736
   888    736
   889    736
   890    736
   891    736
   892    736
   893    736
   894    736
   896    736
   897    736
   904    736
   905    736
   906    736
   907    736
   908    736
   909    736
   928    736
   929    736
   930    736
   931    736
   932    736
   933    736
   934    736
   935    736
   944    736
   945    736
   946    736
   947    736
   959    736
   960    736
   976    736
   977    736
   979    736
   982    736
   983    736
   984    736
   985    736
   986    736
   987    736
   988    736
   989    736
   990    736
   991    736
   992    736
   998    736
   999    736
  1002    736
  1003    736
   842    737
   843    737
   844    737
   845    737
   846    737
   847    737
   863    737
   864    737
   865    737
   866    737
   867    737
   868    737
   869    737
   870    737
   871    737
   872    737
   873    737
   874    737
   875    737
   876    737
   877    737
   878    737
   879    737
   880    737
   881    737
   887    737
   888    737
   889    737
   890    737
   891    737
   892    737
   893    737
   894    737
   895    737
   896    737
   897    737
   905    737
   906    737
   907    737
   928    737
   929    737
   930    737
   931    737
   932    737
   933    737
   944    737
   945    737
   946    737
   947    737
   973    737
   975    737
   976    737
   977    737
   978    737
   979    737
   980    737
   981    737
   987    737
   988    737
   989    737
   990    737
   991    737
   992    737
   993    737
   997    737
   998    737
   999    737
  1002    737
  1003    737
  1004    737
   814    738
   815    738
   816    738
   831    738
   832    738
   833    738
   834    738
   840    738
   843    738
   844    738
   845    738
   846    738
   847    738
   848    738
   849    738
   858    738
   859    738
   860    738
   861    738
   862    738
   863    738
   864    738
   870    738
   871    738
   872    738
   873    738
   874    738
   875    738
   876    738
   877    738
   878    738
   879    738
   880    738
   884    738
   885    738
   886    738
   887    738
   888    738
   889    738
   890    738
   891    738
   892    738
   893    738
   894    738
   895    738
   896    738
   897    738
   928    738
   929    738
   930    738
   943    738
   944    738
   945    738
   946    738
   947    738
   958    738
   959    738
   960    738
   961    738
   965    738
   968    738
   969    738
   970    738
   971    738
   972    738
   973    738
   974    738
   975    738
   976    738
   977    738
   978    738
   979    738
   980    738
   981    738
   982    738
   983    738
   984    738
   985    738
   986    738
   987    738
   988    738
   989    738
   990    738
   992    738
   993    738
   994    738
   995    738
   996    738
   997    738
   998    738
  1000    738
  1001    738
  1002    738
  1005    738
  1007    738
   812    739
   813    739
   814    739
   815    739
   816    739
   820    739
   821    739
   822    739
   825    739
   826    739
   827    739
   828    739
   830    739
   831    739
   832    739
   833    739
   834    739
   835    739
   836    739
   837    739
   839    739
   842    739
   843    739
   844    739
   845    739
   846    739
   847    739
   848    739
   849    739
   858    739
   859    739
   860    739
   861    739
   862    739
   863    739
   864    739
   869    739
   870    739
   871    739
   872    739
   873    739
   874    739
   875    739
   876    739
   877    739
   878    739
   879    739
   884    739
   885    739
   886    739
   887    739
   888    739
   889    739
   890    739
   891    739
   892    739
   893    739
   894    739
   895    739
   896    739
   897    739
   928    739
   929    739
   930    739
   942    739
   943    739
   944    739
   945    739
   946    739
   947    739
   948    739
   958    739
   959    739
   960    739
   961    739
   962    739
   963    739
   964    739
   965    739
   966    739
   967    739
   968    739
   970    739
   972    739
   974    739
   976    739
   977    739
   978    739
   979    739
   980    739
   981    739
   983    739
   984    739
   990    739
   991    739
   996    739
   999    739
  1000    739
  1001    739
  1002    739
  1003    739
  1004    739
  1005    739
  1007    739
   810    740
   811    740
   812    740
   813    740
   814    740
   815    740
   816    740
   817    740
   818    740
   819    740
   820    740
   821    740
   822    740
   823    740
   824    740
   825    740
   826    740
   827    740
   828    740
   829    740
   830    740
   831    740
   832    740
   833    740
   834    740
   835    740
   842    740
   843    740
   844    740
   845    740
   846    740
   847    740
   848    740
   857    740
   858    740
   859    740
   860    740
   861    740
   862    740
   863    740
   864    740
   865    740
   866    740
   867    740
   868    740
   869    740
   870    740
   871    740
   872    740
   873    740
   874    740
   875    740
   876    740
   877    740
   878    740
   879    740
   890    740
   891    740
   892    740
   893    740
   929    740
   930    740
   931    740
   932    740
   933    740
   934    740
   935    740
   936    740
   937    740
   938    740
   939    740
   940    740
   941    740
   942    740
   943    740
   944    740
   945    740
   946    740
   947    740
   948    740
   949    740
   950    740
   951    740
   953    740
   954    740
   955    740
   956    740
   957    740
   964    740
   965    740
   966    740
   967    740
   969    740
   970    740
   971    740
   972    740
   973    740
   974    740
   976    740
   979    740
   981    740
   982    740
   984    740
   987    740
   988    740
   989    740
   990    740
   991    740
   992    740
   993    740
   810    741
   811    741
   812    741
   813    741
   814    741
   815    741
   817    741
   818    741
   819    741
   820    741
   821    741
   822    741
   823    741
   824    741
   825    741
   826    741
   827    741
   828    741
   829    741
   830    741
   831    741
   832    741
   833    741
   834    741
   835    741
   842    741
   843    741
   844    741
   845    741
   846    741
   847    741
   857    741
   858    741
   859    741
   860    741
   861    741
   862    741
   863    741
   864    741
   865    741
   866    741
   867    741
   868    741
   869    741
   870    741
   871    741
   872    741
   873    741
   874    741
   875    741
   876    741
   877    741
   878    741
   879    741
   890    741
   891    741
   892    741
   893    741
   894    741
   928    741
   929    741
   930    741
   931    741
   932    741
   933    741
   934    741
   935    741
   936    741
   937    741
   938    741
   940    741
   948    741
   949    741
   950    741
   951    741
   952    741
   960    741
   961    741
   962    741
   969    741
  1000    741
  1001    741
  1002    741
  1003    741
  1004    741
  1005    741
  1006    741
  1007    741
  1008    741
  1009    741
  1010    741
  1011    741
  1012    741
  1013    741
  1014    741
  1015    741
   814    742
   815    742
   844    742
   845    742
   846    742
   847    742
   862    742
   863    742
   864    742
   865    742
   866    742
   867    742
   868    742
   869    742
   872    742
   873    742
   877    742
   878    742
   879    742
   888    742
   889    742
   890    742
   891    742
   892    742
   893    742
   894    742
   895    742
   928    742
   929    742
   930    742
   931    742
   952    742
   956    742
   957    742
   958    742
   959    742
   961    742
   962    742
   965    742
   986    742
   987    742
   988    742
   989    742
   990    742
   991    742
   992    742
   993    742
   994    742
   995    742
   996    742
   997    742
   998    742
   999    742
  1000    742
  1001    742
  1002    742
  1003    742
  1004    742
  1005    742
  1006    742
  1007    742
  1008    742
  1010    742
  1011    742
  1012    742
  1013    742
  1014    742
  1015    742
  1016    742
  1017    742
  1018    742
   844    743
   845    743
   846    743
   847    743
   862    743
   863    743
   864    743
   865    743
   866    743
   867    743
   868    743
   869    743
   876    743
   877    743
   878    743
   879    743
   887    743
   888    743
   889    743
   890    743
   891    743
   892    743
   893    743
   894    743
   895    743
   896    743
   928    743
   930    743
   958    743
   959    743
   960    743
   961    743
   962    743
   963    743
   964    743
   965    743
   968    743
   969    743
   970    743
   971    743
   972    743
   973    743
   974    743
   975    743
   976    743
   977    743
   978    743
   979    743
   980    743
   981    743
   982    743
   983    743
   984    743
   985    743
   986    743
   987    743
   988    743
   989    743
   990    743
   991    743
   992    743
   993    743
   994    743
   995    743
   996    743
   997    743
   998    743
   999    743
  1000    743
  1001    743
  1002    743
  1003    743
  1004    743
  1005    743
  1006    743
  1007    743
  1008    743
  1009    743
  1010    743
  1011    743
  1012    743
  1013    743
  1014    743
  1015    743
  1016    743
  1017    743
  1018    743
  1019    743
  1020    743
  1021    743
   865    744
   866    744
   867    744
   868    744
   869    744
   870    744
   873    744
   875    744
   877    744
   878    744
   879    744
   880    744
   881    744
   882    744
   883    744
   884    744
   885    744
   886    744
   887    744
   888    744
   889    744
   890    744
   891    744
   892    744
   894    744
   895    744
   896    744
   897    744
   898    744
   899    744
   906    744
   907    744
   908    744
   909    744
   927    744
   928    744
   955    744
   956    744
   957    744
   958    744
   959    744
   960    744
   961    744
   962    744
   963    744
   964    744
   965    744
   966    744
   967    744
   968    744
   969    744
   970    744
   971    744
   972    744
   973    744
   974    744
   975    744
   976    744
   977    744
   978    744
   979    744
   982    744
   983    744
   984    744
   985    744
   986    744
   987    744
   988    744
   989    744
   990    744
   991    744
   992    744
   993    744
   994    744
   995    744
   996    744
   998    744
   999    744
  1000    744
  1001    744
  1002    744
  1003    744
  1004    744
  1005    744
  1006    744
  1007    744
  1008    744
  1009    744
  1010    744
  1011    744
  1012    744
  1016    744
  1017    744
  1019    744
   833    745
   835    745
   837    745
   839    745
   846    745
   861    745
   863    745
   864    745
   865    745
   866    745
   867    745
   868    745
   869    745
   870    745
   871    745
   872    745
   873    745
   874    745
   875    745
   876    745
   877    745
   878    745
   879    745
   880    745
   881    745
   882    745
   883    745
   884    745
   885    745
   886    745
   887    745
   891    745
   892    745
   893    745
   894    745
   895    745
   896    745
   897    745
   898    745
   903    745
   905    745
   906    745
   907    745
   908    745
   909    745
   910    745
   911    745
   927    745
   928    745
   936    745
   937    745
   938    745
   939    745
   940    745
   941    745
   942    745
   943    745
   944    745
   945    745
   946    745
   947    745
   948    745
   949    745
   950    745
   952    745
   953    745
   954    745
   955    745
   956    745
   957    745
   958    745
   959    745
   960    745
   961    745
   962    745
   963    745
   964    745
   965    745
   966    745
   967    745
   968    745
   969    745
   970    745
   971    745
   972    745
   973    745
   974    745
   975    745
   976    745
   977    745
   978    745
   979    745
   980    745
   981    745
   982    745
   983    745
   984    745
   985    745
   986    745
   987    745
   988    745
   989    745
   990    745
   991    745
   992    745
   993    745
   994    745
   995    745
   996    745
   997    745
  1003    745
  1004    745
  1005    745
  1025    745
   800    746
   801    746
   802    746
   803    746
   804    746
   805    746
   806    746
   807    746
   817    746
   818    746
   819    746
   820    746
   821    746
   822    746
   823    746
   832    746
   833    746
   834    746
   835    746
   836    746
   838    746
   840    746
   841    746
   842    746
   843    746
   844    746
   845    746
   846    746
   847    746
   848    746
   850    746
   851    746
   852    746
   853    746
   855    746
   856    746
   857    746
   858    746
   859    746
   860    746
   861    746
   862    746
   864    746
   867    746
   868    746
   869    746
   870    746
   871    746
   872    746
   873    746
   874    746
   875    746
   876    746
   877    746
   882    746
   884    746
   886    746
   887    746
   888    746
   889    746
   890    746
   891    746
   892    746
   894    746
   895    746
   896    746
   897    746
   898    746
   899    746
   900    746
   901    746
   902    746
   903    746
   904    746
   905    746
   906    746
   911    746
   912    746
   913    746
   914    746
   915    746
   916    746
   917    746
   918    746
   919    746
   921    746
   922    746
   923    746
   924    746
   925    746
   930    746
   931    746
   932    746
   933    746
   934    746
   935    746
   936    746
   937    746
   938    746
   939    746
   940    746
   941    746
   942    746
   943    746
   944    746
   945    746
   949    746
   950    746
   951    746
   952    746
   955    746
   956    746
   957    746
   958    746
   959    746
   960    746
   961    746
   962    746
   963    746
   964    746
   965    746
   966    746
   967    746
   968    746
   969    746
   970    746
   971    746
   972    746
   973    746
   974    746
   975    746
   976    746
   977    746
   978    746
   979    746
   980    746
   981    746
   982    746
   983    746
   984    746
   990    746
   991    746
  1019    746
  1020    746
  1021    746
  1022    746
  1023    746
  1024    746
  1025    746
  1026    746
  1027    746
   800    747
   801    747
   802    747
   803    747
   804    747
   805    747
   806    747
   807    747
   808    747
   809    747
   810    747
   813    747
   814    747
   815    747
   816    747
   817    747
   818    747
   819    747
   820    747
   821    747
   822    747
   823    747
   824    747
   825    747
   826    747
   827    747
   828    747
   829    747
   830    747
   831    747
   832    747
   848    747
   850    747
   851    747
   852    747
   853    747
   854    747
   855    747
   858    747
   859    747
   919    747
   920    747
   921    747
   922    747
   923    747
   924    747
   925    747
   928    747
   929    747
   930    747
   931    747
   932    747
   933    747
   936    747
   937    747
   938    747
   939    747
   940    747
   941    747
   942    747
   943    747
   944    747
   947    747
   948    747
   949    747
   950    747
   951    747
   954    747
   955    747
   956    747
   957    747
   958    747
   959    747
   960    747
   961    747
   962    747
   963    747
   964    747
   965    747
   966    747
   967    747
   968    747
   969    747
   980    747
  1015    747
  1016    747
  1017    747
  1018    747
  1019    747
   798    748
   799    748
   800    748
   804    748
   805    748
   806    748
   807    748
   808    748
   809    748
   810    748
   811    748
   812    748
   813    748
   825    748
   826    748
   830    748
   831    748
   843    748
   844    748
   845    748
   846    748
   847    748
   850    748
   884    748
   885    748
   886    748
   887    748
   888    748
   889    748
   890    748
   891    748
   892    748
   893    748
   894    748
   895    748
   912    748
   913    748
   914    748
   915    748
   928    748
   929    748
   930    748
   931    748
   932    748
   941    748
   942    748
   952    748
   953    748
   954    748
   955    748
   987    748
   996    748
   997    748
   998    748
   999    748
  1000    748
  1007    748
  1008    748
  1009    748
  1010    748
  1011    748
  1012    748
  1013    748
  1014    748
  1015    748
  1016    748
  1017    748
  1018    748
   796    749
   797    749
   798    749
   799    749
   800    749
   819    749
   820    749
   821    749
   822    749
   823    749
   830    749
   831    749
   838    749
   839    749
   840    749
   861    749
   862    749
   864    749
   865    749
   866    749
   867    749
   868    749
   869    749
   870    749
   871    749
   872    749
   873    749
   874    749
   875    749
   876    749
   877    749
   878    749
   879    749
   880    749
   881    749
   882    749
   883    749
   884    749
   885    749
   886    749
   887    749
   888    749
   889    749
   890    749
   891    749
   892    749
   893    749
   894    749
   895    749
   896    749
   897    749
   898    749
   899    749
   900    749
   901    749
   902    749
   903    749
   904    749
   905    749
   906    749
   907    749
   908    749
   909    749
   910    749
   911    749
   912    749
   913    749
   915    749
   916    749
   918    749
   919    749
   920    749
   921    749
   922    749
   923    749
   940    749
   946    749
   947    749
   948    749
   949    749
   958    749
   972    749
   973    749
   974    749
   975    749
   986    749
   987    749
   988    749
   993    749
   994    749
   995    749
  1000    749
  1001    749
  1002    749
  1006    749
  1007    749
  1008    749
  1009    749
  1010    749
  1011    749
  1012    749
  1013    749
  1014    749
  1015    749
  1016    749
  1017    749
   790    750
   791    750
   792    750
   793    750
   794    750
   795    750
   796    750
   797    750
   798    750
   799    750
   843    750
   844    750
   845    750
   846    750
   847    750
   848    750
   849    750
   850    750
   851    750
   852    750
   853    750
   854    750
   855    750
   856    750
   857    750
   858    750
   859    750
   860    750
   861    750
   862    750
   863    750
   864    750
   865    750
   866    750
   867    750
   868    750
   869    750
   870    750
   871    750
   872    750
   873    750
   874    750
   875    750
   876    750
   877    750
   878    750
   879    750
   880    750
   881    750
   882    750
   883    750
   884    750
   885    750
   886    750
   887    750
   888    750
   889    750
   890    750
   891    750
   892    750
   893    750
   894    750
   895    750
   896    750
   897    750
   898    750
   899    750
   900    750
   901    750
   902    750
   903    750
   905    750
   906    750
   907    750
   908    750
   909    750
   910    750
   911    750
   912    750
   913    750
   914    750
   915    750
   917    750
   918    750
   920    750
   921    750
   925    750
   926    750
   927    750
   928    750
   933    750
   934    750
   935    750
   936    750
   937    750
   938    750
   939    750
   940    750
   941    750
   942    750
   943    750
   944    750
   945    750
   946    750
   947    750
   948    750
   949    750
   950    750
   951    750
   952    750
   953    750
   954    750
   955    750
   956    750
   958    750
   959    750
   960    750
   965    750
   966    750
   967    750
   968    750
   969    750
   970    750
   971    750
   972    750
   973    750
   974    750
   975    750
   976    750
   977    750
   978    750
   979    750
   980    750
   981    750
   982    750
   983    750
   984    750
   985    750
   986    750
   987    750
   988    750
   989    750
   990    750
   991    750
   992    750
   993    750
   994    750
  1001    750
  1002    750
  1003    750
  1004    750
  1005    750
  1006    750
  1007    750
  1009    750
  1010    750
  1011    750
  1012    750
  1013    750
  1014    750
  1015    750
  1016    750
  1018    750
   788    751
   789    751
   790    751
   791    751
   792    751
   809    751
   810    751
   811    751
   812    751
   813    751
   814    751
   815    751
   824    751
   825    751
   826    751
   827    751
   828    751
   829    751
   830    751
   831    751
   832    751
   833    751
   834    751
   835    751
   836    751
   837    751
   838    751
   839    751
   840    751
   841    751
   842    751
   843    751
   844    751
   845    751
   846    751
   847    751
   848    751
   849    751
   850    751
   851    751
   852    751
   853    751
   854    751
   855    751
   856    751
   858    751
   859    751
   860    751
   861    751
   862    751
   863    751
   864    751
   865    751
   866    751
   867    751
   868    751
   869    751
   870    751
   871    751
   872    751
   873    751
   874    751
   875    751
   876    751
   877    751
   878    751
   879    751
   880    751
   881    751
   882    751
   883    751
   884    751
   885    751
   886    751
   887    751
   888    751
   889    751
   890    751
   891    751
   892    751
   893    751
   894    751
   895    751
   896    751
   897    751
   898    751
   899    751
   900    751
   901    751
   902    751
   903    751
   904    751
   905    751
   906    751
   907    751
   917    751
   918    751
   919    751
   927    751
   928    751
   929    751
   930    751
   931    751
   932    751
   933    751
   934    751
   935    751
   936    751
   938    751
   939    751
   940    751
   941    751
   943    751
   944    751
   947    751
   948    751
   952    751
   953    751
   954    751
   955    751
   956    751
   960    751
   961    751
   962    751
   963    751
   964    751
   965    751
   966    751
   967    751
   968    751
   969    751
   970    751
   971    751
   972    751
   974    751
   975    751
   976    751
   977    751
   978    751
   979    751
   980    751
   981    751
   982    751
   984    751
   985    751
   986    751
   991    751
   992    751
   993    751
   994    751
  1002    751
  1003    751
  1004    751
  1005    751
  1006    751
  1007    751
  1008    751
  1009    751
  1010    751
  1011    751
  1012    751
  1013    751
  1014    751
  1015    751
  1016    751
  1017    751
  1018    751
  1019    751
   802    752
   803    752
   804    752
   805    752
   806    752
   807    752
   808    752
   809    752
   810    752
   811    752
   812    752
   813    752
   814    752
   815    752
   816    752
   817    752
   818    752
   819    752
   820    752
   821    752
   822    752
   823    752
   824    752
   825    752
   826    752
   827    752
   828    752
   829    752
   830    752
   831    752
   832    752
   833    752
   834    752
   835    752
   836    752
   837    752
   838    752
   839    752
   840    752
   841    752
   842    752
   843    752
   844    752
   845    752
   846    752
   847    752
   848    752
   849    752
   850    752
   851    752
   852    752
   853    752
   854    752
   855    752
   856    752
   857    752
   858    752
   859    752
   860    752
   861    752
   862    752
   863    752
   864    752
   865    752
   866    752
   867    752
   868    752
   878    752
   879    752
   880    752
   881    752
   882    752
   883    752
   884    752
   885    752
   886    752
   887    752
   908    752
   913    752
   914    752
   915    752
   916    752
   917    752
   919    752
   920    752
   926    752
   927    752
   928    752
   929    752
   930    752
   931    752
   932    752
   933    752
   934    752
   935    752
   936    752
   937    752
   938    752
   939    752
   940    752
   941    752
   942    752
   943    752
   946    752
   947    752
   948    752
   949    752
   950    752
   951    752
   952    752
   953    752
   954    752
   956    752
   957    752
   958    752
   959    752
   960    752
   961    752
   962    752
   971    752
   972    752
   973    752
   974    752
   975    752
   976    752
   977    752
   978    752
   979    752
  1003    752
  1004    752
  1005    752
  1006    752
  1007    752
  1008    752
  1009    752
  1010    752
  1011    752
  1012    752
  1013    752
  1014    752
  1015    752
  1016    752
  1017    752
  1018    752
  1019    752
   784    753
   785    753
   786    753
   787    753
   788    753
   789    753
   790    753
   791    753
   792    753
   793    753
   794    753
   795    753
   796    753
   797    753
   798    753
   799    753
   800    753
   801    753
   802    753
   803    753
   804    753
   805    753
   806    753
   807    753
   808    753
   809    753
   810    753
   811    753
   812    753
   813    753
   814    753
   815    753
   816    753
   817    753
   818    753
   819    753
   820    753
   821    753
   822    753
   823    753
   824    753
   825    753
   826    753
   827    753
   828    753
   829    753
   830    753
   831    753
   832    753
   833    753
   834    753
   835    753
   836    753
   837    753
   838    753
   839    753
   840    753
   841    753
   842    753
   843    753
   844    753
   845    753
   846    753
   847    753
   848    753
   849    753
   850    753
   851    753
   852    753
   853    753
   854    753
   855    753
   856    753
   857    753
   858    753
   859    753
   860    753
   861    753
   862    753
   863    753
   864    753
   865    753
   866    753
   867    753
   868    753
   877    753
   878    753
   892    753
   893    753
   894    753
   895    753
   896    753
   897    753
   898    753
   899    753
   900    753
   901    753
   902    753
   903    753
   904    753
   905    753
   906    753
   907    753
   908    753
   909    753
   910    753
   911    753
   912    753
   913    753
   914    753
   917    753
   918    753
   919    753
   920    753
   921    753
   928    753
   929    753
   930    753
   931    753
   932    753
   933    753
   934    753
   935    753
   936    753
   937    753
   938    753
   939    753
   940    753
   941    753
   942    753
   943    753
   946    753
   947    753
   948    753
   949    753
   950    753
   951    753
   952    753
   953    753
   954    753
   955    753
   956    753
   957    753
   972    753
   973    753
   974    753
   975    753
   976    753
   977    753
   978    753
   979    753
  1004    753
  1005    753
  1006    753
  1007    753
  1008    753
  1009    753
  1010    753
  1011    753
  1012    753
  1013    753
  1014    753
  1015    753
  1016    753
  1017    753
  1018    753
  1019    753
  1020    753
  1021    753
  1022    753
  1023    753
  1024    753
   782    754
   783    754
   784    754
   785    754
   786    754
   787    754
   788    754
   789    754
   790    754
   791    754
   792    754
   793    754
   794    754
   795    754
   796    754
   797    754
   798    754
   799    754
   800    754
   801    754
   802    754
   803    754
   804    754
   805    754
   806    754
   807    754
   808    754
   809    754
   810    754
   811    754
   812    754
   813    754
   814    754
   815    754
   816    754
   817    754
   818    754
   819    754
   820    754
   821    754
   822    754
   823    754
   824    754
   825    754
   826    754
   827    754
   828    754
   829    754
   830    754
   831    754
   832    754
   833    754
   834    754
   835    754
   836    754
   837    754
   838    754
   839    754
   840    754
   841    754
   842    754
   843    754
   844    754
   845    754
   846    754
   847    754
   848    754
   849    754
   850    754
   871    754
   872    754
   873    754
   874    754
   878    754
   879    754
   880    754
   886    754
   887    754
   888    754
   889    754
   890    754
   891    754
   892    754
   893    754
   894    754
   895    754
   896    754
   897    754
   898    754
   899    754
   900    754
   901    754
   902    754
   903    754
   904    754
   905    754
   906    754
   907    754
   908    754
   909    754
   910    754
   911    754
   912    754
   913    754
   919    754
   928    754
   929    754
   930    754
   931    754
   932    754
   933    754
   934    754
   935    754
   936    754
   937    754
   938    754
   939    754
   940    754
   941    754
   942    754
   948    754
   949    754
   950    754
   951    754
   952    754
   953    754
   954    754
   955    754
   956    754
   957    754
   958    754
   972    754
   973    754
   974    754
   975    754
   976    754
   977    754
  1004    754
  1005    754
  1006    754
  1007    754
  1008    754
  1009    754
  1010    754
  1011    754
  1012    754
  1013    754
  1014    754
  1015    754
  1016    754
  1017    754
  1018    754
  1019    754
  1020    754
  1021    754
  1022    754
  1023    754
  1024    754
   781    755
   782    755
   783    755
   784    755
   785    755
   786    755
   787    755
   788    755
   789    755
   790    755
   791    755
   792    755
   793    755
   794    755
   795    755
   796    755
   797    755
   798    755
   799    755
   800    755
   801    755
   802    755
   803    755
   804    755
   805    755
   806    755
   807    755
   808    755
   809    755
   810    755
   811    755
   812    755
   813    755
   814    755
   815    755
   816    755
   817    755
   818    755
   819    755
   820    755
   821    755
   822    755
   823    755
   824    755
   825    755
   826    755
   827    755
   828    755
   829    755
   830    755
   831    755
   862    755
   865    755
   866    755
   867    755
   868    755
   869    755
   870    755
   871    755
   872    755
   873    755
   880    755
   881    755
   882    755
   884    755
   885    755
   886    755
   887    755
   888    755
   889    755
   890    755
   891    755
   892    755
   893    755
   894    755
   895    755
   896    755
   899    755
   900    755
   901    755
   902    755
   903    755
   911    755
   912    755
   913    755
   928    755
   929    755
   930    755
   931    755
   932    755
   933    755
   934    755
   935    755
   936    755
   937    755
   938    755
   939    755
   940    755
   941    755
   942    755
   943    755
   944    755
   948    755
   949    755
   950    755
   951    755
   952    755
   953    755
   954    755
   955    755
   956    755
   957    755
   958    755
   959    755
   972    755
   973    755
   974    755
   975    755
   976    755
   977    755
  1004    755
  1005    755
  1006    755
  1007    755
  1008    755
  1009    755
  1010    755
  1011    755
  1012    755
  1013    755
  1014    755
  1015    755
  1016    755
  1017    755
  1018    755
  1019    755
  1020    755
  1021    755
  1022    755
  1023    755
  1024    755
   779    756
   780    756
   781    756
   798    756
   799    756
   800    756
   801    756
   802    756
   803    756
   804    756
   805    756
   806    756
   807    756
   808    756
   809    756
   810    756
   811    756
   812    756
   813    756
   814    756
   815    756
   845    756
   847    756
   848    756
   849    756
   850    756
   851    756
   852    756
   853    756
   854    756
   855    756
   856    756
   857    756
   858    756
   859    756
   860    756
   861    756
   862    756
   863    756
   864    756
   865    756
   866    756
   867    756
   868    756
   869    756
   880    756
   881    756
   882    756
   883    756
   884    756
   887    756
   888    756
   889    756
   890    756
   891    756
   892    756
   893    756
   894    756
   895    756
   896    756
   912    756
   913    756
   914    756
   915    756
   916    756
   927    756
   928    756
   929    756
   930    756
   931    756
   932    756
   933    756
   934    756
   935    756
   936    756
   937    756
   938    756
   939    756
   940    756
   941    756
   942    756
   943    756
   950    756
   951    756
   952    756
   953    756
   954    756
   955    756
   956    756
   957    756
   958    756
   959    756
   972    756
   973    756
   974    756
   975    756
  1004    756
  1005    756
  1006    756
  1007    756
  1008    756
  1009    756
  1010    756
  1011    756
  1012    756
  1013    756
  1014    756
  1015    756
  1016    756
  1017    756
  1018    756
  1019    756
  1020    756
  1021    756
   833    757
   834    757
   835    757
   836    757
   843    757
   844    757
   845    757
   846    757
   847    757
   857    757
   859    757
   863    757
   864    757
   865    757
   866    757
   867    757
   868    757
   881    757
   888    757
   889    757
   890    757
   891    757
   892    757
   893    757
   894    757
   895    757
   896    757
   913    757
   914    757
   915    757
   928    757
   929    757
   930    757
   931    757
   932    757
   933    757
   934    757
   935    757
   936    757
   937    757
   938    757
   939    757
   940    757
   941    757
   942    757
   943    757
   950    757
   951    757
   952    757
   953    757
   954    757
   955    757
   956    757
   957    757
   958    757
   959    757
   972    757
   973    757
   974    757
   975    757
  1004    757
  1005    757
  1006    757
  1007    757
  1008    757
  1009    757
  1010    757
  1011    757
  1012    757
  1013    757
  1014    757
  1015    757
  1016    757
  1017    757
  1018    757
  1019    757
  1020    757
  1021    757
   774    758
   775    758
   776    758
   777    758
   778    758
   779    758
   780    758
   781    758
   782    758
   783    758
   784    758
   785    758
   786    758
   787    758
   788    758
   789    758
   790    758
   791    758
   792    758
   793    758
   794    758
   795    758
   796    758
   797    758
   798    758
   799    758
   805    758
   806    758
   807    758
   808    758
   809    758
   810    758
   811    758
   812    758
   813    758
   815    758
   816    758
   817    758
   818    758
   819    758
   820    758
   821    758
   822    758
   823    758
   824    758
   825    758
   826    758
   827    758
   828    758
   829    758
   830    758
   831    758
   832    758
   833    758
   835    758
   837    758
   838    758
   839    758
   840    758
   841    758
   842    758
   846    758
   894    758
   895    758
   929    758
   930    758
   931    758
   932    758
   933    758
   934    758
   935    758
   936    758
   937    758
   938    758
   939    758
   940    758
   941    758
   942    758
   943    758
   952    758
   953    758
   954    758
   955    758
   956    758
   957    758
   958    758
   959    758
   974    758
   975    758
   976    758
  1004    758
  1005    758
  1006    758
  1007    758
  1008    758
  1009    758
  1010    758
  1011    758
  1012    758
  1013    758
  1014    758
   772    759
   773    759
   774    759
   775    759
   776    759
   777    759
   778    759
   779    759
   780    759
   781    759
   782    759
   783    759
   784    759
   785    759
   786    759
   787    759
   788    759
   789    759
   790    759
   791    759
   792    759
   793    759
   794    759
   795    759
   796    759
   797    759
   798    759
   799    759
   800    759
   802    759
   803    759
   804    759
   805    759
   806    759
   807    759
   808    759
   809    759
   810    759
   811    759
   812    759
   813    759
   814    759
   815    759
   816    759
   817    759
   819    759
   820    759
   821    759
   838    759
   839    759
   840    759
   841    759
   842    759
   894    759
   930    759
   931    759
   932    759
   933    759
   934    759
   935    759
   936    759
   937    759
   938    759
   939    759
   940    759
   941    759
   942    759
   943    759
   944    759
   952    759
   953    759
   954    759
   955    759
   956    759
   957    759
   958    759
   959    759
  1004    759
  1005    759
  1006    759
  1007    759
  1008    759
  1009    759
  1010    759
  1011    759
  1012    759
  1013    759
   770    760
   771    760
   772    760
   773    760
   774    760
   775    760
   776    760
   777    760
   778    760
   779    760
   780    760
   798    760
   799    760
   800    760
   801    760
   802    760
   803    760
   804    760
   805    760
   840    760
   841    760
   927    760
   928    760
   929    760
   930    760
   931    760
   932    760
   933    760
   934    760
   935    760
   936    760
   937    760
   938    760
   939    760
   940    760
   941    760
   942    760
   943    760
   951    760
   952    760
   953    760
   954    760
   955    760
   956    760
   957    760
   958    760
   959    760
   960    760
  1004    760
  1005    760
  1006    760
  1007    760
  1008    760
   768    761
   769    761
   770    761
   771    761
   772    761
   773    761
   774    761
   775    761
   776    761
   777    761
   778    761
   779    761
   799    761
   800    761
   801    761
   802    761
   803    761
   804    761
   805    761
   928    761
   929    761
   930    761
   931    761
   932    761
   933    761
   934    761
   935    761
   936    761
   937    761
   938    761
   939    761
   940    761
   941    761
   942    761
   943    761
   952    761
   953    761
   954    761
   955    761
   956    761
   957    761
   958    761
   959    761
  1004    761
  1005    761
  1006    761
  1007    761
  1008    761
   768    762
   769    762
   770    762
   771    762
   772    762
   775    762
   776    762
   777    762
   778    762
   779    762
   799    762
   800    762
   801    762
   802    762
   803    762
   804    762
   805    762
   806    762
   954    762
   955    762
   956    762
   957    762
   958    762
   959    762
  1003    762
  1004    762
  1005    762
  1006    762
  1007    762
  1008    762
   768    763
   769    763
   770    763
   771    763
   772    763
   773    763
   774    763
   775    763
   776    763
   777    763
   778    763
   800    763
   801    763
   802    763
   803    763
   804    763
   805    763
   806    763
   954    763
   955    763
   956    763
   957    763
   958    763
   959    763
  1003    763
  1004    763
  1005    763
  1006    763
  1007    763
  1008    763
   770    764
   771    764
   772    764
   773    764
   774    764
   775    764
   776    764
   777    764
   800    764
   801    764
   802    764
   803    764
   804    764
   805    764
   955    764
   956    764
   957    764
   958    764
   959    764
  1003    764
  1004    764
  1005    764
  1006    764
  1007    764
  1008    764
  1009    764
   770    765
   771    765
   772    765
   773    765
   774    765
   775    765
   776    765
   777    765
   800    765
   801    765
   802    765
   803    765
   804    765
   805    765
   956    765
   957    765
   958    765
   959    765
  1003    765
  1004    765
  1005    765
  1006    765
  1007    765
  1008    765
  1009    765
  1010    765
   770    766
   771    766
   772    766
   773    766
   774    766
   775    766
   776    766
   777    766
   799    766
   800    766
   801    766
   802    766
   803    766
   804    766
   805    766
   958    766
   959    766
  1003    766
  1004    766
  1005    766
  1006    766
  1007    766
  1008    766
  1009    766
  1010    766
   771    767
   773    767
   774    767
   775    767
   981    767
  1004    767
  1005    767
  1006    767
  1007    767
  1008    767
   966    768
   967    768
   968    768
   970    768
   971    768
   972    768
   975    768
   976    768
   977    768
   978    768
   979    768
   980    768
   981    768
   982    768
   983    768
   984    768
   985    768
   987    768
   988    768
   989    768
   990    768
   966    769
   967    769
   968    769
   969    769
   970    769
   971    769
   972    769
   975    769
   976    769
   977    769
   978    769
   979    769
   980    769
   981    769
   982    769
   983    769
   984    769
   985    769
   986    769
   987    769
   988    769
   989    769
   990    769
   991    769
   992    769
   979    770
   980    770
   981    770
   982    770
   983    770
   984    770
   985    770
   986    770
   987    770
   988    770
   989    770
   990    770
   991    770
   980    771
   981    771
   982    771
   983    771
   984    771
   985    771
   986    771
   987    771
   988    771
   989    771
   990    771
   991    771
   992    771
   983    772
   988    772
   989    772
   990    772
   991    772
   992    772
   988    773
   989    773
   990    773
   991    773
   992    773
   995    775
   996    775
   997    775
