   906    730
   907    730
   908    730
   909    730
   912    730
   913    730
   914    730
   915    730
   916    730
   917    730
   918    730
   919    730
   920    730
   921    730
   922    730
   923    730
   924    730
   925    730
   926    730
   927    730
   928    730
   929    730
   930    730
   931    730
   932    730
   933    730
   936    730
   937    730
   938    730
   939    730
   940    730
   941    730
   942    730
   943    730
   944    730
   945    730
   946    730
   947    730
   948    730
   949    730
   950    730
   951    730
   952    730
   955    730
   956    730
   957    730
   958    730
   959    730
   975    730
   976    730
   977    730
   978    730
   979    730
   980    730
   981    730
   982    730
   983    730
   986    730
   987    730
   988    730
   906    731
   907    731
   908    731
   909    731
   912    731
   913    731
   914    731
   915    731
   916    731
   917    731
   918    731
   919    731
   920    731
   921    731
   922    731
   923    731
   924    731
   925    731
   926    731
   927    731
   928    731
   929    731
   930    731
   931    731
   932    731
   933    731
   934    731
   935    731
   936    731
   937    731
   938    731
   939    731
   940    731
   941    731
   942    731
   943    731
   944    731
   945    731
   946    731
   947    731
   948    731
   949    731
   950    731
   951    731
   952    731
   953    731
   954    731
   955    731
   956    731
   957    731
   958    731
   959    731
   979    731
   980    731
   981    731
   982    731
   983    731
   984    731
   985    731
   986    731
   987    731
   988    731
   989    731
   906    732
   907    732
   908    732
   909    732
   910    732
   912    732
   913    732
   914    732
   915    732
   916    732
   917    732
   918    732
   919    732
   920    732
   921    732
   922    732
   928    732
   929    732
   930    732
   931    732
   932    732
   933    732
   934    732
   935    732
   936    732
   937    732
   939    732
   940    732
   941    732
   942    732
   944    732
   945    732
   946    732
   947    732
   948    732
   949    732
   950    732
   951    732
   952    732
   953    732
   954    732
   955    732
   956    732
   957    732
   960    732
   961    732
   962    732
   963    732
   964    732
   965    732
   966    732
   967    732
   968    732
   969    732
   972    732
   973    732
   974    732
   978    732
   979    732
   980    732
   981    732
   982    732
   983    732
   984    732
   985    732
   986    732
   987    732
   988    732
   989    732
   991    732
   992    732
   993    732
   907    733
   908    733
   909    733
   912    733
   913    733
   914    733
   915    733
   916    733
   917    733
   918    733
   919    733
   920    733
   921    733
   922    733
   924    733
   925    733
   926    733
   927    733
   928    733
   929    733
   930    733
   931    733
   932    733
   933    733
   934    733
   935    733
   936    733
   937    733
   938    733
   939    733
   940    733
   941    733
   942    733
   944    733
   945    733
   946    733
   947    733
   949    733
   950    733
   951    733
   952    733
   953    733
   954    733
   956    733
   957    733
   958    733
   959    733
   960    733
   961    733
   962    733
   963    733
   964    733
   965    733
   966    733
   967    733
   968    733
   969    733
   970    733
   971    733
   972    733
   973    733
   974    733
   975    733
   976    733
   977    733
   978    733
   979    733
   981    733
   987    733
   988    733
   989    733
   991    733
   992    733
   993    733
   995    733
   907    734
   908    734
   909    734
   912    734
   913    734
   914    734
   915    734
   916    734
   917    734
   918    734
   919    734
   920    734
   921    734
   922    734
   924    734
   925    734
   926    734
   927    734
   928    734
   929    734
   930    734
   931    734
   932    734
   933    734
   934    734
   935    734
   936    734
   937    734
   945    734
   947    734
   948    734
   949    734
   950    734
   951    734
   952    734
   953    734
   954    734
   955    734
   956    734
   957    734
   958    734
   959    734
   976    734
   977    734
   978    734
   979    734
   980    734
   987    734
   988    734
   989    734
   990    734
   991    734
   992    734
   993    734
   908    735
   909    735
   910    735
   911    735
   913    735
   914    735
   915    735
   916    735
   917    735
   918    735
   919    735
   920    735
   921    735
   922    735
   928    735
   929    735
   930    735
   933    735
   934    735
   935    735
   936    735
   937    735
   938    735
   939    735
   940    735
   941    735
   943    735
   944    735
   945    735
   946    735
   947    735
   948    735
   949    735
   950    735
   951    735
   952    735
   953    735
   954    735
   955    735
   956    735
   957    735
   958    735
   959    735
   960    735
   968    735
   970    735
   972    735
   974    735
   975    735
   976    735
   977    735
   978    735
   979    735
   980    735
   981    735
   982    735
   987    735
   988    735
   989    735
   991    735
   992    735
   997    735
   909    736
   910    736
   911    736
   912    736
   913    736
   922    736
   923    736
   924    736
   925    736
   926    736
   927    736
   928    736
   929    736
   930    736
   931    736
   932    736
   933    736
   934    736
   935    736
   944    736
   945    736
   946    736
   947    736
   948    736
   949    736
   950    736
   951    736
   952    736
   953    736
   954    736
   955    736
   956    736
   960    736
   961    736
   962    736
   963    736
   964    736
   965    736
   966    736
   967    736
   968    736
   969    736
   971    736
   973    736
   974    736
   981    736
   982    736
   983    736
   984    736
   985    736
   986    736
   987    736
   988    736
   989    736
   990    736
   991    736
   992    736
   993    736
   994    736
   995    736
   996    736
   997    736
   998    736
   999    736
  1000    736
  1002    736
  1003    736
   911    737
   912    737
   913    737
   922    737
   923    737
   924    737
   925    737
   926    737
   927    737
   928    737
   929    737
   930    737
   931    737
   932    737
   933    737
   944    737
   945    737
   946    737
   947    737
   948    737
   949    737
   950    737
   951    737
   952    737
   953    737
   954    737
   955    737
   956    737
   957    737
   958    737
   959    737
   960    737
   964    737
   965    737
   968    737
   982    737
   983    737
   984    737
   985    737
   986    737
   987    737
   989    737
   990    737
   991    737
   992    737
   993    737
   994    737
   995    737
   996    737
   997    737
   998    737
   999    737
  1001    737
  1002    737
  1003    737
  1004    737
   911    738
   912    738
   913    738
   914    738
   916    738
   917    738
   918    738
   919    738
   920    738
   921    738
   922    738
   923    738
   924    738
   925    738
   926    738
   927    738
   928    738
   929    738
   930    738
   931    738
   932    738
   933    738
   934    738
   935    738
   938    738
   939    738
   940    738
   945    738
   957    738
   981    738
   982    738
   983    738
   984    738
   985    738
   986    738
   987    738
   989    738
   992    738
   993    738
   994    738
   995    738
   996    738
  1000    738
  1006    738
   910    739
   911    739
   912    739
   913    739
   914    739
   918    739
   919    739
   920    739
   921    739
   922    739
   923    739
   924    739
   925    739
   926    739
   927    739
   928    739
   929    739
   930    739
   931    739
   932    739
   933    739
   934    739
   935    739
   938    739
   939    739
   940    739
   941    739
   966    739
   967    739
   971    739
   972    739
   973    739
   974    739
   977    739
   978    739
   979    739
   980    739
   981    739
   982    739
   983    739
   984    739
   985    739
   986    739
   987    739
   989    739
   990    739
   991    739
   992    739
   993    739
   920    740
   921    740
   922    740
   923    740
   924    740
   925    740
   926    740
   927    740
   934    740
   935    740
   936    740
   937    740
   960    740
   961    740
   962    740
   963    740
   964    740
   965    740
   966    740
   967    740
   968    740
   972    740
   974    740
   975    740
   976    740
   977    740
   978    740
   979    740
   980    740
   987    740
   988    740
   989    740
   990    740
   991    740
   992    740
   920    741
   921    741
   922    741
   923    741
   924    741
   925    741
   926    741
   927    741
   934    741
   935    741
   936    741
   937    741
   957    741
   958    741
   959    741
   960    741
  1013    741
  1014    741
  1015    741
   921    742
   922    742
   923    742
   924    742
   925    742
   926    742
   927    742
   933    742
   934    742
   935    742
   936    742
   945    742
   946    742
   947    742
   949    742
   950    742
   951    742
   952    742
   953    742
   954    742
   955    742
   976    742
   977    742
   978    742
   979    742
   982    742
  1007    742
  1008    742
  1009    742
  1010    742
  1011    742
  1012    742
  1013    742
  1014    742
  1015    742
  1016    742
  1017    742
  1018    742
   920    743
   921    743
   922    743
   923    743
   924    743
   925    743
   926    743
   927    743
   928    743
   929    743
   930    743
   931    743
   932    743
   933    743
   934    743
   936    743
   937    743
   938    743
   939    743
   940    743
   943    743
   944    743
   945    743
   946    743
   960    743
   961    743
   979    743
   980    743
   981    743
   992    743
   993    743
   994    743
   995    743
   996    743
   997    743
   998    743
   999    743
  1000    743
  1001    743
  1002    743
  1003    743
  1004    743
  1005    743
  1006    743
  1007    743
  1008    743
  1009    743
  1010    743
  1011    743
  1012    743
  1013    743
  1014    743
  1015    743
  1016    743
  1017    743
  1018    743
  1019    743
  1020    743
  1021    743
   910    744
   911    744
   920    744
   921    744
   922    744
   923    744
   924    744
   925    744
   926    744
   927    744
   928    744
   929    744
   930    744
   931    744
   940    744
   941    744
   942    744
   967    744
   968    744
   969    744
   970    744
   971    744
   975    744
   976    744
   977    744
   978    744
   979    744
   980    744
   981    744
   982    744
   983    744
   984    744
   985    744
   986    744
   987    744
   988    744
   989    744
   990    744
   991    744
   992    744
   993    744
   994    744
   995    744
   996    744
   997    744
   998    744
   999    744
  1000    744
  1001    744
  1002    744
  1003    744
  1004    744
  1005    744
  1006    744
  1007    744
  1008    744
  1009    744
  1010    744
  1011    744
  1012    744
  1013    744
  1014    744
  1015    744
  1016    744
  1017    744
  1018    744
  1019    744
  1020    744
  1021    744
  1022    744
  1023    744
   909    745
   910    745
   911    745
   920    745
   921    745
   922    745
   923    745
   924    745
   925    745
   951    745
   952    745
   953    745
   954    745
   955    745
   959    745
   960    745
   961    745
   962    745
   963    745
   964    745
   965    745
   966    745
   967    745
   968    745
   969    745
   970    745
   971    745
   972    745
   973    745
   974    745
   975    745
   976    745
   977    745
   978    745
   979    745
   980    745
   981    745
   982    745
   983    745
   984    745
   985    745
   986    745
   987    745
   988    745
   989    745
   990    745
   991    745
   992    745
   993    745
   994    745
   995    745
   996    745
   997    745
   998    745
   999    745
  1000    745
  1001    745
  1002    745
  1003    745
  1004    745
  1005    745
  1006    745
  1007    745
  1008    745
  1009    745
  1010    745
  1011    745
  1012    745
  1013    745
  1014    745
  1015    745
   902    746
   903    746
   904    746
   905    746
   906    746
   907    746
   908    746
   909    746
   912    746
   913    746
   919    746
   920    746
   921    746
   922    746
   923    746
   924    746
   925    746
   932    746
   933    746
   934    746
   935    746
   936    746
   937    746
   941    746
   942    746
   943    746
   944    746
   945    746
   946    746
   947    746
   948    746
   949    746
   950    746
   951    746
   952    746
   953    746
   954    746
   955    746
   956    746
   957    746
   958    746
   959    746
   960    746
   961    746
   962    746
   963    746
   964    746
   965    746
   966    746
   967    746
   968    746
   969    746
   970    746
   971    746
   972    746
   973    746
   974    746
   977    746
   978    746
   979    746
   980    746
   981    746
   982    746
   983    746
   984    746
   985    746
   986    746
   987    746
   988    746
   989    746
   990    746
   991    746
   992    746
   993    746
   994    746
   995    746
   996    746
   997    746
   998    746
   999    746
  1000    746
  1001    746
  1002    746
  1003    746
  1004    746
  1006    746
  1007    746
  1008    746
  1009    746
   900    747
   901    747
   902    747
   912    747
   913    747
   918    747
   919    747
   920    747
   921    747
   922    747
   923    747
   924    747
   925    747
   930    747
   931    747
   932    747
   933    747
   934    747
   935    747
   936    747
   937    747
   938    747
   939    747
   940    747
   941    747
   942    747
   943    747
   944    747
   945    747
   946    747
   947    747
   948    747
   949    747
   950    747
   951    747
   952    747
   953    747
   954    747
   955    747
   956    747
   957    747
   958    747
   959    747
   960    747
   961    747
   962    747
   965    747
   966    747
   967    747
   968    747
   969    747
   970    747
   971    747
   972    747
   973    747
   974    747
   975    747
   976    747
   977    747
   978    747
   979    747
   980    747
   981    747
   982    747
   983    747
   984    747
   985    747
   986    747
   987    747
   988    747
   989    747
   990    747
   991    747
   992    747
   996    747
   997    747
   998    747
   999    747
  1000    747
  1001    747
  1002    747
  1003    747
  1009    747
  1010    747
  1011    747
  1012    747
  1020    747
  1021    747
  1022    747
  1023    747
  1024    747
  1026    747
   899    748
   900    748
   931    748
   932    748
   933    748
   934    748
   935    748
   936    748
   937    748
   938    748
   939    748
   940    748
   941    748
   942    748
   943    748
   948    748
   949    748
   950    748
   951    748
   952    748
   953    748
   954    748
   955    748
   956    748
   957    748
   958    748
   959    748
   960    748
   961    748
   962    748
   963    748
   964    748
   965    748
   966    748
   967    748
   968    748
   969    748
   970    748
   971    748
   972    748
   973    748
   974    748
   975    748
   976    748
  1007    748
  1008    748
  1009    748
  1010    748
  1011    748
  1012    748
  1013    748
  1014    748
  1015    748
  1016    748
  1017    748
  1018    748
  1019    748
  1020    748
  1022    748
  1023    748
  1024    748
  1025    748
  1026    748
  1027    748
  1028    748
  1029    748
  1030    748
  1031    748
  1032    748
  1033    748
   898    749
   899    749
   902    749
   903    749
   904    749
   905    749
   906    749
   907    749
   914    749
   915    749
   916    749
   917    749
   931    749
   932    749
   933    749
   934    749
   935    749
   936    749
   937    749
   951    749
   952    749
   953    749
   954    749
   955    749
   956    749
   957    749
   958    749
   959    749
   960    749
   961    749
   962    749
   963    749
   992    749
   993    749
   994    749
   995    749
   996    749
  1000    749
  1001    749
  1004    749
  1005    749
  1006    749
  1007    749
  1008    749
  1010    749
  1011    749
  1012    749
  1013    749
  1014    749
  1015    749
  1016    749
  1017    749
  1018    749
  1019    749
  1020    749
  1023    749
  1024    749
  1025    749
  1026    749
  1027    749
  1028    749
  1029    749
  1030    749
  1031    749
  1032    749
  1033    749
  1034    749
  1035    749
  1036    749
   898    750
   903    750
   904    750
   905    750
   906    750
   907    750
   908    750
   909    750
   910    750
   911    750
   912    750
   913    750
   919    750
   920    750
   921    750
   925    750
   926    750
   927    750
   928    750
   929    750
   932    750
   933    750
   934    750
   935    750
   936    750
   944    750
   945    750
   946    750
   947    750
   956    750
   968    750
   980    750
   981    750
   982    750
   983    750
   984    750
   985    750
   986    750
   992    750
   993    750
   994    750
   995    750
   996    750
   999    750
  1000    750
  1001    750
  1002    750
  1003    750
  1004    750
  1005    750
  1006    750
  1007    750
  1009    750
  1010    750
  1011    750
  1012    750
  1013    750
  1014    750
  1015    750
  1016    750
  1017    750
  1018    750
  1019    750
  1020    750
  1021    750
  1022    750
  1032    750
  1033    750
  1034    750
  1035    750
  1036    750
  1037    750
  1038    750
   898    751
   899    751
   900    751
   901    751
   902    751
   903    751
   904    751
   905    751
   906    751
   907    751
   908    751
   909    751
   910    751
   911    751
   915    751
   916    751
   917    751
   929    751
   930    751
   940    751
   941    751
   942    751
   943    751
   947    751
   948    751
   949    751
   960    751
   961    751
   962    751
   963    751
   964    751
   965    751
   966    751
   967    751
   968    751
   969    751
   970    751
   971    751
   972    751
   973    751
   974    751
   975    751
   976    751
   977    751
   978    751
   979    751
   980    751
   981    751
   982    751
   983    751
   984    751
  1007    751
  1009    751
  1010    751
  1011    751
  1012    751
  1013    751
  1014    751
  1015    751
  1016    751
  1017    751
  1018    751
  1019    751
  1020    751
  1021    751
  1022    751
  1032    751
  1033    751
  1034    751
  1035    751
  1036    751
  1037    751
  1038    751
   896    752
   898    752
   900    752
   901    752
   902    752
   903    752
   904    752
   905    752
   906    752
   907    752
   908    752
   909    752
   910    752
   911    752
   912    752
   913    752
   914    752
   915    752
   916    752
   917    752
   918    752
   919    752
   920    752
   921    752
   922    752
   923    752
   924    752
   925    752
   926    752
   927    752
   928    752
   929    752
   930    752
   931    752
   932    752
   933    752
   934    752
   935    752
   936    752
   937    752
   938    752
   939    752
   940    752
   941    752
   942    752
   943    752
   947    752
   948    752
   949    752
   950    752
   951    752
   952    752
   953    752
   954    752
   955    752
   956    752
   957    752
   958    752
   959    752
   960    752
  1003    752
  1004    752
  1005    752
  1006    752
  1007    752
  1011    752
  1013    752
  1014    752
  1015    752
  1016    752
   900    753
   915    753
   916    753
   917    753
   922    753
   923    753
   924    753
   925    753
   926    753
   927    753
   928    753
   929    753
   930    753
   931    753
   932    753
   933    753
   934    753
   935    753
   936    753
   937    753
   938    753
   939    753
   940    753
   941    753
   942    753
   943    753
   944    753
   945    753
   946    753
   947    753
   948    753
   949    753
   950    753
   951    753
   952    753
   953    753
   954    753
   955    753
   956    753
   957    753
   958    753
   959    753
  1000    753
  1001    753
  1002    753
  1003    753
  1004    753
  1005    753
  1006    753
  1007    753
   896    754
   897    754
   898    754
   899    754
   900    754
   913    754
   914    754
   915    754
   916    754
   917    754
   918    754
   923    754
   924    754
   925    754
   926    754
   927    754
   928    754
   929    754
   930    754
   931    754
   932    754
   933    754
   934    754
   935    754
   936    754
   937    754
   938    754
   939    754
   940    754
   941    754
   942    754
   943    754
   944    754
  1000    754
  1001    754
  1002    754
  1003    754
  1004    754
  1005    754
  1006    754
  1007    754
  1008    754
   901    755
   902    755
   903    755
   912    755
   913    755
   914    755
   915    755
   916    755
   917    755
   918    755
   923    755
   924    755
   925    755
   926    755
   927    755
   928    755
   929    755
   931    755
   932    755
   933    755
   934    755
   935    755
   936    755
   937    755
   938    755
   939    755
   940    755
   941    755
   942    755
   943    755
  1000    755
  1001    755
  1002    755
  1003    755
  1004    755
  1005    755
  1006    755
  1007    755
   901    756
   902    756
   903    756
   904    756
   905    756
   906    756
   908    756
   909    756
   910    756
   911    756
   912    756
   913    756
   914    756
   915    756
   916    756
   924    756
   925    756
   926    756
   927    756
   936    756
   937    756
   999    756
  1000    756
  1001    756
  1002    756
  1003    756
  1004    756
  1005    756
  1006    756
  1007    756
  1008    756
   902    757
   903    757
   904    757
   905    757
   906    757
   907    757
   908    757
   909    757
   910    757
   911    757
   912    757
   913    757
   914    757
   915    757
   924    757
   925    757
   926    757
   927    757
   928    757
   936    757
   937    757
  1000    757
  1001    757
  1002    757
  1003    757
  1004    757
  1005    757
  1006    757
  1007    757
   911    758
   912    758
   913    758
   914    758
   926    758
   927    758
   934    758
   935    758
   936    758
   937    758
   938    758
  1002    758
  1003    758
  1004    758
  1005    758
  1006    758
  1007    758
   912    759
   913    759
   914    759
   926    759
   927    759
   928    759
   934    759
   935    759
   936    759
   937    759
  1002    759
  1003    759
  1004    759
  1005    759
  1006    759
  1007    759
   927    760
   934    760
   935    760
   936    760
   937    760
   933    761
   934    761
   935    761
   936    761
   937    761
   934    762
   935    762
   936    762
   937    762
   934    763
   935    763
   936    763
   937    763
   934    764
   935    764
   936    764
   937    764
   933    765
   934    765
   935    765
   936    765
   937    765
   938    765
   924    766
   925    766
   934    766
   935    766
   936    766
   937    766
   942    766
   943    766
   944    766
   925    767
   934    767
   935    767
   936    767
   937    767
   943    767
   927    768
   928    768
   929    768
   927    769
   928    769
   929    769
   928    770
   929    770
   928    771
   929    771
   944    773
   945    773
   934    774
   935    774
   943    774
   944    774
   945    774
   934    775
   935    775
   936    775
   944    775
   945    775
   946    775
   933    776
   934    776
   935    776
   936    776
   937    776
   938    776
   939    776
   940    776
   933    777
   934    777
   935    777
   936    777
   937    777
   938    777
   939    777
   940    777
   934    778
   935    778
   936    778
   937    778
   938    778
   939    778
   934    779
   935    779
   936    779
   937    779
   938    779
   939    779
   933    780
   934    780
   935    780
   936    780
   937    780
   933    781
   934    781
   935    781
   936    781
   937    781
   933    782
   934    782
   935    782
   936    782
   937    782
   934    783
   935    783
   936    783
   937    783
   938    783
   937    784
