  1638    671
  1639    671
  1641    671
  1642    671
  1643    671
  1644    671
  1645    671
  1646    671
  1647    671
  1648    671
  1649    671
  1650    671
  1651    671
  1652    671
  1653    671
  1654    671
  1655    671
  1659    671
  1660    671
  1661    671
  1662    671
  1663    671
  1664    671
  1665    671
  1666    671
  1667    671
  1668    671
  1669    671
  1670    671
  1676    671
  1677    671
  1701    671
  1702    671
  1703    671
  1704    671
  1705    671
  1706    671
  1707    671
  1708    671
  1709    671
  1710    671
  1711    671
  1712    671
  1713    671
  1714    671
  1715    671
  1716    671
  1717    671
  1718    671
  1719    671
  1720    671
  1721    671
  1722    671
  1723    671
  1724    671
  1725    671
  1726    671
  1727    671
  1728    671
  1729    671
  1730    671
  1731    671
  1732    671
  1733    671
  1734    671
  1735    671
  1736    671
  1737    671
  1738    671
  1739    671
  1740    671
  1741    671
  1742    671
  1743    671
  1744    671
  1745    671
  1746    671
  1747    671
  1748    671
  1749    671
  1750    671
  1751    671
  1752    671
  1753    671
  1754    671
  1755    671
  1756    671
  1757    671
  1758    671
  1759    671
  1760    671
  1761    671
  1762    671
  1763    671
  1764    671
  1765    671
  1766    671
  1767    671
  1768    671
  1769    671
  1770    671
  1771    671
  1772    671
  1773    671
  1774    671
  1775    671
  1776    671
  1777    671
  1778    671
  1779    671
  1780    671
  1781    671
  1782    671
  1783    671
  1784    671
  1785    671
  1786    671
  1787    671
  1788    671
  1789    671
  1790    671
  1791    671
  1792    671
  1793    671
  1794    671
  1795    671
  1796    671
  1797    671
  1798    671
  1799    671
  1800    671
  1801    671
  1802    671
  1803    671
  1804    671
  1805    671
  1806    671
  1807    671
  1808    671
  1809    671
  1810    671
  1811    671
  1812    671
  1813    671
  1814    671
  1815    671
  1816    671
  1817    671
  1818    671
  1819    671
  1820    671
  1821    671
  1822    671
  1823    671
  1824    671
  1825    671
  1826    671
  1827    671
  1828    671
  1829    671
  1830    671
  1831    671
  1832    671
  1833    671
  1834    671
  1835    671
  1609    672
  1610    672
  1611    672
  1612    672
  1613    672
  1614    672
  1615    672
  1616    672
  1617    672
  1618    672
  1619    672
  1620    672
  1621    672
  1622    672
  1623    672
  1624    672
  1625    672
  1626    672
  1627    672
  1628    672
  1629    672
  1630    672
  1631    672
  1632    672
  1633    672
  1634    672
  1635    672
  1636    672
  1637    672
  1638    672
  1639    672
  1640    672
  1641    672
  1642    672
  1643    672
  1644    672
  1645    672
  1646    672
  1647    672
  1648    672
  1649    672
  1650    672
  1689    672
  1690    672
  1691    672
  1692    672
  1693    672
  1694    672
  1695    672
  1696    672
  1697    672
  1698    672
  1699    672
  1700    672
  1701    672
  1702    672
  1703    672
  1704    672
  1705    672
  1706    672
  1707    672
  1708    672
  1709    672
  1710    672
  1711    672
  1712    672
  1713    672
  1714    672
  1715    672
  1716    672
  1717    672
  1718    672
  1719    672
  1720    672
  1721    672
  1722    672
  1723    672
  1724    672
  1725    672
  1726    672
  1727    672
  1728    672
  1729    672
  1730    672
  1731    672
  1732    672
  1733    672
  1734    672
  1735    672
  1736    672
  1737    672
  1738    672
  1739    672
  1740    672
  1741    672
  1742    672
  1743    672
  1744    672
  1745    672
  1746    672
  1747    672
  1748    672
  1749    672
  1750    672
  1751    672
  1752    672
  1753    672
  1754    672
  1755    672
  1756    672
  1757    672
  1758    672
  1759    672
  1760    672
  1761    672
  1762    672
  1763    672
  1764    672
  1765    672
  1766    672
  1767    672
  1768    672
  1769    672
  1770    672
  1771    672
  1772    672
  1773    672
  1774    672
  1775    672
  1776    672
  1777    672
  1778    672
  1779    672
  1780    672
  1781    672
  1782    672
  1783    672
  1784    672
  1785    672
  1786    672
  1787    672
  1788    672
  1789    672
  1790    672
  1791    672
  1792    672
  1793    672
  1794    672
  1795    672
  1796    672
  1797    672
  1798    672
  1799    672
  1800    672
  1801    672
  1802    672
  1803    672
  1804    672
  1805    672
  1806    672
  1807    672
  1808    672
  1809    672
  1810    672
  1811    672
  1812    672
  1813    672
  1814    672
  1815    672
  1816    672
  1817    672
  1818    672
  1819    672
  1820    672
  1823    672
  1824    672
  1825    672
  1583    673
  1584    673
  1585    673
  1586    673
  1587    673
  1588    673
  1589    673
  1590    673
  1591    673
  1592    673
  1593    673
  1594    673
  1595    673
  1596    673
  1597    673
  1598    673
  1599    673
  1600    673
  1601    673
  1602    673
  1603    673
  1604    673
  1605    673
  1606    673
  1607    673
  1608    673
  1609    673
  1610    673
  1611    673
  1612    673
  1613    673
  1614    673
  1615    673
  1616    673
  1617    673
  1618    673
  1619    673
  1620    673
  1621    673
  1622    673
  1623    673
  1624    673
  1678    673
  1679    673
  1680    673
  1681    673
  1682    673
  1683    673
  1684    673
  1685    673
  1686    673
  1687    673
  1688    673
  1689    673
  1690    673
  1691    673
  1692    673
  1693    673
  1694    673
  1695    673
  1696    673
  1697    673
  1698    673
  1699    673
  1700    673
  1701    673
  1702    673
  1703    673
  1704    673
  1705    673
  1706    673
  1707    673
  1708    673
  1709    673
  1710    673
  1711    673
  1712    673
  1713    673
  1714    673
  1715    673
  1716    673
  1717    673
  1718    673
  1719    673
  1720    673
  1721    673
  1722    673
  1723    673
  1724    673
  1725    673
  1726    673
  1727    673
  1728    673
  1729    673
  1730    673
  1731    673
  1732    673
  1733    673
  1734    673
  1735    673
  1736    673
  1737    673
  1738    673
  1739    673
  1740    673
  1741    673
  1742    673
  1743    673
  1744    673
  1745    673
  1746    673
  1747    673
  1748    673
  1749    673
  1750    673
  1751    673
  1752    673
  1753    673
  1754    673
  1755    673
  1756    673
  1757    673
  1758    673
  1759    673
  1760    673
  1761    673
  1762    673
  1763    673
  1764    673
  1765    673
  1766    673
  1767    673
  1768    673
  1769    673
  1770    673
  1771    673
  1772    673
  1773    673
  1774    673
  1775    673
  1776    673
  1777    673
  1778    673
  1779    673
  1780    673
  1781    673
  1782    673
  1783    673
  1784    673
  1785    673
  1786    673
  1787    673
  1788    673
  1789    673
  1790    673
  1791    673
  1792    673
  1793    673
  1794    673
  1795    673
  1796    673
  1797    673
  1798    673
  1799    673
  1800    673
  1801    673
  1802    673
  1803    673
  1804    673
  1805    673
  1806    673
  1807    673
  1808    673
  1809    673
  1810    673
  1811    673
  1812    673
  1813    673
  1814    673
  1815    673
  1816    673
  1817    673
  1818    673
  1819    673
  1820    673
  1552    674
  1553    674
  1554    674
  1555    674
  1556    674
  1557    674
  1558    674
  1559    674
  1570    674
  1571    674
  1572    674
  1573    674
  1574    674
  1575    674
  1576    674
  1577    674
  1578    674
  1579    674
  1580    674
  1581    674
  1582    674
  1583    674
  1584    674
  1585    674
  1586    674
  1587    674
  1588    674
  1589    674
  1590    674
  1591    674
  1592    674
  1593    674
  1594    674
  1595    674
  1596    674
  1597    674
  1598    674
  1599    674
  1600    674
  1601    674
  1602    674
  1603    674
  1609    674
  1610    674
  1612    674
  1613    674
  1614    674
  1615    674
  1616    674
  1632    674
  1633    674
  1634    674
  1635    674
  1636    674
  1637    674
  1640    674
  1641    674
  1642    674
  1643    674
  1644    674
  1645    674
  1646    674
  1647    674
  1648    674
  1649    674
  1650    674
  1651    674
  1652    674
  1653    674
  1672    674
  1673    674
  1674    674
  1675    674
  1676    674
  1677    674
  1678    674
  1679    674
  1680    674
  1681    674
  1682    674
  1683    674
  1684    674
  1685    674
  1686    674
  1687    674
  1688    674
  1689    674
  1690    674
  1691    674
  1692    674
  1693    674
  1694    674
  1695    674
  1696    674
  1697    674
  1698    674
  1699    674
  1700    674
  1701    674
  1702    674
  1703    674
  1704    674
  1705    674
  1706    674
  1707    674
  1708    674
  1709    674
  1710    674
  1711    674
  1712    674
  1713    674
  1714    674
  1715    674
  1716    674
  1717    674
  1718    674
  1719    674
  1720    674
  1721    674
  1722    674
  1723    674
  1724    674
  1725    674
  1726    674
  1727    674
  1728    674
  1729    674
  1730    674
  1731    674
  1732    674
  1733    674
  1734    674
  1735    674
  1736    674
  1737    674
  1738    674
  1739    674
  1740    674
  1741    674
  1742    674
  1743    674
  1744    674
  1745    674
  1746    674
  1747    674
  1748    674
  1749    674
  1750    674
  1751    674
  1752    674
  1753    674
  1754    674
  1764    674
  1769    674
  1770    674
  1771    674
  1772    674
  1773    674
  1774    674
  1775    674
  1777    674
  1778    674
  1779    674
  1780    674
  1781    674
  1782    674
  1783    674
  1784    674
  1785    674
  1786    674
  1787    674
  1788    674
  1789    674
  1790    674
  1791    674
  1792    674
  1795    674
  1796    674
  1797    674
  1798    674
  1799    674
  1800    674
  1801    674
  1802    674
  1803    674
  1804    674
  1805    674
  1806    674
  1807    674
  1808    674
  1809    674
  1811    674
  1812    674
  1813    674
  1814    674
  1815    674
  1514    675
  1515    675
  1516    675
  1517    675
  1518    675
  1519    675
  1520    675
  1521    675
  1522    675
  1523    675
  1524    675
  1525    675
  1526    675
  1527    675
  1528    675
  1529    675
  1530    675
  1531    675
  1532    675
  1533    675
  1534    675
  1535    675
  1536    675
  1537    675
  1538    675
  1539    675
  1540    675
  1541    675
  1542    675
  1543    675
  1544    675
  1545    675
  1546    675
  1547    675
  1548    675
  1549    675
  1550    675
  1551    675
  1552    675
  1553    675
  1555    675
  1556    675
  1557    675
  1558    675
  1559    675
  1560    675
  1570    675
  1571    675
  1572    675
  1573    675
  1574    675
  1575    675
  1576    675
  1577    675
  1578    675
  1585    675
  1586    675
  1591    675
  1592    675
  1593    675
  1594    675
  1595    675
  1596    675
  1597    675
  1598    675
  1599    675
  1600    675
  1604    675
  1605    675
  1606    675
  1607    675
  1608    675
  1609    675
  1610    675
  1611    675
  1612    675
  1613    675
  1614    675
  1615    675
  1616    675
  1617    675
  1618    675
  1619    675
  1620    675
  1621    675
  1622    675
  1623    675
  1624    675
  1625    675
  1626    675
  1627    675
  1628    675
  1629    675
  1630    675
  1631    675
  1632    675
  1633    675
  1634    675
  1635    675
  1636    675
  1637    675
  1638    675
  1639    675
  1640    675
  1641    675
  1642    675
  1643    675
  1644    675
  1645    675
  1646    675
  1647    675
  1648    675
  1649    675
  1650    675
  1651    675
  1652    675
  1653    675
  1654    675
  1655    675
  1656    675
  1657    675
  1658    675
  1659    675
  1660    675
  1661    675
  1662    675
  1663    675
  1664    675
  1665    675
  1666    675
  1667    675
  1668    675
  1669    675
  1670    675
  1671    675
  1672    675
  1673    675
  1674    675
  1675    675
  1676    675
  1677    675
  1678    675
  1679    675
  1680    675
  1681    675
  1682    675
  1683    675
  1684    675
  1685    675
  1686    675
  1687    675
  1688    675
  1689    675
  1690    675
  1691    675
  1692    675
  1693    675
  1694    675
  1695    675
  1696    675
  1697    675
  1698    675
  1699    675
  1700    675
  1701    675
  1702    675
  1703    675
  1704    675
  1705    675
  1706    675
  1707    675
  1708    675
  1709    675
  1710    675
  1711    675
  1712    675
  1713    675
  1714    675
  1715    675
  1716    675
  1717    675
  1718    675
  1719    675
  1720    675
  1721    675
  1722    675
  1723    675
  1724    675
  1725    675
  1726    675
  1727    675
  1728    675
  1729    675
  1730    675
  1731    675
  1732    675
  1733    675
  1734    675
  1735    675
  1736    675
  1737    675
  1738    675
  1739    675
  1740    675
  1741    675
  1742    675
  1743    675
  1744    675
  1745    675
  1746    675
  1747    675
  1748    675
  1749    675
  1750    675
  1751    675
  1752    675
  1753    675
  1754    675
  1755    675
  1764    675
  1765    675
  1766    675
  1767    675
  1768    675
  1776    675
  1777    675
  1778    675
  1779    675
  1780    675
  1781    675
  1782    675
  1783    675
  1784    675
  1785    675
  1786    675
  1794    675
  1795    675
  1796    675
  1797    675
  1798    675
  1799    675
  1800    675
  1801    675
  1802    675
  1803    675
  1804    675
  1805    675
  1806    675
  1807    675
  1808    675
  1330    676
  1331    676
  1334    676
  1335    676
  1336    676
  1337    676
  1338    676
  1339    676
  1340    676
  1341    676
  1342    676
  1343    676
  1344    676
  1345    676
  1346    676
  1347    676
  1348    676
  1349    676
  1350    676
  1351    676
  1352    676
  1353    676
  1354    676
  1355    676
  1356    676
  1357    676
  1358    676
  1359    676
  1360    676
  1361    676
  1362    676
  1363    676
  1364    676
  1365    676
  1366    676
  1367    676
  1368    676
  1369    676
  1370    676
  1371    676
  1372    676
  1373    676
  1374    676
  1375    676
  1380    676
  1381    676
  1382    676
  1383    676
  1384    676
  1385    676
  1386    676
  1387    676
  1388    676
  1389    676
  1390    676
  1391    676
  1392    676
  1393    676
  1394    676
  1395    676
  1396    676
  1397    676
  1398    676
  1399    676
  1400    676
  1401    676
  1402    676
  1403    676
  1404    676
  1405    676
  1406    676
  1407    676
  1408    676
  1409    676
  1410    676
  1411    676
  1412    676
  1413    676
  1414    676
  1415    676
  1416    676
  1417    676
  1418    676
  1419    676
  1420    676
  1421    676
  1422    676
  1423    676
  1424    676
  1425    676
  1426    676
  1427    676
  1428    676
  1429    676
  1430    676
  1431    676
  1432    676
  1433    676
  1434    676
  1435    676
  1436    676
  1437    676
  1438    676
  1439    676
  1440    676
  1441    676
  1442    676
  1443    676
  1444    676
  1445    676
  1446    676
  1447    676
  1448    676
  1449    676
  1450    676
  1451    676
  1452    676
  1454    676
  1455    676
  1456    676
  1457    676
  1458    676
  1459    676
  1460    676
  1461    676
  1462    676
  1463    676
  1464    676
  1465    676
  1466    676
  1467    676
  1468    676
  1469    676
  1470    676
  1471    676
  1472    676
  1473    676
  1474    676
  1475    676
  1476    676
  1477    676
  1478    676
  1479    676
  1480    676
  1481    676
  1482    676
  1483    676
  1484    676
  1485    676
  1486    676
  1487    676
  1488    676
  1489    676
  1490    676
  1491    676
  1492    676
  1493    676
  1494    676
  1495    676
  1496    676
  1497    676
  1498    676
  1499    676
  1500    676
  1501    676
  1502    676
  1503    676
  1504    676
  1508    676
  1511    676
  1512    676
  1513    676
  1514    676
  1515    676
  1516    676
  1517    676
  1518    676
  1519    676
  1520    676
  1521    676
  1522    676
  1523    676
  1524    676
  1525    676
  1526    676
  1527    676
  1528    676
  1529    676
  1530    676
  1531    676
  1532    676
  1533    676
  1534    676
  1535    676
  1536    676
  1537    676
  1538    676
  1539    676
  1580    676
  1581    676
  1582    676
  1583    676
  1584    676
  1585    676
  1587    676
  1588    676
  1589    676
  1590    676
  1591    676
  1592    676
  1593    676
  1594    676
  1595    676
  1596    676
  1597    676
  1598    676
  1599    676
  1600    676
  1601    676
  1602    676
  1603    676
  1604    676
  1605    676
  1606    676
  1607    676
  1608    676
  1609    676
  1610    676
  1611    676
  1612    676
  1613    676
  1614    676
  1615    676
  1616    676
  1617    676
  1618    676
  1619    676
  1620    676
  1621    676
  1622    676
  1623    676
  1624    676
  1625    676
  1626    676
  1627    676
  1628    676
  1629    676
  1630    676
  1631    676
  1632    676
  1633    676
  1634    676
  1635    676
  1636    676
  1637    676
  1638    676
  1639    676
  1640    676
  1641    676
  1642    676
  1643    676
  1644    676
  1645    676
  1646    676
  1647    676
  1648    676
  1649    676
  1650    676
  1651    676
  1652    676
  1653    676
  1654    676
  1655    676
  1656    676
  1657    676
  1658    676
  1659    676
  1660    676
  1661    676
  1662    676
  1663    676
  1664    676
  1665    676
  1666    676
  1667    676
  1668    676
  1669    676
  1670    676
  1671    676
  1672    676
  1673    676
  1674    676
  1675    676
  1676    676
  1677    676
  1678    676
  1679    676
  1680    676
  1681    676
  1682    676
  1683    676
  1684    676
  1685    676
  1686    676
  1687    676
  1688    676
  1689    676
  1690    676
  1691    676
  1692    676
  1693    676
  1694    676
  1695    676
  1696    676
  1697    676
  1698    676
  1699    676
  1700    676
  1701    676
  1702    676
  1703    676
  1704    676
  1705    676
  1706    676
  1707    676
  1708    676
  1709    676
  1710    676
  1711    676
  1712    676
  1713    676
  1714    676
  1715    676
  1716    676
  1717    676
  1718    676
  1719    676
  1720    676
  1721    676
  1722    676
  1723    676
  1724    676
  1725    676
  1726    676
  1727    676
  1728    676
  1729    676
  1730    676
  1731    676
  1732    676
  1733    676
  1734    676
  1735    676
  1736    676
  1737    676
  1738    676
  1739    676
  1740    676
  1741    676
  1742    676
  1743    676
  1744    676
  1745    676
  1746    676
  1747    676
  1748    676
  1749    676
  1750    676
  1751    676
  1752    676
  1753    676
  1754    676
  1755    676
  1756    676
  1759    676
  1760    676
  1761    676
  1762    676
  1763    676
  1764    676
  1765    676
  1766    676
  1767    676
  1768    676
  1770    676
  1771    676
  1772    676
  1773    676
  1774    676
  1775    676
  1776    676
  1777    676
  1778    676
  1779    676
  1780    676
  1781    676
  1782    676
  1783    676
  1784    676
  1785    676
  1786    676
  1787    676
  1788    676
  1789    676
  1790    676
  1791    676
  1792    676
  1793    676
  1794    676
  1795    676
  1796    676
  1797    676
  1798    676
  1801    676
  1803    676
  1804    676
  1805    676
  1331    677
  1336    677
  1343    677
  1344    677
  1345    677
  1346    677
  1347    677
  1348    677
  1349    677
  1350    677
  1351    677
  1352    677
  1353    677
  1354    677
  1355    677
  1356    677
  1357    677
  1358    677
  1384    677
  1385    677
  1386    677
  1387    677
  1388    677
  1389    677
  1390    677
  1391    677
  1392    677
  1397    677
  1398    677
  1408    677
  1409    677
  1410    677
  1411    677
  1412    677
  1413    677
  1414    677
  1415    677
  1416    677
  1417    677
  1418    677
  1419    677
  1420    677
  1421    677
  1422    677
  1423    677
  1424    677
  1425    677
  1426    677
  1427    677
  1428    677
  1429    677
  1430    677
  1431    677
  1432    677
  1433    677
  1434    677
  1435    677
  1436    677
  1437    677
  1438    677
  1439    677
  1440    677
  1441    677
  1442    677
  1443    677
  1444    677
  1445    677
  1446    677
  1447    677
  1448    677
  1449    677
  1450    677
  1451    677
  1456    677
  1457    677
  1458    677
  1459    677
  1460    677
  1461    677
  1462    677
  1463    677
  1464    677
  1465    677
  1466    677
  1468    677
  1471    677
  1472    677
  1473    677
  1474    677
  1475    677
  1476    677
  1477    677
  1478    677
  1479    677
  1480    677
  1481    677
  1482    677
  1483    677
  1484    677
  1485    677
  1486    677
  1487    677
  1488    677
  1489    677
  1490    677
  1491    677
  1492    677
  1493    677
  1494    677
  1495    677
  1496    677
  1497    677
  1507    677
  1508    677
  1509    677
  1510    677
  1511    677
  1512    677
  1513    677
  1514    677
  1515    677
  1516    677
  1517    677
  1518    677
  1519    677
  1520    677
  1521    677
  1522    677
  1523    677
  1524    677
  1525    677
  1526    677
  1527    677
  1528    677
  1529    677
  1530    677
  1531    677
  1532    677
  1533    677
  1534    677
  1535    677
  1536    677
  1537    677
  1538    677
  1539    677
  1540    677
  1541    677
  1542    677
  1543    677
  1544    677
  1545    677
  1546    677
  1547    677
  1548    677
  1549    677
  1550    677
  1551    677
  1552    677
  1553    677
  1576    677
  1577    677
  1578    677
  1579    677
  1580    677
  1587    677
  1588    677
  1589    677
  1592    677
  1593    677
  1594    677
  1595    677
  1596    677
  1597    677
  1598    677
  1599    677
  1600    677
  1601    677
  1602    677
  1603    677
  1604    677
  1605    677
  1606    677
  1607    677
  1608    677
  1609    677
  1610    677
  1611    677
  1612    677
  1613    677
  1614    677
  1615    677
  1616    677
  1617    677
  1618    677
  1619    677
  1620    677
  1621    677
  1622    677
  1623    677
  1624    677
  1625    677
  1626    677
  1627    677
  1628    677
  1629    677
  1630    677
  1631    677
  1632    677
  1633    677
  1634    677
  1635    677
  1636    677
  1637    677
  1638    677
  1643    677
  1644    677
  1645    677
  1646    677
  1647    677
  1648    677
  1649    677
  1650    677
  1651    677
  1652    677
  1653    677
  1654    677
  1655    677
  1656    677
  1657    677
  1658    677
  1659    677
  1660    677
  1661    677
  1662    677
  1663    677
  1664    677
  1665    677
  1666    677
  1667    677
  1668    677
  1669    677
  1670    677
  1671    677
  1672    677
  1673    677
  1674    677
  1675    677
  1676    677
  1677    677
  1678    677
  1679    677
  1680    677
  1681    677
  1682    677
  1683    677
  1684    677
  1685    677
  1686    677
  1687    677
  1688    677
  1689    677
  1690    677
  1691    677
  1692    677
  1693    677
  1694    677
  1695    677
  1696    677
  1697    677
  1698    677
  1699    677
  1700    677
  1701    677
  1702    677
  1703    677
  1704    677
  1705    677
  1706    677
  1707    677
  1708    677
  1709    677
  1710    677
  1711    677
  1712    677
  1713    677
  1714    677
  1715    677
  1716    677
  1717    677
  1718    677
  1719    677
  1720    677
  1721    677
  1722    677
  1723    677
  1724    677
  1725    677
  1726    677
  1727    677
  1728    677
  1729    677
  1730    677
  1731    677
  1732    677
  1733    677
  1734    677
  1735    677
  1736    677
  1737    677
  1738    677
  1739    677
  1740    677
  1741    677
  1742    677
  1743    677
  1744    677
  1746    677
  1747    677
  1748    677
  1749    677
  1750    677
  1751    677
  1752    677
  1753    677
  1757    677
  1758    677
  1759    677
  1760    677
  1761    677
  1762    677
  1763    677
  1764    677
  1765    677
  1766    677
  1767    677
  1768    677
  1769    677
  1770    677
  1771    677
  1772    677
  1773    677
  1774    677
  1775    677
  1777    677
  1778    677
  1779    677
  1780    677
  1781    677
  1782    677
  1783    677
  1784    677
  1785    677
  1786    677
  1787    677
  1788    677
  1791    677
  1792    677
  1793    677
  1344    678
  1345    678
  1346    678
  1347    678
  1348    678
  1349    678
  1350    678
  1374    678
  1375    678
  1376    678
  1377    678
  1378    678
  1386    678
  1387    678
  1388    678
  1389    678
  1409    678
  1410    678
  1411    678
  1416    678
  1417    678
  1419    678
  1420    678
  1421    678
  1422    678
  1425    678
  1426    678
  1427    678
  1428    678
  1429    678
  1430    678
  1431    678
  1432    678
  1433    678
  1434    678
  1435    678
  1436    678
  1437    678
  1438    678
  1440    678
  1443    678
  1446    678
  1447    678
  1448    678
  1460    678
  1461    678
  1462    678
  1465    678
  1471    678
  1472    678
  1475    678
  1476    678
  1477    678
  1478    678
  1479    678
  1480    678
  1481    678
  1482    678
  1483    678
  1486    678
  1488    678
  1489    678
  1490    678
  1491    678
  1492    678
  1493    678
  1494    678
  1495    678
  1496    678
  1497    678
  1498    678
  1520    678
  1521    678
  1534    678
  1535    678
  1536    678
  1537    678
  1538    678
  1539    678
  1540    678
  1541    678
  1542    678
  1543    678
  1544    678
  1545    678
  1546    678
  1547    678
  1548    678
  1549    678
  1550    678
  1551    678
  1552    678
  1553    678
  1583    678
  1584    678
  1585    678
  1586    678
  1587    678
  1588    678
  1589    678
  1590    678
  1592    678
  1594    678
  1595    678
  1596    678
  1597    678
  1598    678
  1599    678
  1600    678
  1601    678
  1602    678
  1603    678
  1604    678
  1605    678
  1606    678
  1607    678
  1608    678
  1609    678
  1610    678
  1611    678
  1612    678
  1613    678
  1614    678
  1615    678
  1619    678
  1620    678
  1621    678
  1622    678
  1623    678
  1624    678
  1625    678
  1626    678
  1627    678
  1628    678
  1629    678
  1630    678
  1631    678
  1632    678
  1633    678
  1634    678
  1635    678
  1636    678
  1637    678
  1638    678
  1639    678
  1640    678
  1641    678
  1642    678
  1643    678
  1644    678
  1645    678
  1646    678
  1647    678
  1648    678
  1649    678
  1650    678
  1651    678
  1652    678
  1653    678
  1654    678
  1655    678
  1656    678
  1657    678
  1658    678
  1659    678
  1660    678
  1661    678
  1662    678
  1663    678
  1664    678
  1665    678
  1666    678
  1667    678
  1668    678
  1669    678
  1670    678
  1671    678
  1672    678
  1673    678
  1674    678
  1675    678
  1676    678
  1677    678
  1678    678
  1679    678
  1680    678
  1681    678
  1682    678
  1683    678
  1684    678
  1685    678
  1686    678
  1687    678
  1688    678
  1689    678
  1690    678
  1691    678
  1692    678
  1693    678
  1694    678
  1695    678
  1696    678
  1697    678
  1698    678
  1699    678
  1700    678
  1701    678
  1702    678
  1703    678
  1704    678
  1705    678
  1706    678
  1707    678
  1708    678
  1709    678
  1710    678
  1711    678
  1712    678
  1713    678
  1714    678
  1715    678
  1716    678
  1717    678
  1718    678
  1719    678
  1720    678
  1721    678
  1722    678
  1723    678
  1724    678
  1725    678
  1726    678
  1727    678
  1728    678
  1729    678
  1730    678
  1742    678
  1743    678
  1744    678
  1745    678
  1746    678
  1752    678
  1753    678
  1754    678
  1755    678
  1756    678
  1757    678
  1758    678
  1759    678
  1760    678
  1763    678
  1764    678
  1765    678
  1766    678
  1767    678
  1768    678
  1769    678
  1770    678
  1771    678
  1773    678
  1774    678
  1775    678
  1776    678
  1777    678
  1778    678
  1779    678
  1780    678
  1781    678
  1786    678
  1787    678
  1788    678
  1789    678
  1791    678
  1792    678
  1793    678
  1345    679
  1346    679
  1347    679
  1348    679
  1350    679
  1351    679
  1352    679
  1353    679
  1354    679
  1387    679
  1429    679
  1430    679
  1432    679
  1433    679
  1434    679
  1435    679
  1471    679
  1472    679
  1473    679
  1475    679
  1476    679
  1477    679
  1478    679
  1479    679
  1480    679
  1481    679
  1482    679
  1483    679
  1484    679
  1485    679
  1486    679
  1487    679
  1488    679
  1489    679
  1490    679
  1491    679
  1492    679
  1493    679
  1494    679
  1495    679
  1496    679
  1497    679
  1498    679
  1499    679
  1500    679
  1501    679
  1502    679
  1503    679
  1504    679
  1506    679
  1507    679
  1508    679
  1509    679
  1529    679
  1532    679
  1533    679
  1534    679
  1568    679
  1569    679
  1573    679
  1574    679
  1578    679
  1579    679
  1580    679
  1581    679
  1582    679
  1583    679
  1584    679
  1585    679
  1586    679
  1587    679
  1588    679
  1589    679
  1590    679
  1591    679
  1592    679
  1593    679
  1594    679
  1595    679
  1596    679
  1597    679
  1598    679
  1599    679
  1600    679
  1601    679
  1602    679
  1603    679
  1604    679
  1605    679
  1606    679
  1607    679
  1608    679
  1609    679
  1610    679
  1611    679
  1612    679
  1613    679
  1614    679
  1615    679
  1616    679
  1617    679
  1618    679
  1619    679
  1620    679
  1621    679
  1622    679
  1623    679
  1624    679
  1625    679
  1626    679
  1627    679
  1628    679
  1629    679
  1630    679
  1631    679
  1632    679
  1633    679
  1634    679
  1635    679
  1636    679
  1637    679
  1638    679
  1639    679
  1640    679
  1641    679
  1642    679
  1643    679
  1644    679
  1645    679
  1646    679
  1647    679
  1648    679
  1649    679
  1650    679
  1651    679
  1652    679
  1653    679
  1654    679
  1655    679
  1656    679
  1657    679
  1658    679
  1659    679
  1660    679
  1661    679
  1662    679
  1663    679
  1664    679
  1665    679
  1666    679
  1667    679
  1668    679
  1669    679
  1670    679
  1671    679
  1672    679
  1673    679
  1674    679
  1675    679
  1676    679
  1677    679
  1678    679
  1679    679
  1680    679
  1681    679
  1682    679
  1683    679
  1684    679
  1685    679
  1686    679
  1687    679
  1688    679
  1689    679
  1690    679
  1691    679
  1692    679
  1693    679
  1694    679
  1695    679
  1696    679
  1697    679
  1698    679
  1699    679
  1700    679
  1701    679
  1702    679
  1703    679
  1704    679
  1705    679
  1706    679
  1707    679
  1708    679
  1747    679
  1748    679
  1749    679
  1750    679
  1751    679
  1752    679
  1753    679
  1754    679
  1755    679
  1756    679
  1760    679
  1761    679
  1762    679
  1763    679
  1764    679
  1765    679
  1766    679
  1767    679
  1768    679
  1770    679
  1771    679
  1772    679
  1773    679
  1774    679
  1775    679
  1776    679
  1777    679
  1778    679
  1783    679
  1784    679
  1785    679
  1788    679
  1789    679
  1510    680
  1511    680
  1512    680
  1555    680
  1556    680
  1557    680
  1571    680
  1572    680
  1573    680
  1574    680
  1575    680
  1576    680
  1577    680
  1578    680
  1579    680
  1580    680
  1581    680
  1582    680
  1583    680
  1584    680
  1585    680
  1586    680
  1587    680
  1588    680
  1589    680
  1590    680
  1591    680
  1592    680
  1593    680
  1594    680
  1595    680
  1596    680
  1597    680
  1598    680
  1599    680
  1600    680
  1601    680
  1602    680
  1603    680
  1604    680
  1605    680
  1606    680
  1607    680
  1608    680
  1609    680
  1610    680
  1611    680
  1612    680
  1613    680
  1614    680
  1615    680
  1616    680
  1617    680
  1618    680
  1619    680
  1620    680
  1621    680
  1622    680
  1623    680
  1624    680
  1625    680
  1626    680
  1627    680
  1628    680
  1629    680
  1630    680
  1631    680
  1632    680
  1633    680
  1634    680
  1635    680
  1636    680
  1637    680
  1638    680
  1639    680
  1640    680
  1641    680
  1642    680
  1643    680
  1644    680
  1645    680
  1646    680
  1647    680
  1648    680
  1649    680
  1650    680
  1651    680
  1652    680
  1660    680
  1661    680
  1662    680
  1663    680
  1664    680
  1667    680
  1668    680
  1669    680
  1670    680
  1671    680
  1672    680
  1683    680
  1684    680
  1685    680
  1686    680
  1687    680
  1688    680
  1689    680
  1690    680
  1691    680
  1692    680
  1693    680
  1694    680
  1695    680
  1696    680
  1697    680
  1698    680
  1699    680
  1739    680
  1740    680
  1741    680
  1746    680
  1747    680
  1748    680
  1749    680
  1750    680
  1751    680
  1752    680
  1753    680
  1757    680
  1758    680
  1759    680
  1760    680
  1761    680
  1762    680
  1763    680
  1764    680
  1768    680
  1769    680
  1770    680
  1771    680
  1772    680
  1773    680
  1774    680
  1535    681
  1536    681
  1537    681
  1538    681
  1539    681
  1551    681
  1552    681
  1553    681
  1554    681
  1555    681
  1572    681
  1573    681
  1574    681
  1575    681
  1576    681
  1577    681
  1578    681
  1579    681
  1580    681
  1581    681
  1582    681
  1584    681
  1585    681
  1586    681
  1587    681
  1588    681
  1589    681
  1590    681
  1591    681
  1592    681
  1593    681
  1594    681
  1595    681
  1596    681
  1597    681
  1598    681
  1599    681
  1600    681
  1601    681
  1602    681
  1603    681
  1604    681
  1605    681
  1606    681
  1607    681
  1608    681
  1609    681
  1610    681
  1611    681
  1612    681
  1613    681
  1614    681
  1615    681
  1616    681
  1617    681
  1618    681
  1619    681
  1620    681
  1621    681
  1622    681
  1623    681
  1624    681
  1625    681
  1626    681
  1627    681
  1628    681
  1629    681
  1630    681
  1631    681
  1632    681
  1633    681
  1634    681
  1635    681
  1636    681
  1637    681
  1638    681
  1639    681
  1640    681
  1641    681
  1642    681
  1643    681
  1644    681
  1645    681
  1646    681
  1647    681
  1648    681
  1649    681
  1650    681
  1651    681
  1652    681
  1653    681
  1654    681
  1655    681
  1656    681
  1657    681
  1658    681
  1659    681
  1660    681
  1661    681
  1662    681
  1663    681
  1664    681
  1665    681
  1671    681
  1672    681
  1677    681
  1678    681
  1679    681
  1680    681
  1681    681
  1682    681
  1683    681
  1684    681
  1685    681
  1686    681
  1687    681
  1688    681
  1689    681
  1742    681
  1743    681
  1744    681
  1745    681
  1746    681
  1747    681
  1748    681
  1749    681
  1750    681
  1753    681
  1754    681
  1755    681
  1756    681
  1757    681
  1758    681
  1759    681
  1760    681
  1763    681
  1764    681
  1765    681
  1766    681
  1767    681
  1768    681
  1769    681
  1770    681
  1771    681
  1515    682
  1516    682
  1517    682
  1518    682
  1519    682
  1520    682
  1529    682
  1530    682
  1531    682
  1532    682
  1533    682
  1534    682
  1535    682
  1536    682
  1537    682
  1538    682
  1539    682
  1540    682
  1541    682
  1544    682
  1545    682
  1546    682
  1547    682
  1548    682
  1554    682
  1575    682
  1576    682
  1577    682
  1578    682
  1579    682
  1580    682
  1581    682
  1582    682
  1583    682
  1584    682
  1585    682
  1586    682
  1587    682
  1588    682
  1589    682
  1590    682
  1591    682
  1592    682
  1593    682
  1594    682
  1595    682
  1596    682
  1597    682
  1598    682
  1599    682
  1600    682
  1601    682
  1602    682
  1603    682
  1604    682
  1605    682
  1606    682
  1607    682
  1608    682
  1609    682
  1610    682
  1611    682
  1612    682
  1613    682
  1614    682
  1615    682
  1616    682
  1617    682
  1618    682
  1619    682
  1620    682
  1621    682
  1622    682
  1623    682
  1624    682
  1625    682
  1626    682
  1627    682
  1628    682
  1629    682
  1630    682
  1631    682
  1632    682
  1633    682
  1634    682
  1635    682
  1636    682
  1637    682
  1638    682
  1639    682
  1640    682
  1641    682
  1642    682
  1643    682
  1644    682
  1645    682
  1646    682
  1647    682
  1648    682
  1649    682
  1650    682
  1651    682
  1652    682
  1653    682
  1654    682
  1655    682
  1656    682
  1657    682
  1658    682
  1659    682
  1660    682
  1661    682
  1671    682
  1672    682
  1673    682
  1740    682
  1741    682
  1742    682
  1743    682
  1744    682
  1745    682
  1746    682
  1747    682
  1750    682
  1751    682
  1752    682
  1753    682
  1754    682
  1755    682
  1756    682
  1757    682
  1758    682
  1763    682
  1764    682
  1765    682
  1766    682
  1767    682
  1768    682
  1769    682
  1770    682
  1499    683
  1500    683
  1501    683
  1502    683
  1503    683
  1504    683
  1505    683
  1506    683
  1507    683
  1508    683
  1509    683
  1510    683
  1511    683
  1512    683
  1513    683
  1514    683
  1515    683
  1516    683
  1517    683
  1518    683
  1519    683
  1527    683
  1528    683
  1529    683
  1531    683
  1532    683
  1533    683
  1534    683
  1535    683
  1536    683
  1537    683
  1538    683
  1539    683
  1540    683
  1541    683
  1542    683
  1543    683
  1544    683
  1545    683
  1546    683
  1547    683
  1548    683
  1549    683
  1550    683
  1551    683
  1552    683
  1553    683
  1554    683
  1555    683
  1556    683
  1557    683
  1558    683
  1559    683
  1560    683
  1561    683
  1562    683
  1563    683
  1566    683
  1567    683
  1568    683
  1569    683
  1570    683
  1571    683
  1572    683
  1573    683
  1574    683
  1575    683
  1576    683
  1577    683
  1578    683
  1579    683
  1580    683
  1581    683
  1582    683
  1583    683
  1584    683
  1585    683
  1586    683
  1587    683
  1588    683
  1589    683
  1590    683
  1591    683
  1592    683
  1593    683
  1594    683
  1595    683
  1596    683
  1597    683
  1598    683
  1599    683
  1600    683
  1601    683
  1602    683
  1603    683
  1604    683
  1605    683
  1606    683
  1607    683
  1608    683
  1609    683
  1610    683
  1611    683
  1612    683
  1613    683
  1614    683
  1615    683
  1616    683
  1617    683
  1618    683
  1619    683
  1620    683
  1621    683
  1622    683
  1623    683
  1624    683
  1625    683
  1626    683
  1627    683
  1628    683
  1629    683
  1630    683
  1631    683
  1632    683
  1633    683
  1634    683
  1635    683
  1636    683
  1637    683
  1638    683
  1639    683
  1640    683
  1641    683
  1642    683
  1643    683
  1644    683
  1645    683
  1646    683
  1647    683
  1648    683
  1649    683
  1650    683
  1651    683
  1652    683
  1653    683
  1654    683
  1688    683
  1689    683
  1690    683
  1691    683
  1748    683
  1749    683
  1750    683
  1751    683
  1752    683
  1753    683
  1754    683
  1755    683
  1756    683
  1482    684
  1483    684
  1484    684
  1485    684
  1486    684
  1487    684
  1488    684
  1489    684
  1490    684
  1491    684
  1492    684
  1493    684
  1496    684
  1497    684
  1498    684
  1499    684
  1500    684
  1501    684
  1502    684
  1503    684
  1504    684
  1505    684
  1506    684
  1507    684
  1508    684
  1509    684
  1510    684
  1511    684
  1512    684
  1513    684
  1514    684
  1515    684
  1516    684
  1517    684
  1518    684
  1519    684
  1520    684
  1521    684
  1522    684
  1523    684
  1524    684
  1525    684
  1526    684
  1527    684
  1528    684
  1529    684
  1530    684
  1531    684
  1532    684
  1533    684
  1534    684
  1535    684
  1536    684
  1537    684
  1538    684
  1539    684
  1540    684
  1541    684
  1542    684
  1543    684
  1544    684
  1545    684
  1546    684
  1547    684
  1548    684
  1549    684
  1550    684
  1551    684
  1552    684
  1553    684
  1554    684
  1555    684
  1556    684
  1557    684
  1558    684
  1559    684
  1560    684
  1561    684
  1562    684
  1563    684
  1564    684
  1565    684
  1566    684
  1567    684
  1568    684
  1569    684
  1570    684
  1571    684
  1572    684
  1573    684
  1574    684
  1575    684
  1576    684
  1577    684
  1578    684
  1579    684
  1580    684
  1581    684
  1582    684
  1585    684
  1586    684
  1587    684
  1588    684
  1589    684
  1590    684
  1591    684
  1592    684
  1593    684
  1594    684
  1595    684
  1596    684
  1597    684
  1598    684
  1599    684
  1600    684
  1601    684
  1602    684
  1603    684
  1604    684
  1605    684
  1606    684
  1607    684
  1608    684
  1609    684
  1610    684
  1611    684
  1612    684
  1613    684
  1614    684
  1615    684
  1616    684
  1617    684
  1618    684
  1619    684
  1620    684
  1621    684
  1622    684
  1623    684
  1624    684
  1625    684
  1626    684
  1627    684
  1628    684
  1629    684
  1630    684
  1631    684
  1632    684
  1633    684
  1634    684
  1635    684
  1636    684
  1637    684
  1638    684
  1639    684
  1640    684
  1641    684
  1642    684
  1643    684
  1644    684
  1645    684
  1646    684
  1647    684
  1648    684
  1649    684
  1746    684
  1747    684
  1748    684
  1749    684
  1750    684
  1751    684
  1752    684
  1753    684
  1754    684
  1768    684
  1769    684
  1770    684
  1771    684
  1471    685
  1472    685
  1473    685
  1474    685
  1475    685
  1476    685
  1477    685
  1478    685
  1480    685
  1481    685
  1482    685
  1483    685
  1484    685
  1485    685
  1486    685
  1487    685
  1488    685
  1489    685
  1490    685
  1491    685
  1492    685
  1493    685
  1494    685
  1495    685
  1496    685
  1497    685
  1498    685
  1499    685
  1501    685
  1502    685
  1503    685
  1504    685
  1505    685
  1506    685
  1507    685
  1508    685
  1509    685
  1510    685
  1511    685
  1512    685
  1513    685
  1514    685
  1515    685
  1516    685
  1517    685
  1520    685
  1521    685
  1522    685
  1526    685
  1529    685
  1530    685
  1531    685
  1532    685
  1533    685
  1534    685
  1535    685
  1536    685
  1537    685
  1538    685
  1539    685
  1540    685
  1541    685
  1542    685
  1543    685
  1544    685
  1545    685
  1546    685
  1547    685
  1548    685
  1549    685
  1550    685
  1551    685
  1552    685
  1553    685
  1554    685
  1555    685
  1556    685
  1557    685
  1558    685
  1559    685
  1560    685
  1561    685
  1562    685
  1563    685
  1564    685
  1565    685
  1566    685
  1567    685
  1568    685
  1569    685
  1570    685
  1571    685
  1572    685
  1573    685
  1574    685
  1575    685
  1576    685
  1577    685
  1578    685
  1579    685
  1580    685
  1581    685
  1582    685
  1583    685
  1584    685
  1585    685
  1586    685
  1587    685
  1588    685
  1589    685
  1590    685
  1591    685
  1592    685
  1593    685
  1594    685
  1595    685
  1596    685
  1597    685
  1598    685
  1599    685
  1600    685
  1601    685
  1602    685
  1603    685
  1604    685
  1605    685
  1606    685
  1607    685
  1608    685
  1609    685
  1610    685
  1611    685
  1612    685
  1613    685
  1614    685
  1615    685
  1616    685
  1617    685
  1618    685
  1619    685
  1620    685
  1621    685
  1622    685
  1623    685
  1624    685
  1625    685
  1626    685
  1627    685
  1628    685
  1629    685
  1630    685
  1631    685
  1632    685
  1638    685
  1639    685
  1640    685
  1641    685
  1642    685
  1646    685
  1647    685
  1648    685
  1649    685
  1734    685
  1735    685
  1736    685
  1737    685
  1738    685
  1739    685
  1745    685
  1746    685
  1747    685
  1748    685
  1749    685
  1750    685
  1751    685
  1752    685
  1756    685
  1757    685
  1758    685
  1759    685
  1760    685
  1761    685
  1762    685
  1763    685
  1764    685
  1452    686
  1453    686
  1454    686
  1455    686
  1470    686
  1471    686
  1472    686
  1473    686
  1474    686
  1475    686
  1476    686
  1477    686
  1478    686
  1479    686
  1480    686
  1481    686
  1482    686
  1483    686
  1484    686
  1485    686
  1486    686
  1487    686
  1488    686
  1489    686
  1490    686
  1491    686
  1492    686
  1493    686
  1494    686
  1495    686
  1496    686
  1497    686
  1498    686
  1499    686
  1500    686
  1501    686
  1502    686
  1503    686
  1504    686
  1505    686
  1506    686
  1507    686
  1508    686
  1509    686
  1510    686
  1511    686
  1512    686
  1513    686
  1514    686
  1515    686
  1516    686
  1517    686
  1518    686
  1519    686
  1520    686
  1521    686
  1522    686
  1523    686
  1524    686
  1525    686
  1526    686
  1527    686
  1528    686
  1529    686
  1530    686
  1531    686
  1532    686
  1533    686
  1534    686
  1535    686
  1536    686
  1537    686
  1538    686
  1539    686
  1540    686
  1541    686
  1542    686
  1543    686
  1544    686
  1545    686
  1546    686
  1547    686
  1548    686
  1549    686
  1550    686
  1551    686
  1552    686
  1553    686
  1554    686
  1555    686
  1556    686
  1557    686
  1558    686
  1559    686
  1560    686
  1561    686
  1562    686
  1563    686
  1564    686
  1565    686
  1566    686
  1567    686
  1568    686
  1569    686
  1570    686
  1571    686
  1572    686
  1573    686
  1574    686
  1575    686
  1576    686
  1577    686
  1578    686
  1579    686
  1580    686
  1581    686
  1582    686
  1583    686
  1584    686
  1585    686
  1586    686
  1587    686
  1588    686
  1589    686
  1590    686
  1591    686
  1592    686
  1593    686
  1594    686
  1595    686
  1596    686
  1597    686
  1598    686
  1599    686
  1600    686
  1601    686
  1602    686
  1603    686
  1604    686
  1605    686
  1606    686
  1607    686
  1608    686
  1621    686
  1622    686
  1623    686
  1624    686
  1625    686
  1626    686
  1627    686
  1628    686
  1629    686
  1630    686
  1631    686
  1632    686
  1633    686
  1634    686
  1635    686
  1732    686
  1733    686
  1734    686
  1735    686
  1736    686
  1737    686
  1738    686
  1739    686
  1740    686
  1741    686
  1744    686
  1745    686
  1746    686
  1747    686
  1748    686
  1749    686
  1750    686
  1751    686
  1755    686
  1756    686
  1757    686
  1758    686
  1759    686
  1760    686
  1761    686
  1762    686
  1763    686
  1433    687
  1434    687
  1451    687
  1452    687
  1453    687
  1454    687
  1455    687
  1456    687
  1457    687
  1462    687
  1463    687
  1464    687
  1465    687
  1466    687
  1467    687
  1468    687
  1469    687
  1470    687
  1471    687
  1472    687
  1473    687
  1474    687
  1475    687
  1476    687
  1477    687
  1478    687
  1479    687
  1480    687
  1481    687
  1482    687
  1483    687
  1484    687
  1485    687
  1486    687
  1487    687
  1488    687
  1489    687
  1490    687
  1491    687
  1492    687
  1493    687
  1494    687
  1495    687
  1496    687
  1497    687
  1498    687
  1499    687
  1500    687
  1501    687
  1502    687
  1503    687
  1504    687
  1505    687
  1506    687
  1507    687
  1508    687
  1509    687
  1510    687
  1511    687
  1512    687
  1513    687
  1514    687
  1515    687
  1516    687
  1517    687
  1518    687
  1519    687
  1520    687
  1521    687
  1522    687
  1523    687
  1524    687
  1525    687
  1526    687
  1527    687
  1528    687
  1529    687
  1530    687
  1531    687
  1532    687
  1533    687
  1534    687
  1535    687
  1536    687
  1537    687
  1538    687
  1539    687
  1540    687
  1541    687
  1542    687
  1543    687
  1544    687
  1545    687
  1546    687
  1547    687
  1548    687
  1549    687
  1550    687
  1551    687
  1552    687
  1553    687
  1554    687
  1555    687
  1556    687
  1557    687
  1558    687
  1559    687
  1560    687
  1561    687
  1562    687
  1563    687
  1564    687
  1565    687
  1566    687
  1567    687
  1568    687
  1569    687
  1570    687
  1571    687
  1572    687
  1573    687
  1574    687
  1575    687
  1576    687
  1577    687
  1578    687
  1584    687
  1585    687
  1586    687
  1587    687
  1588    687
  1589    687
  1590    687
  1591    687
  1592    687
  1593    687
  1594    687
  1595    687
  1596    687
  1597    687
  1598    687
  1599    687
  1600    687
  1601    687
  1602    687
  1605    687
  1607    687
  1608    687
  1609    687
  1610    687
  1611    687
  1612    687
  1613    687
  1614    687
  1615    687
  1616    687
  1617    687
  1618    687
  1619    687
  1620    687
  1621    687
  1731    687
  1732    687
  1733    687
  1734    687
  1735    687
  1736    687
  1737    687
  1738    687
  1743    687
  1744    687
  1745    687
  1746    687
  1747    687
  1748    687
  1749    687
  1750    687
  1751    687
  1752    687
  1753    687
  1755    687
  1756    687
  1757    687
  1758    687
  1759    687
  1760    687
  1761    687
  1762    687
  1763    687
  1765    687
  1766    687
  1767    687
  1416    688
  1417    688
  1418    688
  1419    688
  1420    688
  1421    688
  1422    688
  1423    688
  1424    688
  1425    688
  1426    688
  1427    688
  1428    688
  1429    688
  1430    688
  1431    688
  1432    688
  1433    688
  1434    688
  1435    688
  1436    688
  1437    688
  1438    688
  1439    688
  1440    688
  1441    688
  1442    688
  1443    688
  1444    688
  1445    688
  1446    688
  1447    688
  1448    688
  1449    688
  1450    688
  1451    688
  1454    688
  1455    688
  1456    688
  1457    688
  1458    688
  1459    688
  1460    688
  1461    688
  1462    688
  1463    688
  1464    688
  1465    688
  1466    688
  1467    688
  1468    688
  1469    688
  1470    688
  1471    688
  1472    688
  1473    688
  1474    688
  1475    688
  1476    688
  1477    688
  1478    688
  1479    688
  1480    688
  1481    688
  1482    688
  1483    688
  1484    688
  1485    688
  1486    688
  1487    688
  1488    688
  1489    688
  1490    688
  1491    688
  1492    688
  1493    688
  1494    688
  1495    688
  1496    688
  1497    688
  1498    688
  1499    688
  1500    688
  1501    688
  1502    688
  1503    688
  1504    688
  1505    688
  1506    688
  1507    688
  1508    688
  1509    688
  1510    688
  1511    688
  1512    688
  1513    688
  1514    688
  1515    688
  1516    688
  1517    688
  1518    688
  1519    688
  1520    688
  1521    688
  1522    688
  1523    688
  1524    688
  1525    688
  1526    688
  1527    688
  1528    688
  1529    688
  1530    688
  1531    688
  1532    688
  1533    688
  1534    688
  1535    688
  1536    688
  1537    688
  1538    688
  1539    688
  1540    688
  1541    688
  1542    688
  1543    688
  1544    688
  1545    688
  1546    688
  1547    688
  1548    688
  1549    688
  1550    688
  1551    688
  1552    688
  1553    688
  1554    688
  1555    688
  1556    688
  1557    688
  1558    688
  1559    688
  1561    688
  1562    688
  1563    688
  1574    688
  1575    688
  1576    688
  1577    688
  1578    688
  1579    688
  1580    688
  1581    688
  1582    688
  1583    688
  1584    688
  1585    688
  1586    688
  1587    688
  1588    688
  1589    688
  1590    688
  1591    688
  1592    688
  1593    688
  1594    688
  1595    688
  1596    688
  1599    688
  1600    688
  1601    688
  1602    688
  1603    688
  1604    688
  1605    688
  1606    688
  1730    688
  1731    688
  1732    688
  1733    688
  1734    688
  1735    688
  1736    688
  1737    688
  1742    688
  1743    688
  1744    688
  1745    688
  1746    688
  1747    688
  1748    688
  1749    688
  1750    688
  1751    688
  1752    688
  1753    688
  1754    688
  1755    688
  1756    688
  1757    688
  1758    688
  1759    688
  1760    688
  1761    688
  1762    688
  1416    689
  1417    689
  1418    689
  1419    689
  1420    689
  1421    689
  1422    689
  1423    689
  1424    689
  1425    689
  1429    689
  1430    689
  1431    689
  1432    689
  1434    689
  1435    689
  1436    689
  1437    689
  1438    689
  1439    689
  1440    689
  1441    689
  1442    689
  1443    689
  1444    689
  1445    689
  1446    689
  1447    689
  1448    689
  1449    689
  1450    689
  1451    689
  1452    689
  1453    689
  1454    689
  1455    689
  1456    689
  1457    689
  1458    689
  1459    689
  1460    689
  1461    689
  1462    689
  1464    689
  1465    689
  1466    689
  1467    689
  1468    689
  1469    689
  1470    689
  1471    689
  1472    689
  1473    689
  1474    689
  1475    689
  1476    689
  1477    689
  1478    689
  1479    689
  1480    689
  1481    689
  1482    689
  1483    689
  1484    689
  1485    689
  1486    689
  1487    689
  1488    689
  1489    689
  1490    689
  1491    689
  1492    689
  1493    689
  1494    689
  1495    689
  1496    689
  1497    689
  1498    689
  1499    689
  1500    689
  1501    689
  1502    689
  1503    689
  1504    689
  1505    689
  1506    689
  1507    689
  1508    689
  1509    689
  1510    689
  1511    689
  1512    689
  1513    689
  1514    689
  1515    689
  1516    689
  1517    689
  1518    689
  1519    689
  1520    689
  1521    689
  1522    689
  1523    689
  1524    689
  1525    689
  1526    689
  1527    689
  1528    689
  1529    689
  1530    689
  1531    689
  1532    689
  1533    689
  1534    689
  1535    689
  1536    689
  1537    689
  1538    689
  1539    689
  1540    689
  1541    689
  1542    689
  1543    689
  1544    689
  1545    689
  1546    689
  1547    689
  1548    689
  1549    689
  1550    689
  1551    689
  1552    689
  1553    689
  1554    689
  1555    689
  1556    689
  1557    689
  1558    689
  1559    689
  1560    689
  1563    689
  1564    689
  1565    689
  1566    689
  1567    689
  1568    689
  1574    689
  1575    689
  1576    689
  1577    689
  1578    689
  1579    689
  1730    689
  1731    689
  1732    689
  1733    689
  1734    689
  1735    689
  1736    689
  1737    689
  1743    689
  1744    689
  1745    689
  1746    689
  1747    689
  1748    689
  1749    689
  1750    689
  1753    689
  1754    689
  1755    689
  1756    689
  1757    689
  1758    689
  1759    689
  1760    689
  1761    689
  1762    689
  1763    689
  1416    690
  1417    690
  1418    690
  1419    690
  1420    690
  1421    690
  1422    690
  1423    690
  1424    690
  1425    690
  1426    690
  1427    690
  1429    690
  1430    690
  1431    690
  1432    690
  1433    690
  1434    690
  1435    690
  1436    690
  1437    690
  1438    690
  1439    690
  1440    690
  1441    690
  1442    690
  1443    690
  1444    690
  1445    690
  1446    690
  1447    690
  1448    690
  1449    690
  1450    690
  1451    690
  1452    690
  1453    690
  1454    690
  1455    690
  1456    690
  1457    690
  1458    690
  1459    690
  1460    690
  1461    690
  1462    690
  1463    690
  1464    690
  1465    690
  1466    690
  1467    690
  1468    690
  1469    690
  1470    690
  1471    690
  1472    690
  1473    690
  1474    690
  1475    690
  1476    690
  1477    690
  1478    690
  1479    690
  1480    690
  1481    690
  1482    690
  1483    690
  1484    690
  1485    690
  1486    690
  1487    690
  1488    690
  1489    690
  1490    690
  1491    690
  1492    690
  1493    690
  1494    690
  1495    690
  1496    690
  1497    690
  1498    690
  1499    690
  1500    690
  1501    690
  1502    690
  1503    690
  1504    690
  1505    690
  1506    690
  1507    690
  1508    690
  1509    690
  1510    690
  1511    690
  1512    690
  1513    690
  1514    690
  1515    690
  1516    690
  1517    690
  1518    690
  1519    690
  1520    690
  1521    690
  1522    690
  1523    690
  1524    690
  1525    690
  1526    690
  1527    690
  1528    690
  1529    690
  1530    690
  1531    690
  1532    690
  1533    690
  1534    690
  1535    690
  1536    690
  1537    690
  1538    690
  1539    690
  1540    690
  1541    690
  1542    690
  1543    690
  1544    690
  1545    690
  1546    690
  1547    690
  1548    690
  1549    690
  1550    690
  1551    690
  1552    690
  1553    690
  1554    690
  1555    690
  1556    690
  1558    690
  1559    690
  1560    690
  1561    690
  1562    690
  1563    690
  1564    690
  1565    690
  1566    690
  1567    690
  1730    690
  1731    690
  1732    690
  1733    690
  1734    690
  1735    690
  1736    690
  1737    690
  1738    690
  1743    690
  1744    690
  1745    690
  1746    690
  1747    690
  1748    690
  1749    690
  1750    690
  1751    690
  1753    690
  1754    690
  1755    690
  1756    690
  1757    690
  1758    690
  1759    690
  1760    690
  1761    690
  1762    690
  1763    690
  1764    690
  1415    691
  1416    691
  1417    691
  1418    691
  1419    691
  1420    691
  1421    691
  1422    691
  1423    691
  1424    691
  1425    691
  1426    691
  1427    691
  1428    691
  1429    691
  1430    691
  1431    691
  1432    691
  1433    691
  1434    691
  1435    691
  1436    691
  1437    691
  1438    691
  1439    691
  1440    691
  1441    691
  1442    691
  1443    691
  1444    691
  1445    691
  1446    691
  1447    691
  1448    691
  1449    691
  1450    691
  1451    691
  1452    691
  1453    691
  1454    691
  1455    691
  1456    691
  1457    691
  1458    691
  1459    691
  1460    691
  1461    691
  1462    691
  1463    691
  1464    691
  1465    691
  1466    691
  1467    691
  1468    691
  1469    691
  1470    691
  1471    691
  1472    691
  1473    691
  1474    691
  1475    691
  1476    691
  1477    691
  1478    691
  1479    691
  1480    691
  1481    691
  1482    691
  1483    691
  1484    691
  1485    691
  1486    691
  1487    691
  1488    691
  1489    691
  1490    691
  1491    691
  1492    691
  1493    691
  1494    691
  1495    691
  1496    691
  1497    691
  1498    691
  1499    691
  1500    691
  1501    691
  1502    691
  1503    691
  1504    691
  1505    691
  1506    691
  1507    691
  1508    691
  1509    691
  1510    691
  1511    691
  1512    691
  1513    691
  1514    691
  1515    691
  1516    691
  1517    691
  1518    691
  1519    691
  1520    691
  1521    691
  1522    691
  1523    691
  1524    691
  1525    691
  1526    691
  1527    691
  1528    691
  1529    691
  1530    691
  1531    691
  1532    691
  1533    691
  1534    691
  1535    691
  1536    691
  1537    691
  1538    691
  1539    691
  1540    691
  1541    691
  1542    691
  1543    691
  1544    691
  1545    691
  1549    691
  1550    691
  1551    691
  1552    691
  1553    691
  1554    691
  1555    691
  1556    691
  1558    691
  1559    691
  1560    691
  1732    691
  1733    691
  1734    691
  1735    691
  1736    691
  1737    691
  1738    691
  1739    691
  1744    691
  1745    691
  1746    691
  1747    691
  1748    691
  1749    691
  1750    691
  1751    691
  1752    691
  1756    691
  1757    691
  1758    691
  1759    691
  1760    691
  1761    691
  1762    691
  1763    691
  1764    691
  1765    691
  1415    692
  1416    692
  1417    692
  1418    692
  1419    692
  1420    692
  1421    692
  1422    692
  1423    692
  1424    692
  1425    692
  1426    692
  1427    692
  1428    692
  1429    692
  1430    692
  1431    692
  1432    692
  1433    692
  1434    692
  1435    692
  1436    692
  1437    692
  1438    692
  1439    692
  1440    692
  1441    692
  1442    692
  1443    692
  1444    692
  1445    692
  1446    692
  1447    692
  1448    692
  1449    692
  1450    692
  1451    692
  1452    692
  1453    692
  1454    692
  1455    692
  1456    692
  1457    692
  1458    692
  1459    692
  1460    692
  1461    692
  1462    692
  1463    692
  1464    692
  1465    692
  1466    692
  1467    692
  1468    692
  1469    692
  1470    692
  1471    692
  1472    692
  1473    692
  1474    692
  1475    692
  1476    692
  1477    692
  1478    692
  1479    692
  1480    692
  1481    692
  1482    692
  1483    692
  1484    692
  1485    692
  1486    692
  1487    692
  1488    692
  1489    692
  1490    692
  1491    692
  1492    692
  1493    692
  1494    692
  1495    692
  1496    692
  1499    692
  1500    692
  1501    692
  1502    692
  1503    692
  1504    692
  1505    692
  1506    692
  1507    692
  1508    692
  1509    692
  1510    692
  1511    692
  1512    692
  1513    692
  1514    692
  1515    692
  1516    692
  1517    692
  1518    692
  1519    692
  1520    692
  1521    692
  1522    692
  1523    692
  1524    692
  1525    692
  1526    692
  1527    692
  1528    692
  1529    692
  1530    692
  1531    692
  1546    692
  1547    692
  1548    692
  1732    692
  1733    692
  1734    692
  1735    692
  1736    692
  1737    692
  1738    692
  1739    692
  1740    692
  1741    692
  1745    692
  1746    692
  1747    692
  1748    692
  1749    692
  1750    692
  1751    692
  1752    692
  1753    692
  1758    692
  1759    692
  1760    692
  1761    692
  1762    692
  1763    692
  1764    692
  1765    692
  1415    693
  1416    693
  1417    693
  1418    693
  1419    693
  1420    693
  1421    693
  1422    693
  1423    693
  1424    693
  1425    693
  1426    693
  1427    693
  1428    693
  1429    693
  1430    693
  1431    693
  1432    693
  1433    693
  1434    693
  1435    693
  1436    693
  1437    693
  1438    693
  1439    693
  1440    693
  1441    693
  1442    693
  1443    693
  1444    693
  1445    693
  1446    693
  1447    693
  1448    693
  1449    693
  1450    693
  1451    693
  1452    693
  1453    693
  1454    693
  1455    693
  1456    693
  1457    693
  1458    693
  1459    693
  1460    693
  1461    693
  1462    693
  1463    693
  1464    693
  1465    693
  1466    693
  1467    693
  1468    693
  1469    693
  1470    693
  1471    693
  1472    693
  1473    693
  1474    693
  1475    693
  1476    693
  1477    693
  1478    693
  1479    693
  1480    693
  1481    693
  1482    693
  1483    693
  1484    693
  1485    693
  1486    693
  1487    693
  1488    693
  1489    693
  1490    693
  1491    693
  1495    693
  1496    693
  1497    693
  1498    693
  1499    693
  1500    693
  1501    693
  1502    693
  1503    693
  1504    693
  1505    693
  1506    693
  1507    693
  1508    693
  1509    693
  1510    693
  1511    693
  1512    693
  1513    693
  1514    693
  1515    693
  1516    693
  1517    693
  1518    693
  1519    693
  1520    693
  1521    693
  1522    693
  1523    693
  1524    693
  1525    693
  1526    693
  1527    693
  1528    693
  1529    693
  1530    693
  1531    693
  1532    693
  1533    693
  1534    693
  1736    693
  1737    693
  1738    693
  1746    693
  1747    693
  1748    693
  1749    693
  1750    693
  1751    693
  1752    693
  1753    693
  1754    693
  1415    694
  1416    694
  1417    694
  1418    694
  1419    694
  1420    694
  1421    694
  1422    694
  1423    694
  1424    694
  1425    694
  1426    694
  1427    694
  1428    694
  1429    694
  1430    694
  1431    694
  1432    694
  1433    694
  1434    694
  1435    694
  1436    694
  1437    694
  1438    694
  1439    694
  1440    694
  1441    694
  1442    694
  1443    694
  1444    694
  1445    694
  1446    694
  1447    694
  1448    694
  1449    694
  1450    694
  1451    694
  1452    694
  1453    694
  1454    694
  1455    694
  1456    694
  1457    694
  1458    694
  1459    694
  1460    694
  1461    694
  1462    694
  1463    694
  1464    694
  1470    694
  1471    694
  1472    694
  1473    694
  1474    694
  1475    694
  1476    694
  1477    694
  1478    694
  1479    694
  1480    694
  1481    694
  1482    694
  1483    694
  1484    694
  1485    694
  1486    694
  1487    694
  1488    694
  1489    694
  1490    694
  1491    694
  1492    694
  1493    694
  1494    694
  1495    694
  1496    694
  1497    694
  1498    694
  1499    694
  1500    694
  1501    694
  1502    694
  1503    694
  1504    694
  1505    694
  1510    694
  1511    694
  1512    694
  1525    694
  1526    694
  1527    694
  1749    694
  1750    694
  1751    694
  1752    694
  1753    694
  1754    694
  1755    694
  1756    694
  1757    694
  1415    695
  1416    695
  1417    695
  1418    695
  1419    695
  1420    695
  1421    695
  1422    695
  1423    695
  1424    695
  1425    695
  1426    695
  1427    695
  1428    695
  1429    695
  1430    695
  1431    695
  1432    695
  1433    695
  1434    695
  1435    695
  1436    695
  1437    695
  1438    695
  1439    695
  1440    695
  1441    695
  1442    695
  1443    695
  1444    695
  1445    695
  1446    695
  1447    695
  1448    695
  1449    695
  1450    695
  1451    695
  1452    695
  1453    695
  1454    695
  1455    695
  1456    695
  1457    695
  1458    695
  1459    695
  1460    695
  1461    695
  1462    695
  1463    695
  1464    695
  1465    695
  1466    695
  1467    695
  1468    695
  1469    695
  1470    695
  1471    695
  1472    695
  1473    695
  1474    695
  1475    695
  1476    695
  1477    695
  1478    695
  1479    695
  1480    695
  1481    695
  1482    695
  1483    695
  1484    695
  1485    695
  1486    695
  1487    695
  1488    695
  1489    695
  1492    695
  1493    695
  1494    695
  1504    695
  1505    695
  1506    695
  1511    695
  1512    695
  1513    695
  1514    695
  1515    695
  1516    695
  1522    695
  1523    695
  1524    695
  1750    695
  1751    695
  1752    695
  1753    695
  1754    695
  1755    695
  1756    695
  1757    695
  1758    695
  1759    695
  1764    695
  1765    695
  1766    695
  1767    695
  1768    695
  1769    695
  1770    695
  1771    695
  1772    695
  1773    695
  1774    695
  1778    695
  1779    695
  1780    695
  1781    695
  1416    696
  1417    696
  1418    696
  1419    696
  1420    696
  1421    696
  1422    696
  1423    696
  1424    696
  1425    696
  1426    696
  1427    696
  1428    696
  1429    696
  1430    696
  1431    696
  1432    696
  1433    696
  1434    696
  1435    696
  1436    696
  1437    696
  1438    696
  1439    696
  1440    696
  1443    696
  1444    696
  1445    696
  1446    696
  1447    696
  1448    696
  1449    696
  1450    696
  1451    696
  1452    696
  1453    696
  1454    696
  1455    696
  1456    696
  1457    696
  1458    696
  1459    696
  1460    696
  1461    696
  1462    696
  1463    696
  1464    696
  1465    696
  1466    696
  1467    696
  1468    696
  1469    696
  1470    696
  1471    696
  1472    696
  1473    696
  1474    696
  1475    696
  1476    696
  1477    696
  1478    696
  1479    696
  1480    696
  1481    696
  1482    696
  1483    696
  1484    696
  1485    696
  1486    696
  1487    696
  1739    696
  1740    696
  1741    696
  1742    696
  1743    696
  1744    696
  1745    696
  1746    696
  1747    696
  1748    696
  1749    696
  1754    696
  1755    696
  1756    696
  1757    696
  1758    696
  1759    696
  1760    696
  1761    696
  1762    696
  1767    696
  1768    696
  1769    696
  1770    696
  1771    696
  1772    696
  1773    696
  1774    696
  1775    696
  1776    696
  1777    696
  1778    696
  1416    697
  1417    697
  1418    697
  1419    697
  1420    697
  1421    697
  1423    697
  1424    697
  1425    697
  1426    697
  1427    697
  1428    697
  1429    697
  1430    697
  1431    697
  1432    697
  1433    697
  1434    697
  1435    697
  1436    697
  1437    697
  1438    697
  1439    697
  1440    697
  1441    697
  1442    697
  1443    697
  1444    697
  1445    697
  1446    697
  1447    697
  1448    697
  1449    697
  1450    697
  1451    697
  1452    697
  1453    697
  1454    697
  1455    697
  1456    697
  1457    697
  1458    697
  1459    697
  1460    697
  1461    697
  1462    697
  1463    697
  1464    697
  1465    697
  1467    697
  1468    697
  1469    697
  1470    697
  1471    697
  1472    697
  1473    697
  1474    697
  1475    697
  1476    697
  1477    697
  1479    697
  1480    697
  1481    697
  1483    697
  1484    697
  1485    697
  1486    697
  1487    697
  1742    697
  1743    697
  1744    697
  1745    697
  1746    697
  1747    697
  1748    697
  1749    697
  1750    697
  1751    697
  1752    697
  1756    697
  1757    697
  1758    697
  1759    697
  1760    697
  1761    697
  1762    697
  1763    697
  1764    697
  1765    697
  1766    697
  1770    697
  1771    697
  1772    697
  1773    697
  1774    697
  1775    697
  1776    697
  1777    697
  1778    697
  1779    697
  1780    697
  1781    697
  1419    698
  1420    698
  1421    698
  1422    698
  1423    698
  1424    698
  1425    698
  1426    698
  1427    698
  1428    698
  1429    698
  1430    698
  1431    698
  1432    698
  1433    698
  1434    698
  1435    698
  1436    698
  1437    698
  1438    698
  1439    698
  1440    698
  1441    698
  1442    698
  1443    698
  1444    698
  1445    698
  1446    698
  1447    698
  1448    698
  1449    698
  1450    698
  1451    698
  1469    698
  1470    698
  1471    698
  1472    698
  1745    698
  1746    698
  1747    698
  1748    698
  1749    698
  1750    698
  1751    698
  1752    698
  1753    698
  1754    698
  1760    698
  1761    698
  1762    698
  1763    698
  1764    698
  1765    698
  1766    698
  1767    698
  1768    698
  1769    698
  1776    698
  1777    698
  1778    698
  1779    698
  1780    698
  1781    698
  1782    698
  1783    698
  1784    698
  1785    698
  1786    698
  1419    699
  1420    699
  1421    699
  1422    699
  1423    699
  1424    699
  1425    699
  1427    699
  1428    699
  1429    699
  1430    699
  1431    699
  1432    699
  1433    699
  1434    699
  1435    699
  1749    699
  1750    699
  1751    699
  1752    699
  1753    699
  1754    699
  1755    699
  1756    699
  1757    699
  1758    699
  1764    699
  1765    699
  1766    699
  1767    699
  1768    699
  1769    699
  1770    699
  1771    699
  1772    699
  1773    699
  1774    699
  1780    699
  1781    699
  1782    699
  1783    699
  1784    699
  1785    699
  1786    699
  1787    699
  1788    699
  1789    699
  1790    699
  1798    699
  1799    699
  1800    699
  1417    700
  1418    700
  1419    700
  1423    700
  1424    700
  1425    700
  1426    700
  1428    700
  1429    700
  1430    700
  1752    700
  1753    700
  1754    700
  1755    700
  1756    700
  1757    700
  1758    700
  1759    700
  1760    700
  1761    700
  1769    700
  1770    700
  1771    700
  1772    700
  1773    700
  1774    700
  1775    700
  1776    700
  1777    700
  1778    700
  1785    700
  1786    700
  1787    700
  1788    700
  1789    700
  1790    700
  1791    700
  1792    700
  1793    700
  1794    700
  1795    700
  1796    700
  1797    700
  1798    700
  1417    701
  1418    701
  1419    701
  1756    701
  1757    701
  1758    701
  1759    701
  1760    701
  1761    701
  1762    701
  1763    701
  1764    701
  1765    701
  1766    701
  1767    701
  1774    701
  1775    701
  1776    701
  1777    701
  1778    701
  1779    701
  1780    701
  1781    701
  1782    701
  1783    701
  1784    701
  1791    701
  1792    701
  1793    701
  1794    701
  1795    701
  1796    701
  1797    701
  1798    701
  1799    701
  1800    701
  1801    701
  1802    701
  1803    701
  1804    701
  1761    702
  1762    702
  1763    702
  1764    702
  1765    702
  1766    702
  1767    702
  1768    702
  1769    702
  1770    702
  1771    702
  1778    702
  1779    702
  1780    702
  1781    702
  1782    702
  1783    702
  1784    702
  1785    702
  1786    702
  1787    702
  1788    702
  1789    702
  1797    702
  1798    702
  1799    702
  1800    702
  1801    702
  1802    702
  1803    702
  1804    702
  1805    702
  1806    702
  1807    702
  1808    702
  1809    702
  1810    702
  1765    703
  1766    703
  1767    703
  1768    703
  1769    703
  1770    703
  1771    703
  1772    703
  1773    703
  1774    703
  1775    703
  1776    703
  1785    703
  1786    703
  1787    703
  1788    703
  1789    703
  1790    703
  1791    703
  1792    703
  1793    703
  1794    703
  1795    703
  1796    703
  1804    703
  1805    703
  1806    703
  1807    703
  1808    703
  1809    703
  1810    703
  1811    703
  1812    703
  1813    703
  1771    704
  1772    704
  1773    704
  1774    704
  1775    704
  1776    704
  1777    704
  1778    704
  1779    704
  1780    704
  1781    704
  1782    704
  1783    704
  1791    704
  1792    704
  1793    704
  1794    704
  1795    704
  1796    704
  1797    704
  1798    704
  1799    704
  1800    704
  1801    704
  1802    704
  1777    705
  1778    705
  1779    705
  1780    705
  1781    705
  1782    705
  1783    705
  1797    705
  1798    705
  1799    705
  1800    705
  1801    705
  1802    705
  1803    705
  1804    705
  1805    705
  1806    705
  1807    705
  1808    705
  1809    705
  1804    706
  1805    706
  1806    706
  1807    706
  1808    706
  1809    706
  1810    706
  1811    706
  1812    706
  1813    706
  1814    706
  1815    706
  1816    706
  1831    706
  1832    706
  1833    706
  1834    706
  1835    706
  1836    706
  1811    707
  1812    707
  1813    707
  1814    707
  1815    707
  1816    707
  1817    707
  1818    707
  1819    707
  1820    707
  1821    707
  1822    707
  1823    707
  1824    707
  1830    707
  1831    707
  1832    707
  1833    707
  1834    707
  1835    707
  1836    707
  1837    707
  1838    707
  1839    707
  1840    707
  1841    707
  1842    707
  1843    707
  1844    707
  1845    707
  1846    707
  1801    708
  1802    708
  1803    708
  1804    708
  1805    708
  1806    708
  1807    708
  1808    708
  1819    708
  1820    708
  1821    708
  1822    708
  1823    708
  1824    708
  1825    708
  1826    708
  1827    708
  1828    708
  1829    708
  1830    708
  1831    708
  1839    708
  1840    708
  1841    708
  1842    708
  1843    708
  1844    708
  1845    708
  1846    708
  1847    708
  1848    708
  1849    708
  1850    708
  1851    708
  1852    708
  1853    708
  1854    708
  1855    708
  1856    708
  1802    709
  1803    709
  1804    709
  1805    709
  1806    709
  1807    709
  1808    709
  1809    709
  1810    709
  1811    709
  1812    709
  1813    709
  1814    709
  1815    709
  1816    709
  1826    709
  1827    709
  1828    709
  1829    709
  1830    709
  1831    709
  1832    709
  1833    709
  1834    709
  1835    709
  1836    709
  1837    709
  1838    709
  1839    709
  1840    709
  1849    709
  1850    709
  1851    709
  1852    709
  1853    709
  1854    709
  1855    709
  1856    709
  1857    709
  1858    709
  1859    709
  1860    709
  1861    709
  1862    709
  1863    709
  1809    710
  1810    710
  1811    710
  1812    710
  1813    710
  1814    710
  1815    710
  1816    710
  1817    710
  1818    710
  1819    710
  1820    710
  1821    710
  1822    710
  1823    710
  1835    710
  1836    710
  1837    710
  1838    710
  1839    710
  1840    710
  1841    710
  1842    710
  1843    710
  1844    710
  1845    710
  1846    710
  1847    710
  1857    710
  1858    710
  1859    710
  1860    710
  1861    710
  1862    710
  1863    710
  1864    710
  1865    710
  1866    710
  1867    710
  1868    710
  1869    710
  1870    710
  1871    710
  1872    710
  1817    711
  1818    711
  1819    711
  1820    711
  1821    711
  1822    711
  1823    711
  1824    711
  1825    711
  1826    711
  1827    711
  1828    711
  1829    711
  1830    711
  1842    711
  1843    711
  1844    711
  1845    711
  1846    711
  1847    711
  1848    711
  1849    711
  1850    711
  1851    711
  1852    711
  1853    711
  1854    711
  1865    711
  1866    711
  1867    711
  1868    711
  1869    711
  1870    711
  1871    711
  1872    711
  1873    711
  1874    711
  1875    711
  1876    711
  1877    711
  1878    711
  1879    711
  1880    711
  1881    711
  1825    712
  1826    712
  1827    712
  1828    712
  1829    712
  1830    712
  1831    712
  1832    712
  1833    712
  1834    712
  1835    712
  1836    712
  1837    712
  1838    712
  1839    712
  1851    712
  1852    712
  1853    712
  1854    712
  1855    712
  1856    712
  1857    712
  1858    712
  1859    712
  1860    712
  1861    712
  1862    712
  1863    712
  1875    712
  1876    712
  1877    712
  1878    712
  1879    712
  1880    712
  1881    712
  1882    712
  1883    712
  1884    712
  1885    712
  1886    712
  1887    712
  1888    712
  1889    712
  1833    713
  1834    713
  1835    713
  1836    713
  1837    713
  1838    713
  1839    713
  1840    713
  1841    713
  1842    713
  1843    713
  1844    713
  1845    713
  1846    713
  1858    713
  1859    713
  1860    713
  1861    713
  1862    713
  1863    713
  1864    713
  1865    713
  1866    713
  1867    713
  1868    713
  1869    713
  1870    713
  1871    713
  1872    713
  1883    713
  1884    713
  1885    713
  1886    713
  1887    713
  1888    713
  1889    713
  1890    713
  1891    713
  1892    713
  1893    713
  1894    713
  1895    713
  1896    713
  1897    713
  1898    713
  1899    713
  1900    713
  1901    713
  1902    713
  1841    714
  1842    714
  1843    714
  1844    714
  1845    714
  1846    714
  1847    714
  1848    714
  1849    714
  1850    714
  1851    714
  1852    714
  1853    714
  1854    714
  1855    714
  1867    714
  1868    714
  1869    714
  1870    714
  1871    714
  1872    714
  1873    714
  1874    714
  1875    714
  1876    714
  1877    714
  1878    714
  1879    714
  1880    714
  1881    714
  1894    714
  1895    714
  1896    714
  1897    714
  1898    714
  1899    714
  1900    714
  1901    714
  1902    714
  1903    714
  1904    714
  1905    714
  1906    714
  1907    714
  1908    714
  1909    714
  1851    715
  1852    715
  1853    715
  1854    715
  1855    715
  1856    715
  1857    715
  1858    715
  1859    715
  1860    715
  1861    715
  1862    715
  1863    715
  1864    715
  1877    715
  1878    715
  1879    715
  1880    715
  1881    715
  1882    715
  1883    715
  1884    715
  1885    715
  1886    715
  1887    715
  1888    715
  1889    715
  1890    715
  1891    715
  1892    715
  1902    715
  1903    715
  1904    715
  1905    715
  1906    715
  1907    715
  1908    715
  1909    715
  1910    715
  1911    715
  1912    715
  1913    715
  1914    715
  1915    715
  1916    715
  1917    715
  1918    715
  1919    715
  1858    716
  1859    716
  1860    716
  1861    716
  1862    716
  1863    716
  1864    716
  1865    716
  1866    716
  1867    716
  1868    716
  1869    716
  1870    716
  1871    716
  1872    716
  1873    716
  1874    716
  1887    716
  1888    716
  1889    716
  1890    716
  1891    716
  1892    716
  1893    716
  1894    716
  1895    716
  1896    716
  1897    716
  1898    716
  1899    716
  1900    716
  1901    716
  1912    716
  1913    716
  1914    716
  1915    716
  1916    716
  1917    716
  1918    716
  1919    716
  1865    717
  1866    717
  1867    717
  1868    717
  1869    717
  1870    717
  1871    717
  1872    717
  1873    717
  1874    717
  1875    717
  1876    717
  1877    717
  1878    717
  1879    717
  1880    717
  1881    717
  1882    717
  1883    717
  1897    717
  1898    717
  1899    717
  1900    717
  1901    717
  1902    717
  1903    717
  1904    717
  1905    717
  1906    717
  1907    717
  1908    717
  1877    718
  1878    718
  1879    718
  1880    718
  1881    718
  1882    718
  1883    718
  1884    718
  1885    718
  1886    718
  1887    718
  1888    718
  1889    718
  1890    718
  1891    718
  1892    718
  1893    718
  1894    718
  1904    718
  1905    718
  1906    718
  1907    718
  1908    718
  1909    718
  1910    718
  1911    718
  1912    718
  1913    718
  1914    718
  1915    718
  1916    718
  1917    718
  1918    718
  1919    718
  1889    719
  1890    719
  1891    719
  1892    719
  1893    719
  1894    719
  1895    719
  1896    719
  1897    719
  1898    719
  1899    719
  1900    719
  1901    719
  1902    719
  1903    719
  1912    719
  1913    719
  1914    719
  1915    719
  1916    719
  1917    719
  1918    719
  1919    719
  1899    720
  1900    720
