   839    714
   840    714
   841    714
   842    714
   843    714
   844    714
   845    714
   846    714
   847    714
   848    714
   839    715
   840    715
   841    715
   842    715
   843    715
   844    715
   845    715
   846    715
   847    715
   848    715
   849    715
   850    715
   851    715
   852    715
   853    715
   854    715
   855    715
   856    715
   857    715
   858    715
   859    715
   860    715
   861    715
   862    715
   863    715
   864    715
   865    715
   866    715
   867    715
   868    715
   869    715
   870    715
   871    715
   872    715
   873    715
   834    716
   835    716
   836    716
   837    716
   838    716
   839    716
   840    716
   841    716
   842    716
   843    716
   844    716
   845    716
   846    716
   847    716
   848    716
   849    716
   850    716
   851    716
   852    716
   853    716
   854    716
   855    716
   856    716
   857    716
   858    716
   859    716
   860    716
   861    716
   862    716
   863    716
   864    716
   865    716
   866    716
   867    716
   868    716
   869    716
   870    716
   871    716
   872    716
   873    716
   874    716
   875    716
   876    716
   877    716
   878    716
   879    716
   880    716
   881    716
   882    716
   883    716
   884    716
   885    716
   886    716
   887    716
   888    716
   889    716
   890    716
   891    716
   892    716
   893    716
   894    716
   895    716
   896    716
   832    717
   833    717
   834    717
   835    717
   836    717
   837    717
   838    717
   839    717
   840    717
   841    717
   842    717
   843    717
   844    717
   845    717
   846    717
   847    717
   848    717
   849    717
   850    717
   851    717
   852    717
   853    717
   854    717
   855    717
   856    717
   857    717
   858    717
   859    717
   860    717
   861    717
   862    717
   863    717
   864    717
   865    717
   866    717
   867    717
   868    717
   869    717
   870    717
   871    717
   872    717
   873    717
   874    717
   875    717
   876    717
   878    717
   879    717
   880    717
   881    717
   882    717
   883    717
   884    717
   885    717
   886    717
   887    717
   888    717
   889    717
   890    717
   891    717
   892    717
   893    717
   894    717
   895    717
   896    717
   897    717
   898    717
   899    717
   900    717
   901    717
   902    717
   903    717
   904    717
   905    717
   906    717
   907    717
   908    717
   909    717
   910    717
   911    717
   912    717
   913    717
   914    717
   915    717
   916    717
   917    717
   918    717
   919    717
   920    717
   831    718
   832    718
   833    718
   834    718
   835    718
   836    718
   837    718
   838    718
   839    718
   840    718
   841    718
   842    718
   843    718
   844    718
   845    718
   846    718
   847    718
   848    718
   849    718
   850    718
   851    718
   852    718
   853    718
   854    718
   855    718
   856    718
   857    718
   858    718
   859    718
   860    718
   861    718
   862    718
   863    718
   864    718
   865    718
   866    718
   867    718
   868    718
   869    718
   870    718
   871    718
   872    718
   873    718
   874    718
   875    718
   876    718
   877    718
   878    718
   879    718
   880    718
   881    718
   882    718
   883    718
   884    718
   885    718
   886    718
   887    718
   888    718
   889    718
   890    718
   891    718
   892    718
   893    718
   894    718
   895    718
   896    718
   897    718
   898    718
   899    718
   900    718
   901    718
   902    718
   903    718
   904    718
   905    718
   906    718
   907    718
   908    718
   909    718
   910    718
   911    718
   912    718
   913    718
   914    718
   915    718
   916    718
   917    718
   918    718
   919    718
   920    718
   921    718
   922    718
   923    718
   924    718
   925    718
   926    718
   927    718
   928    718
   929    718
   930    718
   931    718
   932    718
   933    718
   934    718
   935    718
   936    718
   937    718
   938    718
   939    718
   940    718
   941    718
   942    718
   943    718
   944    718
   945    718
   946    718
   947    718
   948    718
   949    718
   950    718
   952    718
   953    718
   954    718
   955    718
   956    718
   829    719
   830    719
   831    719
   832    719
   833    719
   834    719
   835    719
   836    719
   837    719
   838    719
   839    719
   840    719
   841    719
   842    719
   843    719
   844    719
   845    719
   846    719
   847    719
   848    719
   849    719
   850    719
   851    719
   852    719
   853    719
   854    719
   855    719
   856    719
   857    719
   858    719
   859    719
   860    719
   864    719
   865    719
   866    719
   867    719
   868    719
   869    719
   870    719
   871    719
   872    719
   873    719
   874    719
   875    719
   876    719
   877    719
   878    719
   879    719
   880    719
   881    719
   882    719
   883    719
   884    719
   885    719
   886    719
   887    719
   888    719
   889    719
   890    719
   891    719
   892    719
   893    719
   894    719
   895    719
   896    719
   897    719
   898    719
   899    719
   900    719
   901    719
   902    719
   903    719
   904    719
   905    719
   906    719
   907    719
   908    719
   909    719
   910    719
   911    719
   912    719
   913    719
   914    719
   915    719
   916    719
   917    719
   918    719
   919    719
   920    719
   921    719
   922    719
   923    719
   924    719
   925    719
   926    719
   927    719
   928    719
   929    719
   930    719
   931    719
   932    719
   933    719
   934    719
   935    719
   936    719
   937    719
   938    719
   939    719
   950    719
   951    719
   954    719
   955    719
   956    719
   957    719
   958    719
   959    719
   960    719
   975    719
   976    719
   977    719
   978    719
   979    719
   980    719
   981    719
   982    719
   983    719
   984    719
   985    719
   986    719
   987    719
   988    719
   989    719
   990    719
   827    720
   828    720
   829    720
   830    720
   831    720
   832    720
   833    720
   834    720
   835    720
   836    720
   837    720
   838    720
   839    720
   840    720
   841    720
   842    720
   843    720
   844    720
   845    720
   846    720
   847    720
   848    720
   849    720
   850    720
   851    720
   852    720
   853    720
   854    720
   855    720
   856    720
   857    720
   858    720
   859    720
   860    720
   861    720
   862    720
   863    720
   864    720
   865    720
   866    720
   867    720
   868    720
   869    720
   870    720
   871    720
   872    720
   873    720
   874    720
   875    720
   876    720
   877    720
   878    720
   879    720
   880    720
   881    720
   882    720
   883    720
   884    720
   885    720
   886    720
   887    720
   888    720
   889    720
   890    720
   891    720
   892    720
   893    720
   894    720
   895    720
   896    720
   897    720
   898    720
   899    720
   900    720
   901    720
   902    720
   903    720
   904    720
   905    720
   906    720
   907    720
   908    720
   909    720
   910    720
   911    720
   912    720
   913    720
   914    720
   915    720
   916    720
   917    720
   918    720
   919    720
   920    720
   921    720
   922    720
   923    720
   924    720
   925    720
   926    720
   927    720
   928    720
   929    720
   930    720
   931    720
   932    720
   933    720
   934    720
   935    720
   936    720
   937    720
   938    720
   939    720
   940    720
   941    720
   942    720
   943    720
   944    720
   945    720
   949    720
   950    720
   951    720
   952    720
   953    720
   954    720
   955    720
   956    720
   958    720
   959    720
   960    720
   961    720
   962    720
   963    720
   964    720
   965    720
   966    720
   967    720
   968    720
   969    720
   975    720
   976    720
   977    720
   978    720
   979    720
   980    720
   981    720
   982    720
   983    720
   984    720
  1001    720
  1002    720
  1003    720
  1004    720
  1005    720
  1006    720
  1007    720
  1008    720
  1009    720
  1010    720
  1011    720
  1012    720
  1013    720
  1014    720
  1015    720
  1016    720
  1017    720
  1018    720
  1019    720
  1020    720
   829    721
   830    721
   831    721
   832    721
   833    721
   834    721
   835    721
   836    721
   837    721
   838    721
   839    721
   840    721
   841    721
   842    721
   843    721
   844    721
   845    721
   846    721
   847    721
   848    721
   849    721
   850    721
   851    721
   852    721
   853    721
   854    721
   855    721
   856    721
   857    721
   858    721
   859    721
   860    721
   861    721
   862    721
   863    721
   864    721
   865    721
   866    721
   867    721
   868    721
   869    721
   870    721
   871    721
   872    721
   873    721
   874    721
   875    721
   876    721
   877    721
   878    721
   879    721
   880    721
   881    721
   882    721
   883    721
   884    721
   885    721
   886    721
   887    721
   888    721
   889    721
   890    721
   891    721
   892    721
   893    721
   894    721
   895    721
   896    721
   897    721
   898    721
   899    721
   900    721
   901    721
   902    721
   903    721
   904    721
   906    721
   907    721
   908    721
   909    721
   910    721
   911    721
   912    721
   913    721
   914    721
   915    721
   916    721
   917    721
   918    721
   919    721
   920    721
   921    721
   922    721
   923    721
   924    721
   925    721
   926    721
   927    721
   928    721
   929    721
   930    721
   931    721
   932    721
   933    721
   934    721
   935    721
   936    721
   937    721
   938    721
   939    721
   940    721
   941    721
   942    721
   943    721
   944    721
   945    721
   946    721
   947    721
   948    721
   949    721
   950    721
   951    721
   952    721
   953    721
   954    721
   955    721
   956    721
   957    721
   958    721
   959    721
   960    721
   961    721
   962    721
   963    721
   964    721
   965    721
   966    721
   967    721
   968    721
   969    721
   970    721
   971    721
   975    721
   976    721
   977    721
   978    721
   979    721
   980    721
   981    721
   982    721
   983    721
   984    721
   985    721
   986    721
   987    721
   988    721
   989    721
   990    721
   991    721
   992    721
  1008    721
  1009    721
  1010    721
  1011    721
  1012    721
   824    722
   825    722
   826    722
   827    722
   828    722
   829    722
   830    722
   833    722
   834    722
   835    722
   836    722
   837    722
   848    722
   849    722
   850    722
   851    722
   852    722
   853    722
   854    722
   855    722
   856    722
   857    722
   858    722
   859    722
   860    722
   861    722
   862    722
   863    722
   864    722
   865    722
   866    722
   867    722
   868    722
   869    722
   870    722
   871    722
   872    722
   873    722
   874    722
   875    722
   876    722
   877    722
   878    722
   879    722
   880    722
   881    722
   882    722
   883    722
   884    722
   885    722
   886    722
   887    722
   888    722
   889    722
   890    722
   891    722
   892    722
   893    722
   894    722
   895    722
   896    722
   897    722
   898    722
   899    722
   900    722
   901    722
   902    722
   903    722
   904    722
   906    722
   907    722
   908    722
   909    722
   910    722
   911    722
   912    722
   913    722
   914    722
   915    722
   916    722
   917    722
   918    722
   919    722
   920    722
   921    722
   922    722
   923    722
   924    722
   925    722
   926    722
   927    722
   928    722
   929    722
   930    722
   931    722
   932    722
   933    722
   934    722
   935    722
   936    722
   937    722
   938    722
   939    722
   940    722
   941    722
   942    722
   943    722
   944    722
   945    722
   946    722
   947    722
   948    722
   949    722
   950    722
   951    722
   952    722
   953    722
   954    722
   955    722
   956    722
   957    722
   958    722
   959    722
   960    722
   961    722
   962    722
   963    722
   964    722
   965    722
   966    722
   967    722
   968    722
   969    722
   970    722
   971    722
   972    722
   973    722
   974    722
   975    722
   976    722
   977    722
   978    722
   979    722
   980    722
   981    722
   982    722
   983    722
   984    722
   985    722
   986    722
   987    722
   988    722
   989    722
   990    722
   991    722
   992    722
   993    722
   994    722
   995    722
   996    722
   997    722
   998    722
   999    722
  1000    722
  1001    722
  1002    722
  1003    722
  1004    722
  1005    722
  1006    722
  1007    722
  1008    722
  1009    722
  1010    722
  1011    722
  1012    722
  1013    722
  1014    722
  1015    722
  1016    722
  1017    722
  1018    722
  1019    722
  1020    722
  1021    722
  1022    722
   827    723
   828    723
   829    723
   830    723
   831    723
   832    723
   835    723
   836    723
   837    723
   838    723
   839    723
   840    723
   841    723
   842    723
   843    723
   844    723
   845    723
   850    723
   851    723
   852    723
   853    723
   854    723
   863    723
   864    723
   865    723
   868    723
   869    723
   870    723
   871    723
   872    723
   873    723
   874    723
   875    723
   876    723
   877    723
   878    723
   879    723
   880    723
   881    723
   882    723
   883    723
   884    723
   885    723
   886    723
   887    723
   888    723
   889    723
   890    723
   891    723
   892    723
   893    723
   894    723
   895    723
   896    723
   898    723
   899    723
   900    723
   901    723
   902    723
   903    723
   904    723
   906    723
   907    723
   908    723
   909    723
   910    723
   911    723
   912    723
   913    723
   914    723
   915    723
   916    723
   917    723
   918    723
   919    723
   920    723
   921    723
   922    723
   923    723
   924    723
   925    723
   926    723
   927    723
   928    723
   929    723
   930    723
   931    723
   932    723
   933    723
   934    723
   935    723
   936    723
   937    723
   938    723
   939    723
   940    723
   941    723
   942    723
   943    723
   944    723
   945    723
   946    723
   947    723
   948    723
   949    723
   950    723
   951    723
   952    723
   953    723
   954    723
   955    723
   956    723
   957    723
   958    723
   959    723
   960    723
   961    723
   962    723
   963    723
   964    723
   965    723
   966    723
   967    723
   968    723
   969    723
   970    723
   971    723
   972    723
   973    723
   974    723
   975    723
   976    723
   977    723
   978    723
   979    723
   980    723
   981    723
   982    723
   983    723
   984    723
   985    723
   986    723
   987    723
   988    723
   989    723
   990    723
   991    723
   992    723
   993    723
   994    723
   995    723
   996    723
   997    723
   998    723
   999    723
  1000    723
  1001    723
  1002    723
  1003    723
  1004    723
  1005    723
  1006    723
  1007    723
  1008    723
  1009    723
  1010    723
  1011    723
  1012    723
  1013    723
  1014    723
  1015    723
  1016    723
  1017    723
  1018    723
  1019    723
  1020    723
  1021    723
  1022    723
   827    724
   828    724
   829    724
   830    724
   831    724
   832    724
   833    724
   834    724
   835    724
   836    724
   837    724
   857    724
   858    724
   859    724
   860    724
   861    724
   862    724
   863    724
   864    724
   884    724
   885    724
   886    724
   887    724
   888    724
   889    724
   890    724
   891    724
   892    724
   893    724
   894    724
   895    724
   896    724
   897    724
   898    724
   899    724
   900    724
   901    724
   902    724
   903    724
   904    724
   905    724
   907    724
   908    724
   909    724
   910    724
   911    724
   912    724
   913    724
   914    724
   915    724
   916    724
   917    724
   918    724
   919    724
   920    724
   921    724
   922    724
   923    724
   924    724
   925    724
   926    724
   927    724
   928    724
   929    724
   930    724
   931    724
   932    724
   933    724
   934    724
   935    724
   936    724
   937    724
   938    724
   939    724
   940    724
   941    724
   942    724
   943    724
   944    724
   945    724
   947    724
   948    724
   949    724
   950    724
   951    724
   952    724
   953    724
   954    724
   955    724
   956    724
   957    724
   958    724
   959    724
   960    724
   961    724
   962    724
   963    724
   964    724
   965    724
   966    724
   967    724
   968    724
   969    724
   970    724
   971    724
   972    724
   973    724
   974    724
   975    724
   976    724
   977    724
   978    724
   979    724
   980    724
   981    724
   982    724
   983    724
   984    724
   985    724
   986    724
   987    724
   988    724
   989    724
   990    724
   991    724
   992    724
   993    724
   994    724
   995    724
   996    724
   997    724
   998    724
   999    724
  1000    724
  1001    724
  1002    724
  1003    724
  1004    724
  1005    724
  1006    724
  1007    724
  1008    724
  1009    724
  1010    724
  1011    724
  1012    724
  1013    724
  1014    724
  1015    724
  1016    724
  1017    724
  1018    724
  1019    724
  1020    724
  1021    724
  1022    724
   819    725
   820    725
   821    725
   822    725
   823    725
   824    725
   825    725
   836    725
   837    725
   838    725
   839    725
   840    725
   899    725
   900    725
   916    725
   917    725
   918    725
   919    725
   920    725
   921    725
   922    725
   923    725
   924    725
   925    725
   926    725
   927    725
   928    725
   929    725
   930    725
   931    725
   932    725
   933    725
   934    725
   935    725
   936    725
   937    725
   938    725
   939    725
   940    725
   941    725
   942    725
   943    725
   944    725
   952    725
   953    725
   954    725
   955    725
   956    725
   959    725
   960    725
   961    725
   962    725
   963    725
   964    725
   965    725
   966    725
   967    725
   968    725
   969    725
   970    725
   971    725
   972    725
   973    725
   974    725
   975    725
   976    725
   977    725
   978    725
   979    725
   980    725
   981    725
   982    725
   983    725
   984    725
   985    725
   986    725
   987    725
   988    725
   989    725
   990    725
   991    725
   992    725
   993    725
   994    725
   995    725
   996    725
   997    725
   998    725
   999    725
  1000    725
  1001    725
  1002    725
  1003    725
  1004    725
  1005    725
  1006    725
  1007    725
  1008    725
  1009    725
  1010    725
  1011    725
  1012    725
  1013    725
  1014    725
  1015    725
  1016    725
  1017    725
  1018    725
  1019    725
  1020    725
  1021    725
   818    726
   819    726
   820    726
   821    726
   822    726
   823    726
   824    726
   825    726
   826    726
   827    726
   828    726
   829    726
   830    726
   836    726
   837    726
   838    726
   839    726
   843    726
   844    726
   845    726
   858    726
   859    726
   860    726
   861    726
   862    726
   863    726
   864    726
   865    726
   883    726
   884    726
   885    726
   886    726
   900    726
   901    726
   902    726
   903    726
   904    726
   908    726
   909    726
   910    726
   911    726
   912    726
   919    726
   920    726
   927    726
   928    726
   929    726
   930    726
   931    726
   932    726
   933    726
   934    726
   935    726
   936    726
   937    726
   938    726
   939    726
   940    726
   941    726
   942    726
   943    726
   944    726
   951    726
   952    726
   953    726
   954    726
   955    726
   956    726
   957    726
   958    726
   959    726
   960    726
   961    726
   962    726
   963    726
   964    726
   965    726
   966    726
   967    726
   968    726
   969    726
   970    726
   971    726
   972    726
   973    726
   974    726
   975    726
   976    726
   977    726
   978    726
   979    726
   980    726
   981    726
   982    726
   983    726
   984    726
   985    726
   986    726
   987    726
   988    726
   989    726
   990    726
   991    726
   992    726
   993    726
   994    726
   995    726
   996    726
   997    726
   998    726
   999    726
  1000    726
  1001    726
  1002    726
  1003    726
  1004    726
  1005    726
  1006    726
  1007    726
  1008    726
  1009    726
  1010    726
  1011    726
  1012    726
  1013    726
  1014    726
  1015    726
  1016    726
  1017    726
  1018    726
   823    727
   824    727
   825    727
   826    727
   827    727
   828    727
   829    727
   830    727
   831    727
   832    727
   833    727
   834    727
   835    727
   839    727
   840    727
   841    727
   843    727
   844    727
   845    727
   858    727
   859    727
   860    727
   861    727
   862    727
   863    727
   864    727
   897    727
   898    727
   899    727
   900    727
   911    727
   912    727
   913    727
   914    727
   915    727
   917    727
   918    727
   919    727
   920    727
   922    727
   923    727
   924    727
   925    727
   926    727
   927    727
   928    727
   929    727
   936    727
   937    727
   938    727
   939    727
   940    727
   951    727
   952    727
   953    727
   954    727
   956    727
   957    727
   958    727
   959    727
   963    727
   964    727
   965    727
   966    727
   967    727
   968    727
   969    727
   970    727
   971    727
   972    727
   973    727
   974    727
   975    727
   976    727
   977    727
   978    727
   979    727
   980    727
   981    727
   982    727
   983    727
   984    727
   985    727
   986    727
   987    727
   988    727
   989    727
   990    727
   991    727
   992    727
   993    727
   994    727
   995    727
   996    727
   997    727
   998    727
   999    727
  1000    727
  1001    727
  1002    727
  1003    727
  1004    727
  1005    727
  1006    727
  1007    727
  1008    727
  1009    727
  1010    727
  1011    727
  1012    727
  1013    727
  1014    727
  1015    727
  1016    727
  1017    727
  1018    727
   827    728
   828    728
   829    728
   830    728
   831    728
   832    728
   833    728
   834    728
   835    728
   836    728
   837    728
   843    728
   844    728
   845    728
   846    728
   847    728
   960    728
   961    728
   962    728
   963    728
   964    728
   965    728
   966    728
   967    728
   971    728
   972    728
   973    728
   974    728
   975    728
   976    728
   977    728
   978    728
   979    728
   980    728
   981    728
   982    728
   983    728
   984    728
   985    728
   986    728
   987    728
   988    728
   989    728
   990    728
   991    728
   992    728
   993    728
   994    728
   995    728
   996    728
   997    728
   998    728
   999    728
  1000    728
  1001    728
  1002    728
  1003    728
  1004    728
  1005    728
  1006    728
  1007    728
  1008    728
  1009    728
  1010    728
  1011    728
  1012    728
  1013    728
  1014    728
  1015    728
  1016    728
  1017    728
   830    729
   831    729
   832    729
   833    729
   834    729
   835    729
   836    729
   837    729
   838    729
   839    729
   840    729
   848    729
   849    729
   850    729
   963    729
   964    729
   965    729
   966    729
   967    729
   968    729
   969    729
   970    729
   971    729
   972    729
   975    729
   976    729
   977    729
   978    729
   979    729
   980    729
   981    729
   982    729
   983    729
   984    729
   985    729
   986    729
   987    729
   988    729
   989    729
   990    729
   991    729
   992    729
   993    729
   994    729
   995    729
   996    729
   997    729
   998    729
   999    729
  1000    729
  1001    729
  1002    729
  1003    729
  1004    729
  1005    729
  1006    729
  1007    729
  1008    729
  1009    729
  1010    729
  1011    729
  1012    729
  1013    729
  1014    729
  1015    729
  1016    729
   827    730
   828    730
   829    730
   833    730
   834    730
   835    730
   836    730
   837    730
   838    730
   839    730
   840    730
   841    730
   842    730
   843    730
   844    730
   850    730
   851    730
   852    730
   959    730
   960    730
   961    730
   962    730
   963    730
   964    730
   965    730
   966    730
   967    730
   974    730
   975    730
   976    730
   977    730
   978    730
   979    730
   980    730
   981    730
   982    730
   993    730
   994    730
   995    730
   998    730
   999    730
  1000    730
  1002    730
  1003    730
  1004    730
  1005    730
  1006    730
  1007    730
  1008    730
  1009    730
  1014    730
  1015    730
  1016    730
   827    731
   828    731
   836    731
   837    731
   838    731
   839    731
   840    731
   841    731
   842    731
   843    731
   844    731
   845    731
   846    731
   850    731
   851    731
   852    731
   964    731
   965    731
   975    731
   976    731
   977    731
   978    731
   979    731
   980    731
   981    731
   982    731
   983    731
   988    731
   989    731
   990    731
   991    731
  1003    731
  1004    731
  1005    731
  1006    731
  1007    731
  1008    731
   839    732
   840    732
   841    732
   842    732
   843    732
   844    732
   845    732
   846    732
   847    732
   848    732
   849    732
   850    732
   853    732
   854    732
   855    732
   856    732
   841    733
   842    733
   843    733
   844    733
   845    733
   846    733
   847    733
   848    733
   849    733
   850    733
   851    733
   852    733
   854    733
   855    733
   856    733
   857    733
   858    733
   859    733
   860    733
   844    734
   845    734
   846    734
   847    734
   848    734
   849    734
   850    734
   851    734
   852    734
   853    734
   854    734
   855    734
   837    735
   838    735
   839    735
   840    735
   846    735
   847    735
   848    735
   849    735
   850    735
   851    735
   852    735
   853    735
   854    735
   855    735
   847    736
   848    736
   849    736
   850    736
   851    736
   852    736
   853    736
   854    736
   855    736
   856    736
   857    736
   858    736
   859    736
   860    736
   861    736
   862    736
   847    737
   848    737
   849    737
   850    737
   851    737
   852    737
   853    737
   854    737
   855    737
   856    737
   857    737
   858    737
   859    737
   860    737
   861    737
   862    737
   848    738
   849    738
   850    738
   851    738
   852    738
   853    738
   854    738
   855    738
   856    738
   857    738
   858    738
   859    738
   860    738
   861    738
   853    739
   854    739
   855    739
   856    739
   857    739
   858    739
   859    739
   860    739
   861    739
   854    740
   855    740
   856    740
   857    740
   858    740
   859    740
   860    740
   861    740
   862    740
   855    741
   856    741
   857    741
   858    741
   859    741
   860    741
   861    741
   862    741
   863    741
   864    741
   856    742
   857    742
   858    742
   859    742
   860    742
   861    742
   862    742
   863    742
   864    742
   865    742
   866    742
   867    742
   872    742
   873    742
   874    742
   854    743
   855    743
   856    743
   857    743
   858    743
   859    743
   860    743
   861    743
   862    743
   863    743
   864    743
   865    743
   856    744
   857    744
   858    744
   859    744
   860    744
   861    744
   862    744
   863    744
   864    744
   865    744
   857    745
   858    745
   859    745
   860    745
   861    745
   862    745
   863    745
   864    745
   865    745
   866    745
   854    746
   855    746
   856    746
   857    746
   858    746
   859    746
   860    746
   861    746
   862    746
   863    746
   864    746
   865    746
   866    746
   867    746
   855    747
   856    747
   857    747
   858    747
   859    747
   860    747
   861    747
   862    747
   863    747
   864    747
   865    747
   866    747
   854    748
   855    748
   856    748
   857    748
   858    748
   859    748
   860    748
   861    748
   862    748
   863    748
   864    748
   865    748
   866    748
   854    749
   855    749
   856    749
   857    749
   858    749
   859    749
   860    749
   861    749
   862    749
   863    749
   864    749
   865    749
   866    749
   867    749
   841    750
   842    750
   843    750
   854    750
   855    750
   856    750
   857    750
   858    750
   859    750
   860    750
   861    750
   862    750
   863    750
   864    750
   865    750
   866    750
   841    751
   842    751
   854    751
   855    751
   856    751
   857    751
   858    751
   859    751
   860    751
   861    751
   862    751
   863    751
   864    751
   865    751
   866    751
   856    752
   857    752
   858    752
   859    752
   860    752
   861    752
   862    752
   863    752
   864    752
   865    752
   855    753
   856    753
   857    753
   858    753
   859    753
   860    753
   861    753
   862    753
   863    753
   864    753
   865    753
   851    754
   852    754
   853    754
   854    754
   855    754
   856    754
   857    754
   858    754
   859    754
   860    754
   861    754
   862    754
   863    754
   864    754
   847    755
   848    755
   849    755
   850    755
   851    755
   853    755
   854    755
   855    755
   856    755
   857    755
   858    755
   859    755
   860    755
   861    755
   862    755
   846    756
   847    756
   848    756
   849    756
   850    756
   852    756
   853    756
   854    756
   855    756
   856    756
   857    756
   858    756
   859    756
   860    756
   861    756
   851    757
   852    757
   853    757
   854    757
   855    757
   856    757
   857    757
   858    757
   859    757
   860    757
   848    758
   849    758
   850    758
   851    758
   852    758
   853    758
   854    758
   855    758
   856    758
   857    758
   858    758
   847    759
   848    759
   849    759
   850    759
   851    759
   852    759
   853    759
   854    759
   855    759
   856    759
   857    759
   858    759
   859    759
   860    759
   844    760
   845    760
   846    760
   847    760
   848    760
   849    760
   850    760
   851    760
   852    760
   853    760
   854    760
   855    760
   829    761
   830    761
   831    761
   841    761
   842    761
   843    761
   844    761
   845    761
   846    761
   847    761
   848    761
   849    761
   850    761
   851    761
   852    761
   827    762
   828    762
   829    762
   838    762
   839    762
   840    762
   841    762
   842    762
   843    762
   844    762
   845    762
   846    762
   847    762
   848    762
   849    762
   850    762
   835    763
   836    763
   837    763
   838    763
   839    763
   840    763
   841    763
   842    763
   843    763
   844    763
   845    763
   846    763
   847    763
   832    764
   833    764
   834    764
   835    764
   836    764
   837    764
   838    764
   839    764
   840    764
   841    764
   842    764
   843    764
   844    764
   845    764
   830    765
   831    765
   832    765
   833    765
   834    765
   835    765
   836    765
   837    765
   838    765
   839    765
   840    765
   841    765
   842    765
   827    766
   828    766
   829    766
   830    766
   831    766
   832    766
   833    766
   834    766
   835    766
   836    766
   837    766
   838    766
   839    766
   840    766
   825    767
   826    767
   827    767
   828    767
   829    767
   830    767
   831    767
   832    767
   833    767
   834    767
   835    767
   836    767
   837    767
   838    767
   822    768
   823    768
   824    768
   825    768
   826    768
   827    768
   828    768
   829    768
   830    768
   831    768
   832    768
   833    768
   834    768
   806    769
   807    769
   808    769
   818    769
   819    769
   820    769
   821    769
   822    769
   823    769
   824    769
   825    769
   826    769
   827    769
   828    769
   829    769
   830    769
   831    769
   815    770
   816    770
   817    770
   818    770
   819    770
   820    770
   821    770
   822    770
   823    770
   824    770
   825    770
   826    770
   827    770
   828    770
   811    771
   812    771
   813    771
   814    771
   815    771
   816    771
   817    771
   818    771
   819    771
   820    771
   821    771
   822    771
   823    771
   824    771
   807    772
   808    772
   809    772
   810    772
   811    772
   812    772
   813    772
   814    772
   815    772
   816    772
   817    772
   818    772
   819    772
   820    772
   821    772
   805    773
   806    773
   807    773
   808    773
   809    773
   810    773
   811    773
   812    773
   813    773
   814    773
   815    773
   816    773
   817    773
   800    774
   801    774
   802    774
   803    774
   804    774
   805    774
   806    774
   807    774
   808    774
   809    774
   810    774
   811    774
   812    774
   813    774
   814    774
   797    775
   798    775
   799    775
   800    775
   801    775
   802    775
   803    775
   804    775
   805    775
   806    775
   807    775
   808    775
   809    775
   810    775
   811    775
   793    776
   794    776
   795    776
   796    776
   797    776
   798    776
   799    776
   800    776
   801    776
   802    776
   803    776
   804    776
   805    776
   806    776
   788    777
   789    777
   790    777
   791    777
   792    777
   793    777
   794    777
   795    777
   796    777
   797    777
   798    777
   799    777
   800    777
   801    777
   802    777
   783    778
   784    778
   785    778
   786    778
   787    778
   788    778
   789    778
   790    778
   791    778
   792    778
   793    778
   794    778
   795    778
   796    778
   797    778
   779    779
   780    779
   781    779
   782    779
   783    779
   784    779
   785    779
   786    779
   787    779
   788    779
   789    779
   790    779
   791    779
   792    779
   775    780
   776    780
   777    780
   778    780
   779    780
   780    780
   781    780
   782    780
   783    780
   784    780
   785    780
   786    780
   787    780
   796    780
   797    780
   798    780
   799    780
   771    781
   772    781
   773    781
   774    781
   775    781
   776    781
   777    781
   778    781
   779    781
   780    781
   781    781
   782    781
   783    781
   784    781
   786    781
   787    781
   788    781
   789    781
   790    781
   791    781
   792    781
   793    781
   794    781
   795    781
   796    781
   797    781
   798    781
   799    781
   767    782
   768    782
   769    782
   770    782
   771    782
   772    782
   773    782
   774    782
   775    782
   776    782
   777    782
   778    782
   779    782
   780    782
   781    782
   782    782
   783    782
   784    782
   785    782
   786    782
   787    782
   788    782
   789    782
   790    782
   791    782
   792    782
   793    782
   767    783
   768    783
   769    783
   770    783
   771    783
   772    783
   773    783
   774    783
   775    783
   776    783
   777    783
   778    783
   779    783
   780    783
   781    783
   782    783
   783    783
   767    784
   768    784
   769    784
   770    784
   771    784
   772    784
