   844    714
   848    714
   849    714
   850    714
   851    714
   854    714
   855    714
   856    714
   857    714
   858    714
   859    714
   860    714
   861    714
   862    714
   863    714
   864    714
   836    715
   837    715
   838    715
   839    715
   840    715
   841    715
   842    715
   843    715
   844    715
   845    715
   846    715
   847    715
   848    715
   855    715
   856    715
   857    715
   858    715
   859    715
   860    715
   861    715
   862    715
   863    715
   864    715
   865    715
   866    715
   867    715
   868    715
   869    715
   870    715
   871    715
   872    715
   873    715
   874    715
   875    715
   876    715
   877    715
   879    715
   880    715
   881    715
   882    715
   883    715
   884    715
   834    716
   835    716
   836    716
   837    716
   838    716
   839    716
   840    716
   841    716
   842    716
   843    716
   844    716
   845    716
   846    716
   847    716
   848    716
   849    716
   850    716
   851    716
   852    716
   853    716
   854    716
   855    716
   856    716
   857    716
   858    716
   859    716
   860    716
   861    716
   862    716
   863    716
   864    716
   865    716
   866    716
   867    716
   868    716
   869    716
   870    716
   871    716
   872    716
   873    716
   874    716
   875    716
   879    716
   880    716
   881    716
   882    716
   885    716
   886    716
   887    716
   888    716
   890    716
   891    716
   892    716
   893    716
   894    716
   895    716
   896    716
   897    716
   898    716
   899    716
   900    716
   901    716
   902    716
   903    716
   904    716
   905    716
   906    716
   907    716
   908    716
   909    716
   832    717
   833    717
   834    717
   835    717
   836    717
   837    717
   838    717
   839    717
   840    717
   841    717
   842    717
   843    717
   844    717
   845    717
   846    717
   847    717
   848    717
   849    717
   850    717
   851    717
   852    717
   853    717
   854    717
   855    717
   856    717
   857    717
   858    717
   859    717
   860    717
   861    717
   862    717
   863    717
   864    717
   865    717
   866    717
   867    717
   868    717
   869    717
   870    717
   871    717
   872    717
   873    717
   874    717
   885    717
   886    717
   887    717
   888    717
   889    717
   890    717
   891    717
   892    717
   893    717
   894    717
   895    717
   896    717
   897    717
   902    717
   903    717
   904    717
   905    717
   906    717
   907    717
   908    717
   910    717
   911    717
   912    717
   913    717
   914    717
   915    717
   916    717
   917    717
   918    717
   919    717
   920    717
   921    717
   922    717
   923    717
   924    717
   925    717
   926    717
   927    717
   928    717
   929    717
   930    717
   931    717
   932    717
   933    717
   934    717
   935    717
   936    717
   937    717
   831    718
   832    718
   833    718
   834    718
   835    718
   836    718
   837    718
   838    718
   839    718
   840    718
   841    718
   842    718
   843    718
   844    718
   845    718
   846    718
   847    718
   848    718
   849    718
   850    718
   851    718
   852    718
   853    718
   854    718
   855    718
   856    718
   857    718
   858    718
   859    718
   860    718
   861    718
   862    718
   863    718
   864    718
   865    718
   866    718
   867    718
   868    718
   869    718
   870    718
   871    718
   872    718
   873    718
   874    718
   885    718
   886    718
   887    718
   888    718
   889    718
   890    718
   891    718
   892    718
   893    718
   894    718
   895    718
   896    718
   901    718
   902    718
   903    718
   904    718
   905    718
   906    718
   907    718
   908    718
   909    718
   911    718
   912    718
   913    718
   914    718
   915    718
   916    718
   917    718
   918    718
   919    718
   920    718
   921    718
   922    718
   923    718
   924    718
   925    718
   926    718
   927    718
   928    718
   929    718
   930    718
   931    718
   932    718
   933    718
   934    718
   935    718
   936    718
   937    718
   938    718
   939    718
   940    718
   941    718
   942    718
   943    718
   944    718
   945    718
   946    718
   947    718
   948    718
   949    718
   950    718
   951    718
   955    718
   956    718
   957    718
   958    718
   959    718
   960    718
   961    718
   962    718
   963    718
   964    718
   965    718
   966    718
   967    718
   968    718
   969    718
   829    719
   830    719
   831    719
   832    719
   833    719
   834    719
   835    719
   836    719
   837    719
   838    719
   839    719
   840    719
   841    719
   842    719
   843    719
   844    719
   845    719
   846    719
   847    719
   848    719
   849    719
   850    719
   851    719
   852    719
   853    719
   854    719
   855    719
   856    719
   857    719
   858    719
   859    719
   860    719
   861    719
   862    719
   863    719
   864    719
   865    719
   866    719
   867    719
   868    719
   869    719
   870    719
   871    719
   872    719
   873    719
   874    719
   875    719
   881    719
   882    719
   883    719
   885    719
   886    719
   887    719
   888    719
   889    719
   890    719
   891    719
   892    719
   893    719
   894    719
   895    719
   896    719
   902    719
   903    719
   904    719
   905    719
   906    719
   907    719
   908    719
   912    719
   913    719
   914    719
   915    719
   916    719
   917    719
   918    719
   919    719
   920    719
   921    719
   922    719
   923    719
   924    719
   925    719
   926    719
   927    719
   928    719
   929    719
   930    719
   931    719
   932    719
   933    719
   934    719
   935    719
   936    719
   937    719
   938    719
   939    719
   940    719
   941    719
   942    719
   943    719
   944    719
   945    719
   946    719
   947    719
   948    719
   949    719
   950    719
   951    719
   952    719
   953    719
   957    719
   958    719
   959    719
   960    719
   961    719
   962    719
   963    719
   964    719
   965    719
   966    719
   967    719
   968    719
   992    719
   993    719
   994    719
   995    719
   996    719
   997    719
   998    719
   999    719
  1000    719
  1001    719
  1002    719
  1003    719
  1004    719
   827    720
   828    720
   829    720
   830    720
   831    720
   839    720
   840    720
   841    720
   842    720
   843    720
   844    720
   845    720
   846    720
   847    720
   848    720
   849    720
   850    720
   851    720
   852    720
   853    720
   854    720
   855    720
   856    720
   857    720
   858    720
   859    720
   860    720
   861    720
   862    720
   863    720
   864    720
   865    720
   866    720
   867    720
   868    720
   869    720
   870    720
   871    720
   872    720
   873    720
   874    720
   875    720
   876    720
   879    720
   880    720
   881    720
   882    720
   883    720
   884    720
   885    720
   886    720
   887    720
   888    720
   889    720
   890    720
   891    720
   892    720
   893    720
   894    720
   895    720
   896    720
   897    720
   898    720
   899    720
   900    720
   901    720
   902    720
   903    720
   904    720
   905    720
   906    720
   912    720
   913    720
   914    720
   915    720
   916    720
   917    720
   918    720
   919    720
   920    720
   921    720
   922    720
   923    720
   924    720
   925    720
   926    720
   927    720
   928    720
   929    720
   930    720
   931    720
   932    720
   933    720
   934    720
   935    720
   936    720
   937    720
   938    720
   939    720
   940    720
   941    720
   942    720
   943    720
   944    720
   945    720
   946    720
   947    720
   948    720
   949    720
   950    720
   951    720
   952    720
   953    720
   954    720
   955    720
   956    720
   957    720
   958    720
   959    720
   960    720
   961    720
   962    720
   963    720
   964    720
   965    720
   966    720
   967    720
   968    720
   969    720
   970    720
   971    720
   975    720
   976    720
   977    720
   978    720
   979    720
   980    720
   981    720
   982    720
   983    720
   984    720
   992    720
   993    720
   994    720
   995    720
   996    720
  1010    720
  1011    720
  1012    720
  1013    720
  1014    720
  1015    720
  1025    720
  1026    720
  1027    720
  1028    720
  1029    720
  1030    720
  1031    720
  1032    720
  1033    720
  1034    720
  1035    720
  1036    720
  1037    720
  1038    720
  1039    720
  1040    720
  1041    720
  1042    720
  1043    720
  1044    720
  1045    720
  1046    720
  1047    720
  1048    720
  1049    720
  1050    720
  1051    720
  1052    720
  1053    720
   826    721
   827    721
   828    721
   829    721
   830    721
   831    721
   832    721
   839    721
   840    721
   841    721
   842    721
   843    721
   844    721
   845    721
   846    721
   847    721
   851    721
   852    721
   853    721
   854    721
   855    721
   856    721
   857    721
   858    721
   859    721
   860    721
   866    721
   867    721
   868    721
   869    721
   870    721
   871    721
   872    721
   873    721
   874    721
   875    721
   876    721
   878    721
   879    721
   880    721
   881    721
   882    721
   883    721
   884    721
   885    721
   886    721
   887    721
   888    721
   889    721
   890    721
   891    721
   892    721
   893    721
   894    721
   895    721
   896    721
   897    721
   898    721
   899    721
   900    721
   901    721
   902    721
   903    721
   904    721
   905    721
   906    721
   910    721
   911    721
   912    721
   913    721
   914    721
   915    721
   916    721
   917    721
   918    721
   919    721
   920    721
   921    721
   922    721
   923    721
   924    721
   925    721
   926    721
   927    721
   928    721
   929    721
   930    721
   931    721
   932    721
   933    721
   934    721
   935    721
   936    721
   937    721
   938    721
   939    721
   940    721
   941    721
   942    721
   943    721
   944    721
   945    721
   946    721
   947    721
   948    721
   949    721
   950    721
   951    721
   952    721
   953    721
   954    721
   955    721
   956    721
   957    721
   958    721
   959    721
   960    721
   961    721
   962    721
   963    721
   964    721
   965    721
   966    721
   967    721
   968    721
   969    721
   970    721
   971    721
   972    721
   974    721
   975    721
   976    721
   977    721
   978    721
   979    721
   980    721
   981    721
   982    721
   983    721
   984    721
   991    721
   992    721
   993    721
   994    721
   995    721
   996    721
   997    721
   998    721
   999    721
  1000    721
  1007    721
  1008    721
  1009    721
  1010    721
  1011    721
  1012    721
  1013    721
  1014    721
  1015    721
  1016    721
  1017    721
  1023    721
  1024    721
  1025    721
  1026    721
  1027    721
  1028    721
  1029    721
  1039    721
  1040    721
  1041    721
  1042    721
  1043    721
  1044    721
  1045    721
  1046    721
  1047    721
  1048    721
  1049    721
  1050    721
  1051    721
  1053    721
  1055    721
  1080    721
  1081    721
  1083    721
  1084    721
  1085    721
  1086    721
  1087    721
  1088    721
  1089    721
  1090    721
  1091    721
  1093    721
  1094    721
  1095    721
  1102    721
  1103    721
  1104    721
  1105    721
  1106    721
  1107    721
  1108    721
  1109    721
  1110    721
  1111    721
  1112    721
  1126    721
  1127    721
  1128    721
   826    722
   827    722
   828    722
   829    722
   830    722
   831    722
   832    722
   860    722
   861    722
   862    722
   863    722
   864    722
   865    722
   866    722
   867    722
   868    722
   869    722
   870    722
   871    722
   872    722
   873    722
   874    722
   875    722
   876    722
   877    722
   878    722
   879    722
   880    722
   881    722
   882    722
   883    722
   884    722
   885    722
   886    722
   887    722
   888    722
   889    722
   890    722
   891    722
   892    722
   893    722
   894    722
   895    722
   896    722
   897    722
   898    722
   899    722
   900    722
   901    722
   902    722
   903    722
   904    722
   905    722
   906    722
   907    722
   908    722
   910    722
   911    722
   912    722
   913    722
   914    722
   915    722
   916    722
   917    722
   918    722
   919    722
   920    722
   921    722
   922    722
   923    722
   924    722
   925    722
   926    722
   927    722
   928    722
   929    722
   930    722
   931    722
   932    722
   933    722
   934    722
   935    722
   936    722
   937    722
   938    722
   939    722
   940    722
   941    722
   942    722
   943    722
   944    722
   945    722
   946    722
   947    722
   948    722
   949    722
   950    722
   951    722
   952    722
   953    722
   954    722
   955    722
   956    722
   957    722
   958    722
   959    722
   960    722
   961    722
   962    722
   963    722
   964    722
   965    722
   966    722
   967    722
   968    722
   969    722
   970    722
   971    722
   972    722
   973    722
   974    722
   975    722
   976    722
   977    722
   978    722
   979    722
   980    722
   981    722
   982    722
   983    722
   984    722
   990    722
   991    722
   992    722
   993    722
   994    722
   995    722
   996    722
   997    722
   998    722
   999    722
  1000    722
  1001    722
  1002    722
  1007    722
  1008    722
  1009    722
  1010    722
  1011    722
  1012    722
  1013    722
  1014    722
  1015    722
  1016    722
  1017    722
  1018    722
  1019    722
  1020    722
  1021    722
  1022    722
  1023    722
  1024    722
  1025    722
  1026    722
  1027    722
  1028    722
  1029    722
  1030    722
  1033    722
  1034    722
  1035    722
  1036    722
  1037    722
  1038    722
  1039    722
  1040    722
  1041    722
  1042    722
  1043    722
  1044    722
  1045    722
  1046    722
  1047    722
  1048    722
  1049    722
  1050    722
  1051    722
  1052    722
  1053    722
  1054    722
  1055    722
  1056    722
  1063    722
  1064    722
  1065    722
  1066    722
  1067    722
  1068    722
  1069    722
  1078    722
  1079    722
  1080    722
  1081    722
  1082    722
  1083    722
  1084    722
  1085    722
  1104    722
  1105    722
  1106    722
  1107    722
  1108    722
  1109    722
  1110    722
  1113    722
  1114    722
  1115    722
  1116    722
  1117    722
  1147    722
  1148    722
  1149    722
  1150    722
  1151    722
  1152    722
  1153    722
  1154    722
  1155    722
  1156    722
  1157    722
  1158    722
  1159    722
  1160    722
  1161    722
  1164    722
  1165    722
  1166    722
  1167    722
  1168    722
  1169    722
   830    723
   831    723
   832    723
   833    723
   834    723
   835    723
   836    723
   837    723
   878    723
   879    723
   880    723
   881    723
   882    723
   883    723
   884    723
   885    723
   886    723
   887    723
   888    723
   889    723
   890    723
   891    723
   892    723
   893    723
   894    723
   895    723
   896    723
   897    723
   898    723
   899    723
   900    723
   901    723
   902    723
   903    723
   904    723
   905    723
   906    723
   907    723
   908    723
   910    723
   911    723
   912    723
   913    723
   914    723
   915    723
   916    723
   917    723
   918    723
   919    723
   920    723
   921    723
   922    723
   923    723
   924    723
   925    723
   926    723
   927    723
   928    723
   929    723
   930    723
   931    723
   932    723
   933    723
   934    723
   935    723
   936    723
   937    723
   938    723
   939    723
   940    723
   941    723
   942    723
   943    723
   944    723
   945    723
   946    723
   947    723
   948    723
   949    723
   950    723
   951    723
   952    723
   953    723
   954    723
   955    723
   956    723
   957    723
   958    723
   959    723
   960    723
   961    723
   962    723
   963    723
   964    723
   965    723
   966    723
   967    723
   968    723
   969    723
   970    723
   971    723
   972    723
   973    723
   974    723
   975    723
   976    723
   977    723
   978    723
   979    723
   980    723
   981    723
   982    723
   983    723
   984    723
   990    723
   991    723
   992    723
   993    723
   994    723
   995    723
   996    723
   997    723
   998    723
   999    723
  1000    723
  1001    723
  1002    723
  1007    723
  1008    723
  1009    723
  1010    723
  1011    723
  1012    723
  1013    723
  1014    723
  1015    723
  1016    723
  1017    723
  1018    723
  1019    723
  1020    723
  1021    723
  1022    723
  1023    723
  1024    723
  1025    723
  1026    723
  1027    723
  1028    723
  1029    723
  1030    723
  1033    723
  1034    723
  1035    723
  1036    723
  1037    723
  1038    723
  1039    723
  1040    723
  1041    723
  1042    723
  1043    723
  1044    723
  1045    723
  1046    723
  1047    723
  1048    723
  1049    723
  1050    723
  1051    723
  1052    723
  1053    723
  1054    723
  1055    723
  1056    723
  1057    723
  1058    723
  1059    723
  1060    723
  1061    723
  1062    723
  1063    723
  1064    723
  1065    723
  1066    723
  1067    723
  1068    723
  1069    723
  1070    723
  1071    723
  1072    723
  1075    723
  1076    723
  1077    723
  1078    723
  1079    723
  1080    723
  1081    723
  1082    723
  1083    723
  1084    723
  1085    723
  1086    723
  1087    723
  1088    723
  1089    723
  1090    723
  1091    723
  1092    723
  1093    723
  1094    723
  1095    723
  1098    723
  1099    723
  1100    723
  1101    723
  1102    723
  1103    723
  1104    723
  1105    723
  1106    723
  1107    723
  1108    723
  1109    723
  1110    723
  1111    723
  1112    723
  1113    723
  1114    723
  1115    723
  1116    723
  1117    723
  1118    723
  1119    723
  1120    723
  1121    723
  1122    723
  1123    723
  1124    723
  1125    723
  1126    723
  1127    723
  1128    723
  1129    723
  1130    723
  1131    723
  1132    723
  1133    723
  1134    723
  1135    723
  1136    723
  1137    723
  1138    723
  1139    723
  1140    723
  1141    723
  1142    723
  1147    723
  1151    723
  1152    723
  1153    723
  1154    723
  1155    723
  1156    723
  1157    723
  1158    723
   821    724
   822    724
   823    724
   824    724
   825    724
   826    724
   827    724
   828    724
   837    724
   838    724
   839    724
   840    724
   841    724
   885    724
   886    724
   887    724
   888    724
   894    724
   895    724
   896    724
   897    724
   898    724
   899    724
   900    724
   901    724
   902    724
   903    724
   904    724
   905    724
   906    724
   907    724
   908    724
   910    724
   911    724
   912    724
   913    724
   914    724
   915    724
   916    724
   917    724
   918    724
   919    724
   920    724
   921    724
   922    724
   923    724
   924    724
   925    724
   926    724
   927    724
   928    724
   929    724
   930    724
   931    724
   932    724
   933    724
   934    724
   935    724
   936    724
   937    724
   938    724
   939    724
   940    724
   941    724
   942    724
   943    724
   944    724
   945    724
   946    724
   947    724
   948    724
   949    724
   950    724
   951    724
   952    724
   953    724
   954    724
   955    724
   956    724
   957    724
   958    724
   959    724
   960    724
   961    724
   962    724
   963    724
   964    724
   965    724
   966    724
   967    724
   968    724
   969    724
   970    724
   971    724
   972    724
   973    724
   974    724
   975    724
   976    724
   977    724
   978    724
   979    724
   980    724
   981    724
   982    724
   983    724
   984    724
   985    724
   991    724
   992    724
   993    724
   994    724
   995    724
   996    724
   997    724
   998    724
   999    724
  1000    724
  1001    724
  1007    724
  1008    724
  1009    724
  1010    724
  1011    724
  1012    724
  1013    724
  1014    724
  1015    724
  1016    724
  1017    724
  1018    724
  1019    724
  1020    724
  1021    724
  1022    724
  1023    724
  1024    724
  1025    724
  1026    724
  1027    724
  1028    724
  1029    724
  1030    724
  1033    724
  1034    724
  1035    724
  1036    724
  1037    724
  1038    724
  1039    724
  1040    724
  1041    724
  1042    724
  1043    724
  1044    724
  1045    724
  1046    724
  1047    724
  1048    724
  1049    724
  1050    724
  1051    724
  1052    724
  1053    724
  1054    724
  1055    724
  1056    724
  1057    724
  1058    724
  1059    724
  1060    724
  1061    724
  1062    724
  1063    724
  1064    724
  1065    724
  1066    724
  1067    724
  1068    724
  1069    724
  1070    724
  1071    724
  1072    724
  1073    724
  1074    724
  1075    724
  1076    724
  1077    724
  1078    724
  1079    724
  1080    724
  1081    724
  1082    724
  1083    724
  1084    724
  1085    724
  1086    724
  1087    724
  1088    724
  1089    724
  1090    724
  1091    724
  1092    724
  1093    724
  1094    724
  1095    724
  1096    724
  1097    724
  1098    724
  1099    724
  1100    724
  1101    724
  1102    724
  1103    724
  1104    724
  1105    724
  1106    724
  1107    724
  1108    724
  1109    724
  1110    724
  1111    724
  1112    724
  1113    724
  1114    724
  1115    724
  1116    724
  1117    724
  1118    724
  1119    724
  1120    724
  1121    724
  1122    724
  1123    724
  1124    724
  1125    724
  1126    724
  1127    724
  1128    724
  1129    724
  1130    724
  1131    724
  1132    724
  1133    724
  1134    724
  1135    724
  1136    724
  1137    724
  1138    724
  1139    724
  1140    724
  1150    724
  1151    724
  1152    724
  1153    724
  1154    724
   823    725
   824    725
   825    725
   826    725
   827    725
   828    725
   829    725
   830    725
   831    725
   832    725
   833    725
   834    725
   890    725
   891    725
   892    725
   893    725
   904    725
   905    725
   912    725
   913    725
   914    725
   915    725
   916    725
   925    725
   926    725
   927    725
   928    725
   929    725
   930    725
   931    725
   932    725
   933    725
   934    725
   935    725
   936    725
   943    725
   944    725
   945    725
   946    725
   947    725
   948    725
   949    725
   950    725
   951    725
   952    725
   953    725
   954    725
   955    725
   956    725
   957    725
   958    725
   959    725
   960    725
   961    725
   962    725
   963    725
   964    725
   965    725
   966    725
   967    725
   968    725
   969    725
   970    725
   971    725
   972    725
   973    725
   974    725
   975    725
   976    725
   977    725
   978    725
   979    725
   980    725
   981    725
   982    725
   983    725
   984    725
   985    725
   991    725
   992    725
   993    725
   994    725
   995    725
   996    725
   997    725
   998    725
   999    725
  1000    725
  1001    725
  1002    725
  1003    725
  1006    725
  1007    725
  1008    725
  1009    725
  1010    725
  1011    725
  1012    725
  1013    725
  1014    725
  1015    725
  1016    725
  1017    725
  1018    725
  1019    725
  1020    725
  1021    725
  1022    725
  1023    725
  1024    725
  1025    725
  1026    725
  1027    725
  1028    725
  1029    725
  1030    725
  1031    725
  1033    725
  1034    725
  1035    725
  1036    725
  1037    725
  1038    725
  1039    725
  1040    725
  1041    725
  1042    725
  1043    725
  1044    725
  1045    725
  1046    725
  1047    725
  1048    725
  1049    725
  1050    725
  1051    725
  1052    725
  1053    725
  1054    725
  1055    725
  1056    725
  1057    725
  1058    725
  1059    725
  1060    725
  1061    725
  1062    725
  1063    725
  1064    725
  1065    725
  1066    725
  1067    725
  1068    725
  1069    725
  1070    725
  1071    725
  1072    725
  1073    725
  1074    725
  1075    725
  1076    725
  1077    725
  1078    725
  1079    725
  1080    725
  1081    725
  1082    725
  1083    725
  1084    725
  1085    725
  1086    725
  1087    725
  1088    725
  1089    725
  1090    725
  1091    725
  1092    725
  1093    725
  1094    725
  1095    725
  1096    725
  1097    725
  1098    725
  1099    725
  1100    725
  1101    725
  1102    725
  1103    725
  1104    725
  1105    725
  1106    725
  1107    725
  1108    725
  1109    725
  1110    725
  1111    725
  1112    725
  1113    725
  1114    725
  1115    725
  1116    725
  1117    725
  1118    725
  1119    725
  1120    725
  1121    725
  1122    725
  1123    725
  1124    725
  1125    725
  1126    725
  1127    725
  1128    725
  1129    725
  1130    725
  1131    725
  1132    725
  1133    725
  1134    725
  1135    725
  1136    725
  1137    725
  1138    725
  1139    725
  1140    725
  1141    725
   827    726
   828    726
   829    726
   830    726
   831    726
   832    726
   833    726
   834    726
   835    726
   836    726
   837    726
   846    726
   847    726
   848    726
   849    726
   850    726
   851    726
   911    726
   912    726
   913    726
   914    726
   915    726
   945    726
   946    726
   947    726
   948    726
   949    726
   952    726
   953    726
   954    726
   955    726
   956    726
   957    726
   958    726
   959    726
   960    726
   961    726
   962    726
   963    726
   964    726
   965    726
   966    726
   967    726
   968    726
   969    726
   970    726
   971    726
   972    726
   973    726
   974    726
   975    726
   976    726
   977    726
   978    726
   979    726
   980    726
   981    726
   982    726
   983    726
   984    726
   991    726
   992    726
   993    726
   994    726
   995    726
   996    726
   997    726
   998    726
   999    726
  1000    726
  1001    726
  1002    726
  1003    726
  1004    726
  1006    726
  1007    726
  1008    726
  1009    726
  1010    726
  1011    726
  1012    726
  1013    726
  1014    726
  1015    726
  1016    726
  1017    726
  1018    726
  1019    726
  1020    726
  1021    726
  1022    726
  1023    726
  1024    726
  1025    726
  1026    726
  1027    726
  1028    726
  1029    726
  1030    726
  1038    726
  1039    726
  1040    726
  1041    726
  1042    726
  1043    726
  1044    726
  1045    726
  1046    726
  1047    726
  1048    726
  1049    726
  1050    726
  1051    726
  1052    726
  1053    726
  1054    726
  1055    726
  1056    726
  1057    726
  1058    726
  1059    726
  1060    726
  1061    726
  1062    726
  1063    726
  1064    726
  1065    726
  1066    726
  1067    726
  1068    726
  1070    726
  1071    726
  1072    726
  1073    726
  1074    726
  1075    726
  1076    726
  1077    726
  1078    726
  1079    726
  1080    726
  1081    726
  1082    726
  1083    726
  1084    726
  1085    726
  1086    726
  1087    726
  1088    726
  1089    726
  1090    726
  1091    726
  1092    726
  1093    726
  1094    726
  1095    726
  1096    726
  1097    726
  1098    726
  1099    726
  1100    726
  1101    726
  1102    726
  1103    726
  1104    726
  1105    726
  1106    726
  1107    726
  1108    726
  1109    726
  1110    726
  1111    726
  1112    726
  1113    726
  1114    726
  1115    726
  1116    726
  1117    726
  1118    726
  1119    726
  1120    726
  1121    726
  1122    726
  1123    726
  1124    726
  1125    726
  1126    726
  1127    726
  1128    726
  1129    726
  1130    726
  1131    726
  1132    726
  1133    726
  1134    726
  1135    726
  1136    726
  1137    726
  1138    726
  1139    726
  1140    726
  1141    726
   825    727
   826    727
   827    727
   828    727
   831    727
   832    727
   833    727
   834    727
   835    727
   836    727
   837    727
   838    727
   839    727
   840    727
   846    727
   847    727
   848    727
   849    727
   850    727
   851    727
   852    727
   946    727
   947    727
   948    727
   949    727
   950    727
   951    727
   952    727
   953    727
   954    727
   955    727
   964    727
   965    727
   966    727
   967    727
   970    727
   971    727
   972    727
   973    727
   974    727
   975    727
   976    727
   977    727
   978    727
   979    727
   980    727
   991    727
   992    727
   993    727
   994    727
   995    727
   996    727
   997    727
   998    727
   999    727
  1000    727
  1001    727
  1002    727
  1003    727
  1004    727
  1005    727
  1006    727
  1007    727
  1008    727
  1009    727
  1010    727
  1011    727
  1012    727
  1013    727
  1014    727
  1015    727
  1016    727
  1017    727
  1018    727
  1019    727
  1020    727
  1021    727
  1022    727
  1023    727
  1024    727
  1025    727
  1026    727
  1027    727
  1028    727
  1029    727
  1030    727
  1031    727
  1037    727
  1038    727
  1039    727
  1040    727
  1041    727
  1042    727
  1043    727
  1044    727
  1045    727
  1046    727
  1047    727
  1048    727
  1049    727
  1050    727
  1051    727
  1052    727
  1053    727
  1054    727
  1055    727
  1056    727
  1057    727
  1058    727
  1059    727
  1060    727
  1061    727
  1062    727
  1063    727
  1064    727
  1065    727
  1066    727
  1067    727
  1068    727
  1069    727
  1070    727
  1071    727
  1072    727
  1073    727
  1074    727
  1075    727
  1076    727
  1077    727
  1078    727
  1079    727
  1080    727
  1081    727
  1082    727
  1083    727
  1084    727
  1085    727
  1086    727
  1087    727
  1088    727
  1089    727
  1090    727
  1091    727
  1092    727
  1093    727
  1094    727
  1095    727
  1096    727
  1097    727
  1098    727
  1099    727
  1100    727
  1101    727
  1102    727
  1103    727
  1104    727
  1105    727
  1106    727
  1107    727
  1108    727
  1109    727
  1110    727
  1111    727
  1112    727
  1113    727
  1114    727
  1115    727
  1116    727
  1117    727
  1118    727
  1119    727
  1120    727
  1121    727
  1122    727
  1123    727
  1124    727
  1125    727
  1126    727
  1127    727
  1128    727
  1129    727
  1130    727
  1131    727
  1132    727
  1133    727
  1134    727
  1135    727
  1136    727
  1137    727
  1138    727
  1139    727
  1140    727
  1141    727
   832    728
   833    728
   834    728
   835    728
   836    728
   837    728
   838    728
   839    728
   840    728
   841    728
   842    728
   843    728
   849    728
   850    728
   851    728
   942    728
   943    728
   944    728
   972    728
   973    728
   976    728
   977    728
   978    728
   979    728
   980    728
   981    728
   982    728
   991    728
   992    728
   993    728
   994    728
   995    728
   996    728
   997    728
   998    728
   999    728
  1000    728
  1001    728
  1002    728
  1003    728
  1004    728
  1005    728
  1006    728
  1007    728
  1008    728
  1009    728
  1010    728
  1011    728
  1012    728
  1013    728
  1014    728
  1015    728
  1016    728
  1017    728
  1018    728
  1019    728
  1020    728
  1021    728
  1022    728
  1023    728
  1024    728
  1025    728
  1026    728
  1027    728
  1028    728
  1029    728
  1030    728
  1038    728
  1039    728
  1040    728
  1041    728
  1042    728
  1043    728
  1044    728
  1045    728
  1046    728
  1047    728
  1048    728
  1049    728
  1050    728
  1051    728
  1052    728
  1053    728
  1054    728
  1055    728
  1056    728
  1057    728
  1058    728
  1059    728
  1060    728
  1061    728
  1062    728
  1063    728
  1064    728
  1065    728
  1066    728
  1067    728
  1068    728
  1072    728
  1073    728
  1074    728
  1075    728
  1076    728
  1077    728
  1078    728
  1079    728
  1080    728
  1081    728
  1082    728
  1083    728
  1084    728
  1085    728
  1086    728
  1087    728
  1088    728
  1089    728
  1090    728
  1091    728
  1092    728
  1093    728
  1094    728
  1095    728
  1096    728
  1097    728
  1098    728
  1099    728
  1100    728
  1101    728
  1102    728
  1103    728
  1104    728
  1106    728
  1107    728
  1108    728
  1109    728
  1110    728
  1111    728
  1112    728
  1113    728
  1114    728
  1115    728
  1116    728
  1117    728
  1118    728
  1119    728
  1120    728
  1121    728
  1122    728
  1123    728
  1124    728
  1125    728
  1126    728
  1127    728
  1128    728
  1129    728
  1130    728
  1131    728
  1132    728
  1133    728
  1134    728
  1135    728
  1136    728
  1137    728
  1138    728
  1139    728
  1140    728
  1141    728
   837    729
   838    729
   839    729
   840    729
   841    729
   842    729
   843    729
   844    729
   845    729
   846    729
   847    729
   977    729
   978    729
   979    729
   980    729
   981    729
   982    729
   983    729
   984    729
   992    729
   993    729
   994    729
   995    729
   996    729
   997    729
   998    729
   999    729
  1000    729
  1001    729
  1002    729
  1003    729
  1004    729
  1005    729
  1006    729
  1007    729
  1008    729
  1009    729
  1010    729
  1011    729
  1012    729
  1013    729
  1014    729
  1015    729
  1016    729
  1017    729
  1018    729
  1019    729
  1020    729
  1021    729
  1022    729
  1023    729
  1024    729
  1025    729
  1026    729
  1027    729
  1028    729
  1029    729
  1030    729
  1039    729
  1040    729
  1041    729
  1042    729
  1043    729
  1044    729
  1045    729
  1046    729
  1047    729
  1048    729
  1049    729
  1050    729
  1051    729
  1052    729
  1053    729
  1054    729
  1055    729
  1056    729
  1057    729
  1058    729
  1059    729
  1060    729
  1061    729
  1062    729
  1063    729
  1064    729
  1065    729
  1066    729
  1067    729
  1068    729
  1071    729
  1072    729
  1073    729
  1074    729
  1075    729
  1076    729
  1077    729
  1078    729
  1079    729
  1080    729
  1081    729
  1082    729
  1083    729
  1084    729
  1085    729
  1086    729
  1087    729
  1088    729
  1089    729
  1090    729
  1091    729
  1092    729
  1093    729
  1094    729
  1095    729
  1096    729
  1097    729
  1098    729
  1099    729
  1100    729
  1101    729
  1102    729
  1103    729
  1104    729
  1109    729
  1110    729
  1111    729
  1112    729
  1113    729
  1114    729
  1115    729
  1116    729
  1117    729
  1118    729
  1119    729
  1120    729
  1121    729
  1122    729
  1123    729
  1124    729
  1125    729
  1126    729
  1127    729
  1128    729
  1129    729
  1130    729
  1131    729
  1132    729
  1133    729
  1134    729
  1135    729
  1136    729
  1137    729
  1138    729
  1139    729
  1140    729
  1148    729
  1149    729
  1150    729
   839    730
   840    730
   841    730
   842    730
   843    730
   844    730
   845    730
   846    730
   847    730
   848    730
   849    730
   850    730
   851    730
   979    730
   980    730
   981    730
   982    730
   983    730
   984    730
  1007    730
  1008    730
  1009    730
  1010    730
  1019    730
  1020    730
  1021    730
  1022    730
  1023    730
  1024    730
  1025    730
  1026    730
  1027    730
  1028    730
  1029    730
  1039    730
  1040    730
  1041    730
  1042    730
  1043    730
  1044    730
  1045    730
  1046    730
  1047    730
  1048    730
  1049    730
  1050    730
  1051    730
  1052    730
  1053    730
  1054    730
  1055    730
  1056    730
  1071    730
  1072    730
  1073    730
  1074    730
  1075    730
  1076    730
  1077    730
  1078    730
  1079    730
  1080    730
  1081    730
  1082    730
  1083    730
  1084    730
  1085    730
  1086    730
  1087    730
  1088    730
  1089    730
  1090    730
  1091    730
  1092    730
  1093    730
  1094    730
  1095    730
  1096    730
  1100    730
  1101    730
  1102    730
  1103    730
  1104    730
  1110    730
  1111    730
  1112    730
  1113    730
  1114    730
  1115    730
  1116    730
  1117    730
  1118    730
  1119    730
  1120    730
  1121    730
  1122    730
  1123    730
  1124    730
  1125    730
  1126    730
  1127    730
  1128    730
  1129    730
  1130    730
  1131    730
  1132    730
  1133    730
  1134    730
  1135    730
  1136    730
  1137    730
   842    731
   843    731
   844    731
   845    731
   846    731
   847    731
   848    731
   849    731
   850    731
   851    731
   852    731
   982    731
  1012    731
  1013    731
  1014    731
  1015    731
  1016    731
  1017    731
  1018    731
  1024    731
  1025    731
  1026    731
  1027    731
  1028    731
  1029    731
  1030    731
  1040    731
  1041    731
  1042    731
  1043    731
  1044    731
  1045    731
  1046    731
  1047    731
  1048    731
  1049    731
  1050    731
  1051    731
  1052    731
  1053    731
  1054    731
  1055    731
  1071    731
  1072    731
  1073    731
  1074    731
  1075    731
  1076    731
  1077    731
  1078    731
  1079    731
  1080    731
  1085    731
  1086    731
  1087    731
  1111    731
  1112    731
  1113    731
  1121    731
  1125    731
  1126    731
  1127    731
  1128    731
  1129    731
  1130    731
  1131    731
  1132    731
  1133    731
  1134    731
  1135    731
  1136    731
  1137    731
  1138    731
  1139    731
  1140    731
  1141    731
  1146    731
  1147    731
  1148    731
  1149    731
  1151    731
   831    732
   832    732
   833    732
   847    732
   848    732
   849    732
   850    732
   851    732
   852    732
   853    732
   854    732
   855    732
   856    732
  1027    732
  1028    732
  1029    732
  1030    732
  1042    732
  1043    732
  1044    732
  1082    732
  1083    732
  1084    732
  1109    732
  1110    732
  1111    732
  1112    732
  1113    732
  1114    732
  1115    732
  1116    732
  1117    732
  1118    732
  1119    732
  1120    732
  1122    732
  1123    732
  1124    732
  1125    732
  1129    732
  1130    732
  1131    732
   847    733
   848    733
   849    733
   850    733
   851    733
   852    733
   853    733
   854    733
   855    733
   856    733
   857    733
   858    733
  1049    733
  1050    733
  1051    733
  1116    733
  1117    733
  1118    733
  1123    733
  1124    733
  1125    733
  1126    733
  1127    733
  1128    733
   847    734
   848    734
   849    734
   850    734
   851    734
   852    734
   853    734
   854    734
   855    734
   856    734
   857    734
   858    734
   859    734
   860    734
  1086    734
  1087    734
  1088    734
   849    735
   850    735
   851    735
   852    735
   853    735
   854    735
   855    735
   856    735
   857    735
   858    735
   859    735
   860    735
   861    735
   854    736
   855    736
   856    736
   857    736
   858    736
   859    736
   860    736
   861    736
   862    736
   863    736
   864    736
   865    736
   866    736
   855    737
   856    737
   857    737
   858    737
   859    737
   860    737
   861    737
   862    737
   863    737
   864    737
   865    737
   866    737
   867    737
   857    738
   858    738
   859    738
   860    738
   861    738
   862    738
   863    738
   864    738
   865    738
   866    738
   858    739
   859    739
   860    739
   861    739
   862    739
   863    739
   864    739
   865    739
   866    739
   867    739
   859    740
   860    740
   861    740
   862    740
   863    740
   864    740
   865    740
   866    740
   867    740
   868    740
   860    741
   861    741
   862    741
   863    741
   864    741
   865    741
   866    741
   867    741
   868    741
   869    741
   857    742
   858    742
   859    742
   860    742
   861    742
   862    742
   863    742
   864    742
   865    742
   866    742
   867    742
   868    742
   869    742
   870    742
   858    743
   859    743
   860    743
   861    743
   862    743
   863    743
   864    743
   865    743
   866    743
   867    743
   868    743
   869    743
   870    743
   859    744
   860    744
   861    744
   862    744
   863    744
   864    744
   865    744
   866    744
   867    744
   868    744
   869    744
   870    744
   862    745
   863    745
   864    745
   865    745
   866    745
   867    745
   868    745
   869    745
   870    745
   860    746
   861    746
   862    746
   863    746
   864    746
   865    746
   866    746
   867    746
   868    746
   869    746
   870    746
   871    746
   859    747
   860    747
   861    747
   862    747
   863    747
   864    747
   865    747
   866    747
   867    747
   868    747
   869    747
   870    747
   871    747
   859    748
   860    748
   861    748
   862    748
   863    748
   864    748
   865    748
   866    748
   867    748
   868    748
   869    748
   870    748
   859    749
   860    749
   861    749
   862    749
   863    749
   864    749
   865    749
   866    749
   867    749
   868    749
   869    749
   870    749
   871    749
   861    750
   862    750
   863    750
   864    750
   865    750
   866    750
   867    750
   868    750
   869    750
   870    750
   857    751
   858    751
   859    751
   860    751
   861    751
   862    751
   863    751
   864    751
   865    751
   866    751
   867    751
   868    751
   869    751
   870    751
   859    752
   860    752
   861    752
   862    752
   863    752
   864    752
   865    752
   866    752
   867    752
   868    752
   869    752
   853    753
   854    753
   855    753
   856    753
   857    753
   858    753
   859    753
   860    753
   861    753
   862    753
   863    753
   864    753
   865    753
   866    753
   867    753
   868    753
   854    754
   855    754
   856    754
   857    754
   858    754
   859    754
   860    754
   861    754
   862    754
   863    754
   864    754
   865    754
   866    754
   867    754
   856    755
   857    755
   858    755
   859    755
   860    755
   861    755
   862    755
   863    755
   864    755
   865    755
   855    756
   856    756
   857    756
   858    756
   859    756
   860    756
   861    756
   862    756
   863    756
   864    756
   852    757
   853    757
   854    757
   855    757
   856    757
   857    757
   858    757
   859    757
   860    757
   861    757
   862    757
   850    758
   851    758
   852    758
   853    758
   854    758
   855    758
   856    758
   857    758
   858    758
   859    758
   847    759
   848    759
   849    759
   850    759
   851    759
   852    759
   853    759
   854    759
   855    759
   856    759
   857    759
   844    760
   845    760
   846    760
   847    760
   848    760
   849    760
   850    760
   851    760
   852    760
   853    760
   854    760
   855    760
   856    760
   841    761
   842    761
   843    761
   844    761
   845    761
   846    761
   847    761
   848    761
   849    761
   850    761
   851    761
   852    761
   853    761
   838    762
   839    762
   840    762
   841    762
   842    762
   843    762
   844    762
   845    762
   846    762
   847    762
   848    762
   849    762
   850    762
   836    763
   837    763
   838    763
   839    763
   840    763
   841    763
   842    763
   843    763
   844    763
   845    763
   846    763
   847    763
   833    764
   834    764
   835    764
   836    764
   837    764
   838    764
   839    764
   840    764
   841    764
   842    764
   843    764
   844    764
   845    764
   831    765
   832    765
   833    765
   834    765
   835    765
   836    765
   837    765
   838    765
   839    765
   840    765
   841    765
   842    765
   827    766
   828    766
   829    766
   830    766
   831    766
   832    766
   833    766
   834    766
   835    766
   836    766
   837    766
   838    766
   839    766
   840    766
   825    767
   826    767
   827    767
   828    767
   829    767
   830    767
   831    767
   832    767
   833    767
   834    767
   835    767
   836    767
   837    767
   838    767
   819    768
   820    768
   821    768
   822    768
   823    768
   824    768
   825    768
   826    768
   827    768
   828    768
   829    768
   830    768
   831    768
   832    768
   833    768
   816    769
   817    769
   818    769
   819    769
   820    769
   821    769
   822    769
   823    769
   824    769
   825    769
   826    769
   827    769
   828    769
   829    769
   830    769
   813    770
   814    770
   815    770
   816    770
   817    770
   818    770
   819    770
   820    770
   821    770
   822    770
   823    770
   824    770
   825    770
   826    770
   827    770
   809    771
   810    771
   811    771
   812    771
   813    771
   814    771
   815    771
   816    771
   817    771
   818    771
   819    771
   820    771
   821    771
   822    771
   823    771
   824    771
   805    772
   806    772
   807    772
   808    772
   809    772
   810    772
   811    772
   812    772
   813    772
   814    772
   815    772
   816    772
   817    772
   818    772
   819    772
   802    773
   803    773
   804    773
   805    773
   806    773
   807    773
   808    773
   809    773
   810    773
   811    773
   812    773
   813    773
   814    773
   799    774
   800    774
   801    774
   802    774
   803    774
   804    774
   805    774
   806    774
   807    774
   808    774
   809    774
   810    774
   815    774
   816    774
   817    774
   818    774
   819    774
   820    774
   821    774
   822    774
   823    774
   795    775
   796    775
   797    775
   798    775
   799    775
   800    775
   801    775
   802    775
   803    775
   804    775
   805    775
   806    775
   807    775
   808    775
   809    775
   810    775
   811    775
   812    775
   813    775
   792    776
   793    776
   794    776
   795    776
   796    776
   797    776
   798    776
   799    776
   800    776
   801    776
   802    776
   803    776
   804    776
   805    776
   806    776
   807    776
   808    776
   809    776
   810    776
   811    776
   795    777
   796    777
   797    777
   798    777
   799    777
   803    777
   804    777
   805    777
   806    777
   807    777
   808    777
   809    777
   804    778
   805    778
   806    778
   807    778
   808    778
