  1658    706
  1659    706
  1660    706
  1661    706
  1662    706
  1663    706
  1664    706
  1645    707
  1646    707
  1647    707
  1648    707
  1649    707
  1650    707
  1651    707
  1652    707
  1653    707
  1654    707
  1655    707
  1656    707
  1657    707
  1658    707
  1630    708
  1631    708
  1632    708
  1633    708
  1634    708
  1635    708
  1636    708
  1637    708
  1638    708
  1639    708
  1640    708
  1641    708
  1642    708
  1643    708
  1644    708
  1645    708
  1646    708
  1647    708
  1648    708
  1649    708
  1651    708
  1613    709
  1614    709
  1615    709
  1616    709
  1617    709
  1618    709
  1619    709
  1620    709
  1621    709
  1622    709
  1623    709
  1624    709
  1625    709
  1626    709
  1627    709
  1628    709
  1629    709
  1630    709
  1631    709
  1632    709
  1598    710
  1599    710
  1600    710
  1601    710
  1602    710
  1603    710
  1604    710
  1605    710
  1606    710
  1607    710
  1608    710
  1609    710
  1610    710
  1611    710
  1612    710
  1613    710
  1614    710
  1615    710
  1616    710
  1617    710
  1618    710
  1619    710
  1620    710
  1581    711
  1582    711
  1583    711
  1584    711
  1585    711
  1586    711
  1587    711
  1588    711
  1589    711
  1590    711
  1591    711
  1593    711
  1594    711
  1595    711
  1596    711
  1597    711
  1598    711
  1599    711
  1600    711
  1601    711
  1602    711
  1603    711
  1604    711
  1605    711
  1606    711
  1571    712
  1572    712
  1573    712
  1574    712
  1575    712
  1576    712
  1577    712
  1578    712
  1582    712
  1583    712
  1584    712
  1585    712
  1586    712
  1587    712
  1588    712
  1589    712
  1590    712
  1591    712
  1548    713
  1549    713
  1550    713
  1551    713
  1552    713
  1553    713
  1554    713
  1555    713
  1556    713
  1557    713
  1558    713
  1559    713
  1560    713
  1561    713
  1562    713
  1563    713
  1564    713
  1565    713
  1566    713
  1567    713
  1568    713
  1569    713
  1570    713
  1571    713
  1572    713
  1573    713
  1574    713
  1575    713
  1576    713
  1577    713
  1584    713
  1585    713
   838    714
   841    714
   842    714
   843    714
   844    714
   845    714
   846    714
   847    714
   848    714
   849    714
   850    714
   851    714
   852    714
   853    714
   854    714
   855    714
   856    714
  1535    714
  1536    714
  1537    714
  1538    714
  1539    714
  1540    714
  1541    714
  1542    714
  1543    714
  1544    714
  1545    714
  1546    714
  1547    714
  1548    714
  1549    714
  1555    714
   836    715
   837    715
   838    715
   839    715
   840    715
   841    715
   842    715
   843    715
   844    715
   845    715
   846    715
   847    715
   848    715
   849    715
   850    715
   851    715
   852    715
   853    715
   854    715
   855    715
   858    715
   859    715
   860    715
   861    715
   862    715
   863    715
   864    715
   865    715
   866    715
   867    715
   868    715
   869    715
   870    715
   871    715
   872    715
   873    715
   874    715
   875    715
   876    715
   877    715
   878    715
   879    715
  1515    715
  1516    715
  1517    715
  1518    715
  1519    715
  1520    715
  1521    715
  1522    715
  1523    715
  1524    715
  1525    715
  1526    715
  1527    715
  1528    715
  1529    715
  1530    715
  1531    715
  1532    715
  1535    715
  1536    715
  1537    715
  1538    715
  1539    715
  1540    715
  1544    715
  1545    715
  1546    715
  1547    715
   835    716
   836    716
   837    716
   838    716
   839    716
   840    716
   841    716
   842    716
   843    716
   844    716
   845    716
   846    716
   847    716
   848    716
   849    716
   850    716
   851    716
   852    716
   853    716
   854    716
   855    716
   856    716
   857    716
   858    716
   859    716
   860    716
   861    716
   862    716
   863    716
   864    716
   865    716
   866    716
   867    716
   868    716
   869    716
   870    716
   871    716
   872    716
   873    716
   874    716
   875    716
   876    716
   877    716
   878    716
   879    716
   887    716
   888    716
   889    716
   890    716
   891    716
   892    716
   893    716
   894    716
   895    716
   896    716
   897    716
   898    716
   899    716
   900    716
   901    716
   902    716
   903    716
   904    716
  1499    716
  1500    716
  1501    716
  1502    716
  1503    716
  1504    716
  1512    716
  1513    716
  1514    716
  1515    716
  1516    716
  1517    716
  1518    716
  1519    716
  1520    716
  1521    716
  1522    716
  1523    716
  1524    716
  1525    716
  1526    716
  1527    716
  1528    716
   832    717
   833    717
   834    717
   835    717
   836    717
   837    717
   838    717
   839    717
   840    717
   841    717
   842    717
   843    717
   844    717
   845    717
   846    717
   847    717
   848    717
   849    717
   850    717
   851    717
   852    717
   853    717
   854    717
   855    717
   856    717
   857    717
   858    717
   859    717
   860    717
   861    717
   862    717
   863    717
   864    717
   865    717
   866    717
   867    717
   868    717
   869    717
   870    717
   871    717
   872    717
   873    717
   874    717
   875    717
   876    717
   877    717
   878    717
   879    717
   880    717
   892    717
   893    717
   894    717
   895    717
   896    717
   897    717
   898    717
   899    717
   900    717
   901    717
   902    717
   903    717
   904    717
   905    717
   906    717
   907    717
   908    717
   909    717
   910    717
   911    717
   912    717
   913    717
   914    717
   915    717
   916    717
   917    717
   918    717
   919    717
   920    717
   921    717
   922    717
   923    717
   924    717
   925    717
   926    717
   927    717
   928    717
   929    717
   930    717
  1443    717
  1444    717
  1445    717
  1446    717
  1447    717
  1477    717
  1478    717
  1479    717
  1480    717
  1481    717
  1482    717
  1483    717
  1484    717
  1485    717
  1486    717
  1487    717
  1488    717
  1489    717
  1490    717
  1491    717
  1492    717
  1493    717
  1494    717
  1495    717
  1496    717
  1497    717
  1498    717
  1499    717
  1500    717
  1501    717
  1502    717
  1512    717
  1513    717
  1514    717
  1515    717
  1516    717
   831    718
   832    718
   833    718
   834    718
   835    718
   838    718
   839    718
   840    718
   841    718
   842    718
   845    718
   846    718
   847    718
   848    718
   849    718
   850    718
   851    718
   852    718
   853    718
   854    718
   855    718
   856    718
   857    718
   858    718
   859    718
   860    718
   861    718
   862    718
   863    718
   864    718
   865    718
   866    718
   867    718
   868    718
   869    718
   870    718
   871    718
   872    718
   873    718
   874    718
   875    718
   876    718
   877    718
   878    718
   879    718
   880    718
   884    718
   885    718
   886    718
   887    718
   888    718
   889    718
   890    718
   891    718
   892    718
   895    718
   896    718
   897    718
   898    718
   899    718
   900    718
   901    718
   902    718
   903    718
   904    718
   905    718
   906    718
   907    718
   908    718
   909    718
   910    718
   911    718
   912    718
   913    718
   914    718
   915    718
   916    718
   917    718
   918    718
   919    718
   925    718
   926    718
   927    718
   928    718
   929    718
   930    718
   935    718
   936    718
   937    718
   938    718
   939    718
   940    718
   941    718
   942    718
   943    718
   944    718
   945    718
   946    718
   947    718
   948    718
   949    718
   950    718
   951    718
   952    718
   953    718
   954    718
   955    718
   956    718
   957    718
   959    718
   960    718
   961    718
   962    718
   963    718
   964    718
   965    718
   966    718
  1461    718
  1462    718
  1463    718
  1464    718
  1465    718
  1466    718
  1467    718
  1468    718
  1469    718
  1472    718
  1473    718
  1474    718
  1475    718
  1476    718
  1477    718
  1480    718
  1481    718
  1482    718
  1483    718
  1484    718
  1485    718
  1486    718
   829    719
   830    719
   831    719
   832    719
   833    719
   834    719
   835    719
   836    719
   837    719
   838    719
   839    719
   840    719
   841    719
   843    719
   844    719
   845    719
   846    719
   847    719
   848    719
   849    719
   850    719
   851    719
   852    719
   853    719
   854    719
   855    719
   856    719
   857    719
   858    719
   859    719
   860    719
   861    719
   862    719
   863    719
   864    719
   865    719
   866    719
   867    719
   868    719
   869    719
   870    719
   871    719
   872    719
   873    719
   874    719
   875    719
   876    719
   877    719
   878    719
   879    719
   880    719
   883    719
   884    719
   885    719
   886    719
   887    719
   888    719
   889    719
   890    719
   891    719
   892    719
   893    719
   894    719
   895    719
   896    719
   899    719
   900    719
   901    719
   902    719
   903    719
   904    719
   905    719
   906    719
   907    719
   908    719
   909    719
   910    719
   911    719
   912    719
   913    719
   914    719
   915    719
   916    719
   917    719
   918    719
   919    719
   920    719
   926    719
   927    719
   928    719
   929    719
   930    719
   931    719
   932    719
   933    719
   934    719
   935    719
   936    719
   937    719
   938    719
   939    719
   940    719
   941    719
   942    719
   943    719
   944    719
   945    719
   946    719
   947    719
   948    719
   949    719
   950    719
   951    719
   952    719
   953    719
   954    719
   955    719
   956    719
   957    719
   958    719
   959    719
   960    719
   961    719
   962    719
   963    719
   976    719
   977    719
   978    719
   979    719
   986    719
   987    719
   988    719
   989    719
   990    719
   991    719
   992    719
   993    719
   994    719
   995    719
   996    719
   997    719
  1450    719
  1451    719
  1452    719
  1453    719
  1454    719
  1455    719
  1456    719
  1457    719
  1458    719
  1459    719
  1460    719
  1461    719
  1462    719
  1463    719
  1464    719
  1472    719
  1473    719
  1475    719
  1476    719
  1477    719
   827    720
   828    720
   829    720
   830    720
   831    720
   832    720
   836    720
   837    720
   838    720
   839    720
   840    720
   841    720
   842    720
   843    720
   844    720
   845    720
   846    720
   847    720
   848    720
   850    720
   851    720
   852    720
   853    720
   854    720
   855    720
   856    720
   857    720
   858    720
   859    720
   860    720
   861    720
   862    720
   863    720
   864    720
   865    720
   866    720
   867    720
   868    720
   869    720
   870    720
   871    720
   872    720
   873    720
   874    720
   875    720
   876    720
   877    720
   878    720
   879    720
   880    720
   881    720
   884    720
   886    720
   887    720
   888    720
   889    720
   890    720
   891    720
   892    720
   893    720
   894    720
   895    720
   896    720
   897    720
   898    720
   899    720
   900    720
   901    720
   902    720
   903    720
   904    720
   905    720
   906    720
   907    720
   908    720
   909    720
   910    720
   911    720
   912    720
   913    720
   914    720
   915    720
   916    720
   917    720
   918    720
   919    720
   920    720
   925    720
   926    720
   927    720
   928    720
   929    720
   930    720
   931    720
   932    720
   933    720
   934    720
   935    720
   936    720
   937    720
   938    720
   939    720
   940    720
   941    720
   942    720
   943    720
   944    720
   945    720
   946    720
   947    720
   948    720
   949    720
   950    720
   951    720
   952    720
   954    720
   955    720
   956    720
   957    720
   958    720
   959    720
   960    720
   961    720
   962    720
   963    720
   964    720
   965    720
   966    720
   967    720
   968    720
   969    720
   970    720
   971    720
   972    720
   973    720
   978    720
   979    720
   980    720
   986    720
   987    720
   988    720
   989    720
   990    720
   991    720
   992    720
   993    720
   994    720
   995    720
  1016    720
  1017    720
  1018    720
  1019    720
  1020    720
  1021    720
  1023    720
  1024    720
  1025    720
  1026    720
  1027    720
  1028    720
  1029    720
  1030    720
  1031    720
  1032    720
  1033    720
  1034    720
  1035    720
  1036    720
  1037    720
  1038    720
  1039    720
  1040    720
  1041    720
  1042    720
  1043    720
  1044    720
  1045    720
  1046    720
  1415    720
  1418    720
  1419    720
  1420    720
  1421    720
  1422    720
  1423    720
  1424    720
  1425    720
  1426    720
  1427    720
  1429    720
  1430    720
  1431    720
  1432    720
  1433    720
  1434    720
  1435    720
  1436    720
  1437    720
  1438    720
  1439    720
  1441    720
  1442    720
  1443    720
   826    721
   827    721
   828    721
   829    721
   830    721
   838    721
   842    721
   843    721
   844    721
   845    721
   846    721
   847    721
   848    721
   850    721
   851    721
   852    721
   853    721
   854    721
   855    721
   856    721
   857    721
   858    721
   859    721
   860    721
   861    721
   863    721
   864    721
   865    721
   866    721
   867    721
   868    721
   869    721
   870    721
   871    721
   872    721
   873    721
   874    721
   875    721
   876    721
   877    721
   878    721
   879    721
   880    721
   885    721
   886    721
   887    721
   888    721
   889    721
   890    721
   891    721
   892    721
   893    721
   894    721
   895    721
   896    721
   897    721
   898    721
   899    721
   900    721
   901    721
   902    721
   903    721
   904    721
   905    721
   906    721
   907    721
   908    721
   909    721
   910    721
   911    721
   912    721
   913    721
   914    721
   915    721
   916    721
   917    721
   918    721
   919    721
   920    721
   921    721
   922    721
   925    721
   926    721
   927    721
   928    721
   929    721
   930    721
   931    721
   932    721
   933    721
   934    721
   935    721
   936    721
   937    721
   938    721
   939    721
   940    721
   941    721
   942    721
   943    721
   944    721
   945    721
   946    721
   947    721
   948    721
   949    721
   950    721
   954    721
   955    721
   956    721
   957    721
   958    721
   959    721
   960    721
   961    721
   962    721
   963    721
   964    721
   965    721
   966    721
   967    721
   968    721
   969    721
   970    721
   971    721
   972    721
   973    721
   974    721
   975    721
   976    721
   977    721
   981    721
   982    721
   983    721
   984    721
   989    721
   990    721
   991    721
   992    721
   993    721
   994    721
   995    721
   996    721
   997    721
   998    721
   999    721
  1000    721
  1001    721
  1002    721
  1003    721
  1004    721
  1005    721
  1015    721
  1016    721
  1017    721
  1018    721
  1019    721
  1023    721
  1024    721
  1039    721
  1040    721
  1041    721
  1042    721
  1043    721
  1044    721
  1045    721
  1046    721
  1047    721
  1065    721
  1066    721
  1067    721
  1068    721
  1069    721
  1070    721
  1071    721
  1072    721
  1073    721
  1074    721
  1075    721
  1076    721
  1077    721
  1078    721
  1079    721
  1080    721
  1081    721
  1082    721
  1083    721
  1084    721
  1085    721
  1087    721
  1088    721
  1089    721
  1090    721
  1091    721
  1092    721
  1102    721
  1103    721
  1369    721
  1370    721
  1371    721
  1372    721
  1384    721
  1385    721
  1386    721
  1387    721
  1388    721
  1389    721
  1390    721
  1391    721
  1392    721
  1393    721
  1394    721
  1395    721
  1407    721
  1415    721
  1416    721
  1417    721
  1419    721
  1420    721
  1431    721
  1432    721
   824    722
   825    722
   826    722
   827    722
   828    722
   829    722
   830    722
   831    722
   832    722
   859    722
   860    722
   861    722
   863    722
   864    722
   865    722
   866    722
   867    722
   868    722
   869    722
   870    722
   871    722
   872    722
   873    722
   874    722
   875    722
   876    722
   877    722
   878    722
   879    722
   880    722
   882    722
   883    722
   884    722
   885    722
   886    722
   887    722
   888    722
   889    722
   890    722
   891    722
   892    722
   893    722
   894    722
   895    722
   896    722
   897    722
   898    722
   899    722
   900    722
   901    722
   902    722
   903    722
   904    722
   905    722
   906    722
   907    722
   908    722
   909    722
   910    722
   911    722
   912    722
   913    722
   914    722
   915    722
   916    722
   917    722
   918    722
   919    722
   920    722
   921    722
   922    722
   923    722
   924    722
   925    722
   926    722
   927    722
   928    722
   929    722
   930    722
   931    722
   932    722
   933    722
   934    722
   935    722
   936    722
   937    722
   938    722
   939    722
   940    722
   941    722
   942    722
   943    722
   944    722
   945    722
   946    722
   947    722
   948    722
   949    722
   950    722
   958    722
   959    722
   960    722
   961    722
   962    722
   963    722
   964    722
   965    722
   966    722
   967    722
   968    722
   969    722
   970    722
   971    722
   972    722
   973    722
   974    722
   975    722
   976    722
   977    722
   978    722
   979    722
   980    722
   981    722
   982    722
   989    722
   990    722
   991    722
   992    722
   993    722
   994    722
   995    722
   996    722
   997    722
   998    722
   999    722
  1000    722
  1001    722
  1002    722
  1003    722
  1004    722
  1008    722
  1009    722
  1010    722
  1011    722
  1012    722
  1014    722
  1015    722
  1016    722
  1017    722
  1018    722
  1019    722
  1020    722
  1021    722
  1022    722
  1023    722
  1024    722
  1025    722
  1026    722
  1027    722
  1028    722
  1029    722
  1030    722
  1031    722
  1032    722
  1033    722
  1034    722
  1035    722
  1036    722
  1037    722
  1038    722
  1039    722
  1040    722
  1041    722
  1042    722
  1043    722
  1044    722
  1045    722
  1046    722
  1047    722
  1048    722
  1049    722
  1050    722
  1051    722
  1073    722
  1074    722
  1075    722
  1076    722
  1077    722
  1078    722
  1079    722
  1080    722
  1081    722
  1082    722
  1106    722
  1107    722
  1108    722
  1109    722
  1110    722
  1111    722
  1112    722
  1113    722
  1114    722
  1115    722
  1116    722
  1117    722
  1122    722
  1123    722
  1124    722
  1126    722
  1127    722
  1128    722
  1130    722
  1131    722
  1132    722
  1133    722
  1134    722
  1135    722
  1136    722
  1140    722
  1141    722
  1142    722
  1143    722
  1144    722
  1145    722
  1146    722
  1147    722
  1148    722
  1149    722
  1150    722
  1151    722
  1152    722
  1153    722
  1154    722
  1155    722
  1156    722
  1157    722
  1158    722
  1159    722
  1160    722
  1161    722
  1162    722
  1163    722
  1164    722
  1165    722
  1166    722
  1167    722
  1168    722
  1169    722
  1170    722
  1171    722
  1172    722
  1173    722
  1174    722
  1175    722
  1176    722
  1177    722
  1178    722
  1179    722
  1180    722
  1181    722
  1185    722
  1187    722
  1188    722
  1189    722
  1190    722
  1191    722
  1192    722
  1193    722
  1194    722
  1195    722
  1196    722
  1212    722
  1213    722
  1315    722
  1316    722
  1317    722
  1322    722
  1323    722
  1324    722
  1325    722
  1326    722
  1327    722
  1328    722
  1329    722
  1330    722
  1331    722
  1332    722
  1333    722
  1334    722
  1335    722
  1336    722
  1337    722
  1338    722
  1339    722
  1340    722
  1341    722
  1342    722
  1343    722
  1344    722
  1345    722
  1346    722
  1347    722
  1348    722
  1349    722
  1350    722
  1351    722
  1352    722
  1353    722
  1354    722
  1355    722
  1356    722
  1357    722
  1360    722
  1361    722
  1362    722
  1363    722
  1364    722
  1365    722
  1366    722
  1367    722
  1368    722
  1369    722
  1370    722
  1371    722
  1372    722
  1373    722
  1374    722
  1375    722
  1376    722
  1377    722
  1378    722
  1379    722
  1380    722
  1383    722
  1384    722
  1385    722
  1386    722
  1389    722
  1390    722
  1391    722
  1392    722
  1393    722
  1404    722
  1405    722
  1406    722
  1407    722
  1412    722
  1413    722
  1414    722
  1415    722
  1416    722
  1417    722
  1418    722
  1419    722
  1420    722
  1421    722
   827    723
   828    723
   829    723
   830    723
   831    723
   832    723
   887    723
   888    723
   889    723
   890    723
   891    723
   892    723
   893    723
   894    723
   895    723
   896    723
   897    723
   898    723
   899    723
   900    723
   901    723
   902    723
   903    723
   904    723
   905    723
   906    723
   907    723
   908    723
   909    723
   910    723
   911    723
   912    723
   913    723
   914    723
   915    723
   916    723
   917    723
   918    723
   919    723
   920    723
   921    723
   922    723
   923    723
   924    723
   925    723
   926    723
   927    723
   928    723
   929    723
   930    723
   931    723
   932    723
   933    723
   934    723
   935    723
   936    723
   937    723
   938    723
   939    723
   940    723
   941    723
   942    723
   943    723
   944    723
   945    723
   946    723
   947    723
   948    723
   949    723
   950    723
   951    723
   959    723
   960    723
   961    723
   962    723
   963    723
   964    723
   965    723
   966    723
   967    723
   968    723
   969    723
   970    723
   971    723
   972    723
   973    723
   974    723
   975    723
   976    723
   977    723
   978    723
   979    723
   980    723
   981    723
   982    723
   983    723
   984    723
   985    723
   986    723
   989    723
   990    723
   991    723
   992    723
   993    723
   994    723
   995    723
   996    723
   997    723
   998    723
   999    723
  1000    723
  1001    723
  1002    723
  1003    723
  1004    723
  1008    723
  1009    723
  1010    723
  1011    723
  1012    723
  1013    723
  1014    723
  1015    723
  1016    723
  1017    723
  1018    723
  1019    723
  1020    723
  1021    723
  1022    723
  1023    723
  1024    723
  1025    723
  1026    723
  1027    723
  1028    723
  1029    723
  1030    723
  1031    723
  1032    723
  1033    723
  1034    723
  1035    723
  1036    723
  1037    723
  1038    723
  1039    723
  1040    723
  1041    723
  1042    723
  1043    723
  1044    723
  1045    723
  1046    723
  1047    723
  1048    723
  1049    723
  1050    723
  1051    723
  1052    723
  1053    723
  1060    723
  1061    723
  1062    723
  1063    723
  1065    723
  1066    723
  1067    723
  1068    723
  1069    723
  1070    723
  1071    723
  1072    723
  1073    723
  1074    723
  1075    723
  1076    723
  1077    723
  1078    723
  1079    723
  1080    723
  1081    723
  1082    723
  1083    723
  1084    723
  1085    723
  1086    723
  1087    723
  1088    723
  1089    723
  1090    723
  1091    723
  1092    723
  1093    723
  1098    723
  1099    723
  1100    723
  1101    723
  1102    723
  1103    723
  1104    723
  1105    723
  1106    723
  1107    723
  1108    723
  1109    723
  1110    723
  1111    723
  1112    723
  1113    723
  1114    723
  1115    723
  1116    723
  1117    723
  1118    723
  1121    723
  1122    723
  1123    723
  1124    723
  1125    723
  1126    723
  1127    723
  1128    723
  1129    723
  1130    723
  1131    723
  1132    723
  1133    723
  1134    723
  1135    723
  1142    723
  1143    723
  1144    723
  1145    723
  1146    723
  1147    723
  1148    723
  1149    723
  1150    723
  1151    723
  1152    723
  1153    723
  1154    723
  1155    723
  1156    723
  1157    723
  1158    723
  1159    723
  1160    723
  1161    723
  1162    723
  1163    723
  1164    723
  1165    723
  1166    723
  1167    723
  1168    723
  1169    723
  1170    723
  1171    723
  1172    723
  1173    723
  1174    723
  1175    723
  1176    723
  1177    723
  1178    723
  1179    723
  1180    723
  1181    723
  1192    723
  1193    723
  1194    723
  1195    723
  1196    723
  1197    723
  1198    723
  1199    723
  1200    723
  1201    723
  1202    723
  1203    723
  1204    723
  1205    723
  1206    723
  1207    723
  1208    723
  1209    723
  1210    723
  1211    723
  1212    723
  1213    723
  1214    723
  1215    723
  1216    723
  1217    723
  1218    723
  1219    723
  1220    723
  1221    723
  1222    723
  1223    723
  1224    723
  1225    723
  1226    723
  1227    723
  1228    723
  1229    723
  1230    723
  1231    723
  1232    723
  1233    723
  1234    723
  1235    723
  1236    723
  1237    723
  1238    723
  1239    723
  1240    723
  1241    723
  1242    723
  1243    723
  1244    723
  1245    723
  1246    723
  1247    723
  1263    723
  1264    723
  1265    723
  1266    723
  1267    723
  1268    723
  1269    723
  1270    723
  1271    723
  1273    723
  1274    723
  1276    723
  1277    723
  1280    723
  1281    723
  1282    723
  1283    723
  1284    723
  1285    723
  1291    723
  1292    723
  1293    723
  1294    723
  1295    723
  1296    723
  1297    723
  1298    723
  1299    723
  1300    723
  1301    723
  1302    723
  1303    723
  1304    723
  1305    723
  1306    723
  1307    723
  1308    723
  1309    723
  1310    723
  1311    723
  1312    723
  1313    723
  1314    723
  1315    723
  1316    723
  1317    723
  1318    723
  1319    723
  1320    723
  1321    723
  1322    723
  1323    723
  1324    723
  1325    723
  1326    723
  1327    723
  1328    723
  1329    723
  1330    723
  1331    723
  1332    723
  1333    723
  1334    723
  1335    723
  1336    723
  1337    723
  1338    723
  1339    723
  1340    723
  1341    723
  1342    723
  1343    723
  1344    723
  1345    723
  1346    723
  1347    723
  1348    723
  1349    723
  1350    723
  1351    723
  1352    723
  1353    723
  1354    723
  1355    723
  1356    723
  1357    723
  1358    723
  1359    723
  1360    723
  1361    723
  1362    723
  1363    723
  1364    723
  1365    723
  1366    723
  1367    723
  1368    723
  1369    723
  1370    723
  1371    723
  1372    723
  1373    723
  1374    723
  1375    723
  1376    723
  1377    723
  1378    723
  1379    723
  1380    723
  1382    723
  1383    723
  1384    723
  1385    723
  1386    723
  1387    723
  1388    723
  1389    723
  1390    723
  1391    723
  1392    723
  1393    723
  1394    723
  1405    723
  1406    723
  1407    723
  1420    723
  1421    723
  1422    723
  1423    723
   821    724
   822    724
   823    724
   824    724
   825    724
   826    724
   835    724
   836    724
   837    724
   838    724
   839    724
   840    724
   896    724
   897    724
   898    724
   911    724
   912    724
   913    724
   914    724
   915    724
   916    724
   917    724
   918    724
   919    724
   920    724
   921    724
   922    724
   923    724
   924    724
   925    724
   926    724
   927    724
   928    724
   929    724
   930    724
   931    724
   932    724
   933    724
   934    724
   935    724
   936    724
   937    724
   938    724
   939    724
   940    724
   941    724
   942    724
   943    724
   944    724
   945    724
   946    724
   947    724
   948    724
   958    724
   959    724
   960    724
   961    724
   962    724
   963    724
   964    724
   965    724
   966    724
   967    724
   968    724
   969    724
   970    724
   971    724
   972    724
   973    724
   974    724
   975    724
   976    724
   977    724
   978    724
   979    724
   980    724
   981    724
   982    724
   983    724
   984    724
   985    724
   986    724
   987    724
   988    724
   989    724
   990    724
   991    724
   992    724
   993    724
   994    724
   995    724
   996    724
   997    724
   998    724
   999    724
  1000    724
  1001    724
  1002    724
  1003    724
  1004    724
  1005    724
  1006    724
  1007    724
  1008    724
  1009    724
  1010    724
  1011    724
  1012    724
  1013    724
  1014    724
  1015    724
  1016    724
  1017    724
  1018    724
  1019    724
  1020    724
  1021    724
  1022    724
  1023    724
  1024    724
  1025    724
  1026    724
  1027    724
  1028    724
  1029    724
  1030    724
  1031    724
  1032    724
  1033    724
  1034    724
  1035    724
  1036    724
  1037    724
  1038    724
  1039    724
  1040    724
  1041    724
  1042    724
  1043    724
  1044    724
  1045    724
  1046    724
  1047    724
  1048    724
  1049    724
  1050    724
  1051    724
  1052    724
  1053    724
  1054    724
  1061    724
  1062    724
  1063    724
  1064    724
  1065    724
  1066    724
  1067    724
  1068    724
  1069    724
  1070    724
  1071    724
  1072    724
  1073    724
  1074    724
  1075    724
  1076    724
  1077    724
  1078    724
  1079    724
  1080    724
  1081    724
  1082    724
  1083    724
  1084    724
  1085    724
  1086    724
  1087    724
  1088    724
  1089    724
  1090    724
  1091    724
  1092    724
  1093    724
  1094    724
  1095    724
  1096    724
  1097    724
  1098    724
  1099    724
  1100    724
  1101    724
  1102    724
  1103    724
  1104    724
  1105    724
  1106    724
  1107    724
  1108    724
  1109    724
  1110    724
  1111    724
  1112    724
  1113    724
  1114    724
  1115    724
  1116    724
  1117    724
  1118    724
  1120    724
  1121    724
  1122    724
  1123    724
  1124    724
  1125    724
  1126    724
  1127    724
  1128    724
  1129    724
  1130    724
  1131    724
  1132    724
  1133    724
  1134    724
  1135    724
  1136    724
  1142    724
  1143    724
  1144    724
  1145    724
  1146    724
  1147    724
  1148    724
  1149    724
  1150    724
  1151    724
  1152    724
  1153    724
  1154    724
  1155    724
  1156    724
  1157    724
  1158    724
  1159    724
  1160    724
  1161    724
  1162    724
  1163    724
  1164    724
  1165    724
  1166    724
  1167    724
  1168    724
  1169    724
  1170    724
  1171    724
  1172    724
  1173    724
  1174    724
  1175    724
  1177    724
  1178    724
  1179    724
  1180    724
  1182    724
  1183    724
  1184    724
  1187    724
  1188    724
  1189    724
  1190    724
  1191    724
  1192    724
  1193    724
  1194    724
  1195    724
  1196    724
  1197    724
  1198    724
  1199    724
  1200    724
  1201    724
  1202    724
  1203    724
  1204    724
  1205    724
  1206    724
  1207    724
  1208    724
  1209    724
  1210    724
  1211    724
  1212    724
  1213    724
  1214    724
  1215    724
  1216    724
  1217    724
  1218    724
  1219    724
  1220    724
  1221    724
  1222    724
  1223    724
  1224    724
  1225    724
  1226    724
  1227    724
  1228    724
  1229    724
  1230    724
  1231    724
  1232    724
  1233    724
  1234    724
  1235    724
  1236    724
  1237    724
  1238    724
  1239    724
  1240    724
  1241    724
  1242    724
  1243    724
  1244    724
  1245    724
  1246    724
  1247    724
  1248    724
  1249    724
  1250    724
  1251    724
  1252    724
  1253    724
  1254    724
  1255    724
  1256    724
  1257    724
  1258    724
  1260    724
  1261    724
  1263    724
  1264    724
  1265    724
  1266    724
  1267    724
  1268    724
  1269    724
  1270    724
  1271    724
  1272    724
  1273    724
  1274    724
  1275    724
  1276    724
  1277    724
  1278    724
  1279    724
  1280    724
  1281    724
  1282    724
  1283    724
  1284    724
  1285    724
  1286    724
  1287    724
  1288    724
  1289    724
  1290    724
  1291    724
  1292    724
  1293    724
  1294    724
  1295    724
  1296    724
  1297    724
  1298    724
  1299    724
  1300    724
  1301    724
  1302    724
  1303    724
  1304    724
  1305    724
  1306    724
  1307    724
  1308    724
  1309    724
  1310    724
  1311    724
  1312    724
  1313    724
  1314    724
  1315    724
  1316    724
  1317    724
  1318    724
  1319    724
  1320    724
  1321    724
  1322    724
  1323    724
  1324    724
  1325    724
  1326    724
  1327    724
  1328    724
  1329    724
  1330    724
  1331    724
  1332    724
  1333    724
  1335    724
  1345    724
  1346    724
  1347    724
  1348    724
  1349    724
  1359    724
  1360    724
  1361    724
  1362    724
  1368    724
  1369    724
  1370    724
  1374    724
  1375    724
  1376    724
  1388    724
  1389    724
  1390    724
   821    725
   822    725
   823    725
   824    725
   825    725
   826    725
   827    725
   828    725
   829    725
   830    725
   831    725
   885    725
   886    725
   887    725
   888    725
   912    725
   913    725
   914    725
   915    725
   916    725
   917    725
   918    725
   919    725
   924    725
   925    725
   926    725
   927    725
   928    725
   929    725
   930    725
   931    725
   932    725
   933    725
   934    725
   935    725
   936    725
   937    725
   938    725
   939    725
   940    725
   941    725
   942    725
   943    725
   944    725
   945    725
   946    725
   947    725
   948    725
   949    725
   950    725
   957    725
   958    725
   959    725
   960    725
   961    725
   962    725
   963    725
   964    725
   965    725
   966    725
   967    725
   968    725
   969    725
   970    725
   971    725
   972    725
   973    725
   974    725
   975    725
   976    725
   977    725
   978    725
   979    725
   980    725
   981    725
   982    725
   983    725
   984    725
   985    725
   986    725
   987    725
   988    725
   989    725
   990    725
   991    725
   992    725
   993    725
   994    725
   995    725
   996    725
   997    725
   998    725
   999    725
  1000    725
  1001    725
  1002    725
  1003    725
  1004    725
  1005    725
  1006    725
  1007    725
  1008    725
  1009    725
  1010    725
  1011    725
  1012    725
  1013    725
  1014    725
  1015    725
  1016    725
  1017    725
  1018    725
  1019    725
  1020    725
  1021    725
  1022    725
  1024    725
  1025    725
  1026    725
  1027    725
  1028    725
  1029    725
  1030    725
  1032    725
  1033    725
  1034    725
  1035    725
  1036    725
  1037    725
  1038    725
  1039    725
  1040    725
  1041    725
  1042    725
  1043    725
  1044    725
  1045    725
  1046    725
  1047    725
  1048    725
  1049    725
  1050    725
  1051    725
  1052    725
  1053    725
  1054    725
  1055    725
  1061    725
  1062    725
  1063    725
  1064    725
  1065    725
  1066    725
  1067    725
  1068    725
  1069    725
  1070    725
  1071    725
  1072    725
  1073    725
  1074    725
  1075    725
  1076    725
  1077    725
  1078    725
  1079    725
  1080    725
  1081    725
  1082    725
  1083    725
  1084    725
  1085    725
  1086    725
  1087    725
  1088    725
  1089    725
  1090    725
  1091    725
  1092    725
  1093    725
  1094    725
  1095    725
  1096    725
  1097    725
  1098    725
  1099    725
  1100    725
  1101    725
  1102    725
  1103    725
  1104    725
  1105    725
  1109    725
  1110    725
  1111    725
  1112    725
  1113    725
  1114    725
  1115    725
  1116    725
  1117    725
  1118    725
  1119    725
  1120    725
  1121    725
  1122    725
  1123    725
  1124    725
  1125    725
  1126    725
  1127    725
  1128    725
  1129    725
  1130    725
  1131    725
  1132    725
  1133    725
  1134    725
  1135    725
  1136    725
  1143    725
  1144    725
  1145    725
  1146    725
  1147    725
  1148    725
  1149    725
  1150    725
  1151    725
  1152    725
  1153    725
  1154    725
  1158    725
  1159    725
  1160    725
  1161    725
  1162    725
  1163    725
  1164    725
  1165    725
  1166    725
  1167    725
  1168    725
  1169    725
  1170    725
  1171    725
  1172    725
  1173    725
  1174    725
  1184    725
  1189    725
  1190    725
  1191    725
  1192    725
  1198    725
  1199    725
  1200    725
  1201    725
  1202    725
  1203    725
  1204    725
  1205    725
  1206    725
  1207    725
  1208    725
  1209    725
  1211    725
  1212    725
  1213    725
  1214    725
  1215    725
  1216    725
  1217    725
  1218    725
  1219    725
  1221    725
  1222    725
  1223    725
  1224    725
  1225    725
  1226    725
  1227    725
  1228    725
  1229    725
  1230    725
  1231    725
  1232    725
  1233    725
  1234    725
  1235    725
  1236    725
  1237    725
  1238    725
  1239    725
  1240    725
  1241    725
  1242    725
  1243    725
  1244    725
  1245    725
  1246    725
  1247    725
  1248    725
  1249    725
  1250    725
  1251    725
  1271    725
  1272    725
  1273    725
  1274    725
  1275    725
  1276    725
  1277    725
  1278    725
  1279    725
  1280    725
  1281    725
  1282    725
  1283    725
  1284    725
  1285    725
  1286    725
  1287    725
  1288    725
  1289    725
  1290    725
  1291    725
  1294    725
  1295    725
  1312    725
  1313    725
  1314    725
  1315    725
  1322    725
  1323    725
  1369    725
  1370    725
  1371    725
  1394    725
  1395    725
  1396    725
  1397    725
   823    726
   824    726
   825    726
   826    726
   827    726
   828    726
   829    726
   830    726
   831    726
   832    726
   833    726
   834    726
   932    726
   933    726
   934    726
   935    726
   936    726
   958    726
   959    726
   960    726
   961    726
   962    726
   963    726
   964    726
   965    726
   966    726
   967    726
   968    726
   969    726
   970    726
   971    726
   972    726
   973    726
   974    726
   975    726
   976    726
   977    726
   978    726
   979    726
   980    726
   981    726
   982    726
   983    726
   984    726
   985    726
   986    726
   987    726
   988    726
   989    726
   990    726
   991    726
   992    726
   993    726
   994    726
   995    726
   996    726
   997    726
   998    726
   999    726
  1000    726
  1001    726
  1002    726
  1003    726
  1004    726
  1005    726
  1006    726
  1007    726
  1008    726
  1009    726
  1010    726
  1011    726
  1012    726
  1013    726
  1014    726
  1015    726
  1016    726
  1017    726
  1018    726
  1019    726
  1020    726
  1021    726
  1022    726
  1023    726
  1024    726
  1025    726
  1026    726
  1027    726
  1028    726
  1029    726
  1030    726
  1031    726
  1032    726
  1033    726
  1034    726
  1035    726
  1036    726
  1037    726
  1038    726
  1039    726
  1040    726
  1041    726
  1042    726
  1043    726
  1044    726
  1045    726
  1046    726
  1047    726
  1048    726
  1049    726
  1050    726
  1051    726
  1052    726
  1053    726
  1054    726
  1059    726
  1060    726
  1061    726
  1062    726
  1063    726
  1064    726
  1065    726
  1066    726
  1067    726
  1068    726
  1069    726
  1070    726
  1071    726
  1072    726
  1073    726
  1074    726
  1075    726
  1076    726
  1077    726
  1078    726
  1079    726
  1080    726
  1081    726
  1082    726
  1083    726
  1084    726
  1085    726
  1086    726
  1087    726
  1088    726
  1089    726
  1090    726
  1091    726
  1092    726
  1093    726
  1094    726
  1095    726
  1096    726
  1097    726
  1098    726
  1099    726
  1100    726
  1101    726
  1102    726
  1103    726
  1104    726
  1105    726
  1109    726
  1110    726
  1111    726
  1112    726
  1113    726
  1114    726
  1115    726
  1116    726
  1117    726
  1118    726
  1119    726
  1120    726
  1121    726
  1122    726
  1123    726
  1124    726
  1125    726
  1126    726
  1127    726
  1128    726
  1129    726
  1130    726
  1131    726
  1132    726
  1133    726
  1134    726
  1142    726
  1143    726
  1144    726
  1145    726
  1146    726
  1147    726
  1148    726
  1149    726
  1150    726
  1151    726
  1152    726
  1157    726
  1158    726
  1159    726
  1160    726
  1161    726
  1162    726
  1163    726
  1164    726
  1165    726
  1166    726
  1167    726
  1169    726
  1170    726
  1171    726
  1184    726
  1185    726
  1186    726
  1187    726
  1188    726
  1189    726
  1190    726
  1199    726
  1200    726
  1201    726
  1202    726
  1203    726
  1205    726
  1215    726
  1216    726
  1217    726
  1218    726
  1219    726
  1220    726
  1221    726
  1224    726
  1225    726
  1229    726
  1230    726
  1231    726
  1232    726
  1271    726
  1272    726
  1273    726
  1274    726
  1275    726
  1276    726
  1277    726
  1278    726
  1279    726
  1280    726
  1281    726
  1285    726
  1286    726
  1287    726
  1344    726
  1345    726
  1346    726
  1391    726
  1392    726
  1393    726
  1398    726
  1399    726
  1400    726
  1425    726
  1426    726
  1427    726
  1428    726
  1429    726
  1430    726
  1431    726
  1432    726
  1433    726
  1434    726
  1435    726
   828    727
   829    727
   830    727
   831    727
   832    727
   833    727
   834    727
   835    727
   836    727
   837    727
   838    727
   844    727
   845    727
   846    727
   847    727
   848    727
   969    727
   970    727
   971    727
   981    727
   982    727
   983    727
   984    727
   985    727
   986    727
   987    727
   988    727
   989    727
   990    727
   991    727
   992    727
   993    727
   994    727
   995    727
   996    727
   997    727
   998    727
   999    727
  1000    727
  1001    727
  1002    727
  1003    727
  1004    727
  1005    727
  1006    727
  1007    727
  1008    727
  1009    727
  1010    727
  1011    727
  1012    727
  1013    727
  1014    727
  1015    727
  1016    727
  1017    727
  1018    727
  1019    727
  1020    727
  1021    727
  1022    727
  1023    727
  1024    727
  1025    727
  1026    727
  1027    727
  1028    727
  1029    727
  1030    727
  1031    727
  1032    727
  1033    727
  1034    727
  1035    727
  1036    727
  1037    727
  1038    727
  1039    727
  1040    727
  1041    727
  1042    727
  1043    727
  1044    727
  1045    727
  1046    727
  1047    727
  1048    727
  1049    727
  1050    727
  1051    727
  1052    727
  1053    727
  1054    727
  1059    727
  1060    727
  1061    727
  1062    727
  1063    727
  1064    727
  1065    727
  1066    727
  1067    727
  1068    727
  1069    727
  1070    727
  1071    727
  1072    727
  1073    727
  1074    727
  1075    727
  1076    727
  1077    727
  1078    727
  1079    727
  1080    727
  1081    727
  1082    727
  1083    727
  1084    727
  1085    727
  1086    727
  1087    727
  1088    727
  1090    727
  1091    727
  1092    727
  1093    727
  1094    727
  1095    727
  1096    727
  1097    727
  1098    727
  1099    727
  1100    727
  1101    727
  1102    727
  1103    727
  1104    727
  1105    727
  1106    727
  1107    727
  1108    727
  1109    727
  1110    727
  1111    727
  1112    727
  1113    727
  1114    727
  1115    727
  1116    727
  1117    727
  1118    727
  1119    727
  1120    727
  1121    727
  1122    727
  1123    727
  1124    727
  1125    727
  1126    727
  1127    727
  1128    727
  1129    727
  1130    727
  1131    727
  1132    727
  1133    727
  1134    727
  1143    727
  1144    727
  1145    727
  1146    727
  1147    727
  1148    727
  1149    727
  1150    727
  1151    727
  1152    727
  1155    727
  1156    727
  1157    727
  1158    727
  1159    727
  1160    727
  1161    727
  1162    727
  1163    727
  1164    727
  1165    727
  1166    727
  1167    727
  1168    727
  1169    727
  1183    727
  1184    727
  1185    727
  1186    727
  1187    727
  1188    727
  1189    727
  1200    727
  1201    727
  1216    727
  1217    727
  1218    727
  1219    727
  1220    727
  1221    727
  1222    727
  1223    727
  1224    727
  1225    727
  1226    727
  1227    727
  1251    727
  1252    727
  1253    727
  1254    727
  1270    727
  1271    727
  1275    727
  1276    727
  1277    727
  1278    727
  1279    727
  1280    727
  1281    727
  1282    727
  1283    727
  1284    727
  1296    727
  1297    727
  1298    727
  1342    727
  1343    727
  1344    727
  1345    727
  1346    727
  1391    727
  1392    727
  1393    727
  1394    727
  1395    727
  1396    727
  1398    727
  1399    727
  1400    727
  1401    727
  1402    727
  1403    727
  1404    727
  1405    727
  1406    727
  1407    727
  1413    727
  1414    727
  1415    727
  1417    727
  1418    727
  1419    727
  1420    727
  1423    727
  1424    727
  1425    727
  1426    727
  1427    727
  1428    727
  1429    727
  1430    727
  1435    727
  1436    727
  1437    727
  1438    727
  1439    727
  1440    727
  1441    727
  1445    727
  1446    727
  1447    727
   831    728
   832    728
   833    728
   834    728
   835    728
   836    728
   837    728
   838    728
   839    728
   840    728
   841    728
   959    728
   960    728
   961    728
   962    728
   983    728
   984    728
   992    728
   993    728
   994    728
   995    728
   996    728
   997    728
   998    728
   999    728
  1000    728
  1001    728
  1002    728
  1003    728
  1004    728
  1006    728
  1007    728
  1008    728
  1009    728
  1010    728
  1011    728
  1012    728
  1013    728
  1014    728
  1015    728
  1016    728
  1017    728
  1018    728
  1019    728
  1020    728
  1021    728
  1022    728
  1023    728
  1024    728
  1025    728
  1026    728
  1027    728
  1028    728
  1029    728
  1030    728
  1039    728
  1040    728
  1041    728
  1042    728
  1043    728
  1044    728
  1045    728
  1046    728
  1047    728
  1048    728
  1049    728
  1050    728
  1051    728
  1052    728
  1053    728
  1059    728
  1060    728
  1061    728
  1062    728
  1063    728
  1064    728
  1065    728
  1066    728
  1067    728
  1068    728
  1069    728
  1070    728
  1071    728
  1072    728
  1073    728
  1074    728
  1075    728
  1076    728
  1077    728
  1078    728
  1079    728
  1080    728
  1081    728
  1082    728
  1083    728
  1084    728
  1085    728
  1086    728
  1087    728
  1088    728
  1089    728
  1090    728
  1091    728
  1092    728
  1093    728
  1094    728
  1095    728
  1096    728
  1097    728
  1098    728
  1099    728
  1100    728
  1103    728
  1104    728
  1105    728
  1109    728
  1110    728
  1111    728
  1112    728
  1113    728
  1114    728
  1115    728
  1116    728
  1117    728
  1119    728
  1120    728
  1121    728
  1122    728
  1123    728
  1124    728
  1125    728
  1126    728
  1127    728
  1128    728
  1129    728
  1130    728
  1132    728
  1133    728
  1134    728
  1135    728
  1136    728
  1142    728
  1143    728
  1144    728
  1145    728
  1146    728
  1147    728
  1148    728
  1149    728
  1150    728
  1152    728
  1153    728
  1154    728
  1155    728
  1156    728
  1157    728
  1158    728
  1159    728
  1160    728
  1161    728
  1162    728
  1163    728
  1164    728
  1165    728
  1166    728
  1167    728
  1168    728
  1169    728
  1170    728
  1171    728
  1186    728
  1187    728
  1188    728
  1189    728
  1226    728
  1227    728
  1228    728
  1233    728
  1234    728
  1235    728
  1251    728
  1252    728
  1253    728
  1255    728
  1256    728
  1257    728
  1259    728
  1260    728
  1261    728
  1262    728
  1263    728
  1268    728
  1269    728
  1270    728
  1271    728
  1272    728
  1273    728
  1275    728
  1276    728
  1277    728
  1278    728
  1279    728
  1280    728
  1281    728
  1282    728
  1283    728
  1284    728
  1285    728
  1286    728
  1287    728
  1288    728
  1289    728
  1290    728
  1311    728
  1312    728
  1313    728
  1314    728
  1315    728
  1327    728
  1328    728
  1329    728
  1330    728
  1331    728
  1332    728
  1337    728
  1338    728
  1339    728
  1344    728
  1345    728
  1346    728
  1347    728
  1391    728
  1392    728
  1393    728
  1394    728
  1395    728
  1399    728
  1400    728
  1401    728
  1402    728
  1403    728
   825    729
   826    729
   827    729
   828    729
   835    729
   836    729
   837    729
   838    729
   839    729
   840    729
   841    729
   842    729
   843    729
   844    729
   845    729
   846    729
   960    729
   961    729
   962    729
   977    729
   978    729
   979    729
   982    729
   991    729
   992    729
   993    729
   994    729
   995    729
   996    729
   997    729
   998    729
   999    729
  1000    729
  1001    729
  1002    729
  1003    729
  1004    729
  1005    729
  1006    729
  1007    729
  1008    729
  1013    729
  1014    729
  1015    729
  1016    729
  1017    729
  1018    729
  1019    729
  1020    729
  1021    729
  1022    729
  1023    729
  1024    729
  1025    729
  1026    729
  1027    729
  1028    729
  1029    729
  1030    729
  1039    729
  1040    729
  1041    729
  1042    729
  1043    729
  1044    729
  1045    729
  1046    729
  1047    729
  1048    729
  1049    729
  1050    729
  1051    729
  1052    729
  1053    729
  1054    729
  1058    729
  1059    729
  1060    729
  1061    729
  1062    729
  1063    729
  1064    729
  1065    729
  1066    729
  1067    729
  1068    729
  1069    729
  1070    729
  1071    729
  1072    729
  1073    729
  1074    729
  1075    729
  1076    729
  1077    729
  1078    729
  1079    729
  1080    729
  1081    729
  1082    729
  1083    729
  1084    729
  1085    729
  1086    729
  1087    729
  1088    729
  1089    729
  1090    729
  1091    729
  1092    729
  1093    729
  1094    729
  1095    729
  1096    729
  1097    729
  1098    729
  1099    729
  1100    729
  1101    729
  1102    729
  1103    729
  1104    729
  1105    729
  1106    729
  1107    729
  1108    729
  1109    729
  1110    729
  1111    729
  1112    729
  1113    729
  1114    729
  1115    729
  1116    729
  1117    729
  1118    729
  1119    729
  1120    729
  1121    729
  1122    729
  1123    729
  1124    729
  1125    729
  1126    729
  1127    729
  1128    729
  1129    729
  1130    729
  1131    729
  1132    729
  1133    729
  1134    729
  1135    729
  1136    729
  1137    729
  1138    729
  1139    729
  1140    729
  1141    729
  1142    729
  1143    729
  1144    729
  1145    729
  1146    729
  1147    729
  1148    729
  1149    729
  1150    729
  1151    729
  1152    729
  1153    729
  1154    729
  1155    729
  1156    729
  1157    729
  1158    729
  1159    729
  1160    729
  1161    729
  1162    729
  1163    729
  1164    729
  1165    729
  1166    729
  1167    729
  1168    729
  1171    729
  1172    729
  1173    729
  1198    729
  1199    729
  1200    729
  1201    729
  1231    729
  1232    729
  1233    729
  1235    729
  1236    729
  1237    729
  1238    729
  1239    729
  1240    729
  1241    729
  1251    729
  1252    729
  1253    729
  1254    729
  1262    729
  1263    729
  1264    729
  1265    729
  1266    729
  1279    729
  1280    729
  1281    729
  1282    729
  1283    729
  1284    729
  1285    729
  1286    729
  1287    729
  1288    729
  1306    729
  1307    729
  1308    729
  1310    729
  1311    729
  1312    729
  1313    729
  1314    729
  1315    729
  1316    729
  1317    729
  1318    729
  1321    729
  1322    729
  1323    729
  1324    729
  1325    729
  1326    729
  1327    729
  1328    729
  1342    729
  1343    729
  1344    729
  1345    729
  1346    729
  1432    729
  1433    729
  1434    729
  1435    729
  1436    729
  1437    729
  1438    729
  1439    729
  1440    729
  1441    729
  1442    729
  1443    729
  1444    729
  1445    729
  1446    729
  1447    729
  1466    729
  1467    729
  1468    729
  1469    729
  1470    729
  1471    729
  1472    729
   838    730
   839    730
   840    730
   841    730
   842    730
   843    730
   844    730
   845    730
   846    730
   847    730
   848    730
   977    730
   978    730
   979    730
   981    730
   982    730
   983    730
  1023    730
  1024    730
  1025    730
  1040    730
  1041    730
  1042    730
  1044    730
  1045    730
  1046    730
  1047    730
  1073    730
  1074    730
  1075    730
  1076    730
  1077    730
  1078    730
  1079    730
  1080    730
  1081    730
  1082    730
  1083    730
  1084    730
  1085    730
  1086    730
  1087    730
  1088    730
  1089    730
  1090    730
  1091    730
  1092    730
  1093    730
  1094    730
  1095    730
  1096    730
  1097    730
  1098    730
  1099    730
  1100    730
  1101    730
  1102    730
  1103    730
  1104    730
  1105    730
  1106    730
  1107    730
  1108    730
  1109    730
  1110    730
  1111    730
  1112    730
  1113    730
  1114    730
  1115    730
  1120    730
  1121    730
  1122    730
  1123    730
  1124    730
  1125    730
  1126    730
  1127    730
  1128    730
  1129    730
  1130    730
  1131    730
  1132    730
  1133    730
  1134    730
  1135    730
  1136    730
  1140    730
  1141    730
  1142    730
  1143    730
  1144    730
  1145    730
  1146    730
  1147    730
  1148    730
  1149    730
  1150    730
  1151    730
  1152    730
  1153    730
  1154    730
  1155    730
  1156    730
  1157    730
  1158    730
  1159    730
  1160    730
  1161    730
  1162    730
  1163    730
  1164    730
  1165    730
  1166    730
  1167    730
  1168    730
  1169    730
  1170    730
  1171    730
  1172    730
  1173    730
  1174    730
  1175    730
  1176    730
  1177    730
  1178    730
  1179    730
  1180    730
  1181    730
  1182    730
  1183    730
  1258    730
  1259    730
  1260    730
  1261    730
  1262    730
  1263    730
  1264    730
  1310    730
  1311    730
  1392    730
  1393    730
  1394    730
  1395    730
  1396    730
  1397    730
  1398    730
  1399    730
  1400    730
  1401    730
  1402    730
  1403    730
  1404    730
  1405    730
  1406    730
  1407    730
  1408    730
  1409    730
  1410    730
  1411    730
  1412    730
  1413    730
  1414    730
  1415    730
  1416    730
  1417    730
  1418    730
  1419    730
  1420    730
  1421    730
  1422    730
  1423    730
  1424    730
  1425    730
  1426    730
  1427    730
  1428    730
  1429    730
  1430    730
  1431    730
  1432    730
  1433    730
  1434    730
  1435    730
  1436    730
  1437    730
  1438    730
  1439    730
  1440    730
  1441    730
  1442    730
  1443    730
  1444    730
  1445    730
  1446    730
  1447    730
  1448    730
  1449    730
  1450    730
  1451    730
  1452    730
  1453    730
  1454    730
  1455    730
  1456    730
  1457    730
  1458    730
  1459    730
  1460    730
  1461    730
  1464    730
  1465    730
  1466    730
  1467    730
  1468    730
  1469    730
  1470    730
  1471    730
  1472    730
   841    731
   842    731
   843    731
   844    731
   845    731
   846    731
   847    731
   848    731
   849    731
   850    731
   851    731
  1071    731
  1072    731
  1073    731
  1074    731
  1075    731
  1079    731
  1080    731
  1081    731
  1101    731
  1105    731
  1106    731
  1107    731
  1108    731
  1127    731
  1135    731
  1136    731
  1137    731
  1138    731
  1139    731
  1140    731
  1141    731
  1142    731
  1143    731
  1144    731
  1145    731
  1146    731
  1147    731
  1148    731
  1149    731
  1150    731
  1151    731
  1152    731
  1153    731
  1154    731
  1155    731
  1156    731
  1157    731
  1158    731
  1159    731
  1160    731
  1161    731
  1162    731
  1174    731
  1175    731
  1176    731
  1177    731
  1178    731
  1179    731
  1180    731
  1181    731
  1182    731
  1183    731
  1184    731
  1200    731
  1201    731
  1202    731
  1203    731
  1204    731
  1205    731
  1206    731
  1216    731
  1217    731
  1218    731
  1219    731
  1220    731
  1221    731
  1222    731
  1223    731
  1224    731
  1225    731
  1226    731
  1227    731
  1228    731
  1229    731
  1230    731
  1231    731
  1232    731
  1233    731
  1234    731
  1235    731
  1236    731
  1237    731
  1238    731
  1239    731
  1240    731
  1241    731
  1242    731
  1243    731
  1244    731
  1245    731
  1248    731
  1249    731
  1250    731
  1251    731
  1252    731
  1253    731
  1254    731
  1255    731
  1256    731
  1257    731
  1258    731
  1259    731
  1269    731
  1270    731
  1271    731
  1272    731
  1273    731
  1274    731
  1275    731
  1276    731
  1277    731
  1278    731
  1279    731
  1280    731
  1281    731
  1282    731
  1283    731
  1284    731
  1285    731
  1286    731
  1287    731
  1288    731
  1289    731
  1290    731
  1291    731
  1292    731
  1293    731
  1294    731
  1295    731
  1296    731
  1297    731
  1298    731
  1299    731
  1300    731
  1301    731
  1302    731
  1303    731
  1304    731
  1305    731
  1306    731
  1307    731
  1308    731
  1309    731
  1310    731
  1311    731
  1312    731
  1313    731
  1314    731
  1315    731
  1316    731
  1317    731
  1318    731
  1319    731
  1320    731
  1321    731
  1322    731
  1323    731
  1324    731
  1325    731
  1326    731
  1327    731
  1328    731
  1329    731
  1330    731
  1331    731
  1332    731
  1333    731
  1334    731
  1335    731
  1336    731
  1337    731
  1338    731
  1339    731
  1340    731
  1341    731
  1342    731
  1343    731
  1344    731
  1345    731
  1346    731
  1347    731
  1385    731
  1386    731
  1387    731
  1388    731
  1389    731
  1390    731
  1391    731
  1392    731
  1393    731
  1394    731
  1395    731
  1396    731
  1397    731
  1398    731
  1399    731
  1400    731
  1401    731
  1402    731
  1403    731
  1404    731
  1405    731
  1406    731
  1407    731
  1408    731
  1409    731
  1410    731
  1411    731
  1412    731
  1413    731
  1414    731
  1415    731
  1416    731
  1417    731
  1418    731
  1419    731
  1420    731
  1421    731
  1422    731
  1423    731
  1424    731
  1425    731
  1426    731
  1427    731
  1428    731
  1429    731
  1430    731
  1431    731
  1432    731
  1433    731
  1434    731
  1435    731
  1436    731
  1437    731
  1438    731
  1439    731
  1440    731
  1441    731
  1442    731
  1443    731
  1444    731
  1445    731
  1446    731
  1447    731
  1448    731
  1449    731
  1450    731
  1451    731
  1452    731
  1453    731
   844    732
   845    732
   846    732
   847    732
   848    732
   849    732
   850    732
   851    732
   852    732
   853    732
   854    732
  1085    732
  1086    732
  1087    732
  1122    732
  1123    732
  1124    732
  1146    732
  1147    732
  1148    732
  1149    732
  1150    732
  1151    732
  1152    732
  1153    732
  1175    732
  1176    732
  1177    732
  1178    732
  1179    732
  1180    732
  1181    732
  1182    732
  1183    732
  1184    732
  1185    732
  1186    732
  1187    732
  1188    732
  1189    732
  1190    732
  1195    732
  1196    732
  1197    732
  1198    732
  1199    732
  1200    732
  1201    732
  1202    732
  1203    732
  1204    732
  1205    732
  1206    732
  1207    732
  1208    732
  1209    732
  1210    732
  1211    732
  1212    732
  1213    732
  1214    732
  1215    732
  1216    732
  1220    732
  1221    732
  1222    732
  1229    732
  1230    732
  1231    732
  1239    732
  1249    732
  1250    732
  1251    732
  1252    732
  1253    732
  1254    732
  1255    732
  1256    732
  1257    732
  1258    732
  1259    732
  1260    732
  1261    732
  1262    732
  1263    732
  1264    732
  1265    732
  1266    732
  1267    732
  1268    732
  1269    732
  1270    732
  1271    732
  1272    732
  1273    732
  1274    732
  1275    732
  1276    732
  1277    732
  1278    732
  1279    732
  1280    732
  1281    732
  1282    732
  1283    732
  1284    732
  1285    732
  1286    732
  1287    732
  1288    732
  1289    732
  1290    732
  1291    732
  1292    732
  1293    732
  1294    732
  1295    732
  1296    732
  1297    732
  1298    732
  1299    732
  1300    732
  1301    732
  1302    732
  1303    732
  1304    732
  1305    732
  1306    732
  1307    732
  1308    732
  1309    732
  1310    732
  1311    732
  1312    732
  1313    732
  1314    732
  1315    732
  1316    732
  1317    732
  1318    732
  1319    732
  1320    732
  1321    732
  1322    732
  1323    732
  1324    732
  1325    732
  1326    732
  1327    732
  1328    732
  1329    732
  1330    732
  1331    732
  1332    732
  1333    732
  1334    732
  1335    732
  1336    732
  1337    732
  1338    732
  1339    732
  1340    732
  1341    732
  1342    732
  1343    732
  1344    732
  1345    732
  1346    732
  1347    732
  1379    732
  1380    732
  1381    732
  1382    732
  1383    732
  1384    732
  1385    732
  1386    732
  1387    732
  1388    732
  1389    732
  1390    732
  1391    732
  1392    732
  1393    732
  1394    732
  1395    732
  1396    732
  1397    732
  1398    732
  1399    732
  1400    732
  1401    732
  1402    732
  1403    732
  1404    732
  1405    732
  1406    732
  1407    732
  1408    732
  1409    732
  1410    732
  1411    732
  1412    732
  1413    732
  1414    732
  1415    732
  1416    732
  1417    732
  1420    732
  1421    732
  1422    732
  1423    732
   847    733
   848    733
   849    733
   850    733
   851    733
   852    733
   853    733
   854    733
   855    733
   856    733
   859    733
   860    733
   861    733
  1117    733
  1118    733
  1119    733
  1120    733
  1134    733
  1135    733
  1136    733
  1151    733
  1152    733
  1153    733
  1154    733
  1155    733
  1156    733
  1157    733
  1158    733
  1159    733
  1160    733
  1161    733
  1162    733
  1163    733
  1245    733
  1246    733
  1247    733
  1257    733
  1258    733
  1259    733
  1260    733
  1261    733
  1262    733
  1263    733
  1264    733
  1265    733
  1266    733
  1267    733
  1268    733
  1269    733
  1270    733
  1271    733
  1272    733
  1273    733
  1274    733
  1275    733
  1276    733
  1277    733
  1278    733
  1279    733
  1280    733
  1281    733
  1282    733
  1283    733
  1284    733
  1285    733
  1286    733
  1287    733
  1288    733
  1289    733
  1290    733
  1291    733
  1292    733
  1293    733
  1294    733
  1295    733
  1296    733
  1297    733
  1298    733
  1299    733
  1300    733
  1301    733
  1302    733
  1303    733
  1304    733
  1305    733
  1306    733
  1307    733
  1308    733
  1309    733
  1310    733
  1311    733
  1312    733
  1313    733
  1314    733
  1315    733
  1316    733
  1317    733
  1318    733
  1319    733
  1320    733
  1321    733
  1322    733
  1323    733
  1324    733
  1325    733
  1326    733
  1327    733
  1328    733
  1329    733
  1330    733
  1331    733
  1332    733
  1333    733
  1334    733
  1335    733
  1336    733
  1337    733
  1338    733
  1339    733
  1340    733
  1341    733
  1386    733
  1387    733
   848    734
   849    734
   850    734
   851    734
   852    734
   853    734
   854    734
   855    734
   856    734
   857    734
   858    734
  1147    734
  1148    734
  1149    734
  1150    734
  1151    734
  1152    734
  1159    734
  1160    734
  1161    734
  1183    734
  1184    734
  1185    734
  1186    734
  1208    734
  1209    734
  1210    734
  1211    734
  1223    734
  1224    734
  1225    734
  1269    734
  1276    734
  1277    734
  1278    734
  1279    734
  1280    734
  1281    734
  1282    734
  1283    734
  1284    734
  1285    734
  1286    734
  1287    734
  1288    734
  1289    734
  1290    734
  1291    734
  1292    734
  1293    734
  1294    734
  1295    734
  1296    734
  1297    734
  1298    734
  1304    734
  1305    734
  1306    734
  1307    734
  1308    734
  1309    734
  1310    734
  1311    734
  1312    734
  1313    734
  1314    734
  1315    734
  1316    734
  1317    734
  1318    734
  1319    734
  1320    734
  1321    734
  1322    734
  1323    734
  1324    734
  1325    734
  1326    734
  1327    734
  1328    734
  1329    734
  1330    734
  1331    734
  1332    734
  1333    734
  1334    734
  1335    734
  1336    734
  1343    734
  1344    734
  1345    734
  1346    734
   850    735
   851    735
   852    735
   853    735
   854    735
   855    735
   856    735
   857    735
   858    735
   859    735
   860    735
  1156    735
  1157    735
  1158    735
  1340    735
  1341    735
  1342    735
   851    736
   852    736
   853    736
   854    736
   855    736
   856    736
   857    736
   858    736
   859    736
   860    736
   861    736
   862    736
   854    737
   855    737
   856    737
   857    737
   858    737
   859    737
   860    737
   861    737
   862    737
   863    737
   855    738
   856    738
   857    738
   858    738
   859    738
   860    738
   861    738
   862    738
   863    738
   864    738
   865    738
   857    739
   858    739
   859    739
   860    739
   861    739
   862    739
   863    739
   864    739
   865    739
   866    739
   858    740
   859    740
   860    740
   861    740
   862    740
   863    740
   864    740
   865    740
   866    740
   858    741
   859    741
   860    741
   861    741
   862    741
   863    741
   864    741
   865    741
   866    741
   867    741
   859    742
   860    742
   861    742
   862    742
   863    742
   864    742
   865    742
   866    742
   867    742
   868    742
   860    743
   861    743
   862    743
   863    743
   864    743
   865    743
   866    743
   867    743
   868    743
   859    744
   860    744
   861    744
   862    744
   863    744
   864    744
   865    744
   866    744
   867    744
   868    744
   869    744
   858    745
   859    745
   860    745
   861    745
   862    745
   863    745
   864    745
   865    745
   866    745
   867    745
   868    745
   869    745
   870    745
   858    746
   859    746
   860    746
   861    746
   862    746
   863    746
   864    746
   865    746
   866    746
   867    746
   868    746
   869    746
   870    746
   860    747
   861    747
   862    747
   863    747
   864    747
   865    747
   866    747
   867    747
   868    747
   869    747
   859    748
   860    748
   861    748
   862    748
   863    748
   864    748
   865    748
   866    748
   867    748
   868    748
   869    748
   870    748
   861    749
   862    749
   863    749
   864    749
   865    749
   866    749
   867    749
   868    749
   869    749
   860    750
   861    750
   862    750
   863    750
   864    750
   865    750
   866    750
   867    750
   868    750
   869    750
   859    751
   860    751
   861    751
   862    751
   863    751
   864    751
   865    751
   866    751
   867    751
   868    751
   869    751
   858    752
   859    752
   860    752
   861    752
   862    752
   863    752
   864    752
   865    752
   866    752
   867    752
   868    752
   853    753
   854    753
   855    753
   856    753
   857    753
   858    753
   859    753
   860    753
   861    753
   862    753
   863    753
   864    753
   865    753
   866    753
   856    754
   857    754
   858    754
   859    754
   860    754
   861    754
   862    754
   863    754
   864    754
   865    754
   866    754
   851    755
   852    755
   853    755
   854    755
   855    755
   856    755
   857    755
   858    755
   859    755
   860    755
   861    755
   862    755
   863    755
   864    755
   865    755
   854    756
   855    756
   856    756
   857    756
   858    756
   859    756
   860    756
   861    756
   862    756
   852    757
   853    757
   854    757
   855    757
   856    757
   857    757
   858    757
   859    757
   860    757
   861    757
   850    758
   851    758
   852    758
   853    758
   854    758
   855    758
   856    758
   857    758
   858    758
   859    758
   860    758
   846    759
   847    759
   848    759
   849    759
   850    759
   851    759
   852    759
   853    759
   854    759
   855    759
   856    759
   857    759
   844    760
   845    760
   846    760
   847    760
   848    760
   849    760
   850    760
   851    760
   852    760
   853    760
   854    760
   855    760
   841    761
   842    761
   843    761
   844    761
   845    761
   846    761
   847    761
   848    761
   849    761
   850    761
   851    761
   852    761
   853    761
   838    762
   839    762
   840    762
   841    762
   842    762
   843    762
   844    762
   845    762
   846    762
   847    762
   848    762
   849    762
   850    762
   837    763
   838    763
   839    763
   840    763
   841    763
   842    763
   843    763
   844    763
   845    763
   846    763
   847    763
   848    763
   834    764
   835    764
   836    764
   837    764
   838    764
   839    764
   840    764
   841    764
   842    764
   843    764
   844    764
   830    765
   831    765
   832    765
   833    765
   834    765
   835    765
   836    765
   837    765
   838    765
   839    765
   840    765
   841    765
   842    765
   828    766
   829    766
   830    766
   831    766
   832    766
   833    766
   834    766
   835    766
   836    766
   837    766
   838    766
   839    766
   840    766
   809    767
   810    767
   811    767
   812    767
   813    767
   824    767
   825    767
   826    767
   827    767
   828    767
   829    767
   830    767
   831    767
   832    767
   833    767
   834    767
   835    767
   836    767
   837    767
   821    768
   822    768
   823    768
   824    768
   825    768
   826    768
   827    768
   828    768
   829    768
   830    768
   831    768
   832    768
   833    768
   834    768
   817    769
   818    769
   819    769
   820    769
   821    769
   822    769
   823    769
   824    769
   825    769
   826    769
   827    769
   828    769
   829    769
   830    769
   812    770
   813    770
   814    770
   815    770
   816    770
   817    770
   818    770
   819    770
   820    770
   821    770
   822    770
   823    770
   824    770
   825    770
   826    770
   827    770
   811    771
   812    771
   813    771
   814    771
   815    771
   816    771
   817    771
   818    771
   819    771
   820    771
   821    771
   822    771
   823    771
   806    772
   807    772
   808    772
   809    772
   810    772
   811    772
   812    772
   813    772
   814    772
   815    772
   816    772
   817    772
   818    772
   819    772
   820    772
   803    773
   804    773
   805    773
   806    773
   807    773
   808    773
   809    773
   810    773
   811    773
   812    773
   813    773
   814    773
   815    773
   816    773
   817    773
   799    774
   800    774
   801    774
   802    774
   803    774
   804    774
   805    774
   806    774
   807    774
   808    774
   809    774
   810    774
   811    774
   795    775
   796    775
   797    775
   798    775
   799    775
   800    775
   801    775
   802    775
   803    775
   804    775
   805    775
   806    775
   807    775
   808    775
   816    775
   817    775
   818    775
   819    775
   792    776
   793    776
   794    776
   795    776
   796    776
   797    776
   798    776
   799    776
   800    776
   801    776
   802    776
   803    776
   804    776
   805    776
   806    776
   807    776
   808    776
   809    776
   810    776
   811    776
   812    776
   813    776
   787    777
   788    777
   789    777
   790    777
   791    777
   792    777
   793    777
   794    777
   795    777
   796    777
   797    777
   798    777
   799    777
   800    777
   801    777
   802    777
   803    777
   804    777
   805    777
   806    777
   807    777
   808    777
   809    777
   790    778
   791    778
   792    778
   793    778
   794    778
   795    778
   796    778
   797    778
   798    778
   799    778
   800    778
   801    778
   802    778
   803    778
   804    778
   805    778
   793    779
   794    779
   795    779
   796    779
   797    779
   798    779
   799    779
   800    779
