   838    714
   839    714
   840    714
   841    714
   842    714
   843    714
   844    714
   845    714
   846    714
   847    714
   848    714
   849    714
   838    715
   839    715
   840    715
   841    715
   842    715
   843    715
   844    715
   845    715
   846    715
   847    715
   848    715
   849    715
   850    715
   851    715
   852    715
   853    715
   854    715
   855    715
   856    715
   857    715
   858    715
   859    715
   860    715
   861    715
   862    715
   863    715
   864    715
   865    715
   866    715
   867    715
   868    715
   869    715
   870    715
   871    715
   872    715
   873    715
   834    716
   835    716
   836    716
   839    716
   840    716
   841    716
   842    716
   843    716
   844    716
   845    716
   846    716
   847    716
   848    716
   849    716
   850    716
   851    716
   852    716
   853    716
   854    716
   855    716
   856    716
   857    716
   858    716
   859    716
   860    716
   861    716
   862    716
   863    716
   864    716
   865    716
   866    716
   867    716
   868    716
   869    716
   870    716
   871    716
   872    716
   873    716
   874    716
   875    716
   876    716
   877    716
   880    716
   881    716
   882    716
   883    716
   884    716
   885    716
   888    716
   889    716
   890    716
   891    716
   892    716
   893    716
   894    716
   895    716
   841    717
   842    717
   843    717
   844    717
   845    717
   846    717
   847    717
   848    717
   849    717
   850    717
   851    717
   852    717
   853    717
   854    717
   855    717
   856    717
   857    717
   858    717
   859    717
   860    717
   861    717
   862    717
   863    717
   864    717
   865    717
   866    717
   867    717
   868    717
   869    717
   870    717
   871    717
   872    717
   873    717
   874    717
   875    717
   876    717
   877    717
   879    717
   880    717
   881    717
   889    717
   890    717
   891    717
   892    717
   893    717
   894    717
   895    717
   896    717
   897    717
   898    717
   899    717
   900    717
   901    717
   902    717
   903    717
   904    717
   905    717
   906    717
   907    717
   908    717
   909    717
   910    717
   911    717
   912    717
   913    717
   914    717
   915    717
   916    717
   917    717
   918    717
   919    717
   920    717
   846    718
   847    718
   848    718
   849    718
   850    718
   851    718
   852    718
   853    718
   854    718
   855    718
   856    718
   857    718
   858    718
   859    718
   861    718
   862    718
   863    718
   864    718
   865    718
   866    718
   867    718
   868    718
   869    718
   870    718
   871    718
   872    718
   873    718
   874    718
   875    718
   876    718
   877    718
   878    718
   879    718
   880    718
   881    718
   882    718
   883    718
   884    718
   885    718
   886    718
   887    718
   888    718
   889    718
   890    718
   891    718
   892    718
   893    718
   894    718
   895    718
   896    718
   897    718
   898    718
   899    718
   900    718
   901    718
   902    718
   903    718
   904    718
   905    718
   906    718
   907    718
   908    718
   909    718
   910    718
   911    718
   912    718
   913    718
   914    718
   915    718
   916    718
   917    718
   918    718
   919    718
   920    718
   921    718
   927    718
   928    718
   929    718
   930    718
   931    718
   932    718
   933    718
   934    718
   935    718
   936    718
   937    718
   938    718
   939    718
   940    718
   941    718
   942    718
   943    718
   944    718
   945    718
   946    718
   947    718
   948    718
   829    719
   830    719
   831    719
   849    719
   850    719
   851    719
   852    719
   853    719
   854    719
   855    719
   856    719
   863    719
   864    719
   865    719
   866    719
   867    719
   870    719
   871    719
   872    719
   873    719
   874    719
   875    719
   876    719
   877    719
   878    719
   879    719
   880    719
   881    719
   882    719
   883    719
   884    719
   885    719
   886    719
   887    719
   888    719
   889    719
   890    719
   891    719
   892    719
   893    719
   894    719
   895    719
   896    719
   897    719
   898    719
   899    719
   900    719
   901    719
   902    719
   903    719
   904    719
   905    719
   906    719
   907    719
   908    719
   909    719
   910    719
   911    719
   912    719
   913    719
   914    719
   915    719
   916    719
   917    719
   918    719
   919    719
   920    719
   921    719
   922    719
   923    719
   924    719
   925    719
   926    719
   927    719
   928    719
   929    719
   930    719
   931    719
   932    719
   933    719
   934    719
   935    719
   936    719
   937    719
   938    719
   939    719
   954    719
   955    719
   956    719
   957    719
   958    719
   959    719
   960    719
   961    719
   962    719
   963    719
   964    719
   965    719
   966    719
   967    719
   968    719
   969    719
   970    719
   971    719
   972    719
   973    719
   974    719
   975    719
   976    719
   977    719
   978    719
   979    719
   980    719
   981    719
   982    719
   983    719
   984    719
   827    720
   828    720
   829    720
   830    720
   831    720
   832    720
   833    720
   834    720
   835    720
   836    720
   842    720
   843    720
   844    720
   845    720
   846    720
   847    720
   848    720
   849    720
   850    720
   851    720
   852    720
   853    720
   858    720
   859    720
   860    720
   861    720
   862    720
   863    720
   864    720
   865    720
   868    720
   869    720
   870    720
   871    720
   872    720
   873    720
   874    720
   875    720
   876    720
   877    720
   878    720
   879    720
   880    720
   881    720
   882    720
   883    720
   884    720
   885    720
   886    720
   887    720
   888    720
   889    720
   890    720
   891    720
   892    720
   893    720
   894    720
   895    720
   896    720
   897    720
   898    720
   899    720
   900    720
   901    720
   902    720
   903    720
   904    720
   905    720
   906    720
   907    720
   908    720
   909    720
   910    720
   911    720
   912    720
   913    720
   914    720
   915    720
   916    720
   917    720
   918    720
   919    720
   920    720
   921    720
   922    720
   923    720
   924    720
   925    720
   926    720
   927    720
   928    720
   929    720
   930    720
   931    720
   932    720
   933    720
   934    720
   935    720
   938    720
   939    720
   948    720
   949    720
   950    720
   951    720
   952    720
   953    720
   954    720
   957    720
   958    720
   959    720
   960    720
   961    720
   962    720
   963    720
   964    720
   965    720
   966    720
   967    720
   968    720
   969    720
   970    720
   971    720
   972    720
   973    720
   974    720
   975    720
   976    720
   977    720
   978    720
   979    720
   980    720
   981    720
   982    720
   983    720
   984    720
  1004    720
  1008    720
  1009    720
  1010    720
  1011    720
  1012    720
  1013    720
  1014    720
  1015    720
  1016    720
  1017    720
  1018    720
  1019    720
  1020    720
  1021    720
  1022    720
  1023    720
   840    721
   841    721
   842    721
   843    721
   844    721
   845    721
   846    721
   847    721
   848    721
   849    721
   850    721
   851    721
   852    721
   853    721
   854    721
   855    721
   856    721
   857    721
   858    721
   859    721
   860    721
   861    721
   862    721
   863    721
   864    721
   865    721
   866    721
   867    721
   868    721
   869    721
   870    721
   871    721
   872    721
   873    721
   874    721
   875    721
   876    721
   877    721
   878    721
   879    721
   880    721
   881    721
   883    721
   884    721
   885    721
   886    721
   887    721
   888    721
   889    721
   890    721
   891    721
   892    721
   893    721
   894    721
   895    721
   896    721
   897    721
   898    721
   899    721
   900    721
   901    721
   902    721
   903    721
   904    721
   905    721
   906    721
   907    721
   908    721
   909    721
   910    721
   911    721
   912    721
   913    721
   914    721
   915    721
   916    721
   917    721
   918    721
   919    721
   920    721
   921    721
   922    721
   923    721
   924    721
   925    721
   926    721
   927    721
   928    721
   929    721
   930    721
   931    721
   932    721
   933    721
   934    721
   935    721
   936    721
   937    721
   939    721
   940    721
   941    721
   942    721
   943    721
   944    721
   945    721
   946    721
   947    721
   948    721
   949    721
   950    721
   951    721
   952    721
   953    721
   954    721
   955    721
   956    721
   957    721
   958    721
   959    721
   963    721
   964    721
   965    721
   966    721
   967    721
   968    721
   969    721
   970    721
   971    721
   972    721
   973    721
   974    721
   975    721
   976    721
   977    721
   991    721
   992    721
   993    721
   994    721
   995    721
   996    721
   997    721
   998    721
  1003    721
  1004    721
  1005    721
  1011    721
  1013    721
  1014    721
  1015    721
  1016    721
  1017    721
  1018    721
  1019    721
  1020    721
  1021    721
  1022    721
  1023    721
  1028    721
  1029    721
  1031    721
  1032    721
  1033    721
  1034    721
  1035    721
  1036    721
  1037    721
  1038    721
  1039    721
  1040    721
  1041    721
  1042    721
  1043    721
  1044    721
  1045    721
  1046    721
  1055    721
  1056    721
  1057    721
  1058    721
  1059    721
  1060    721
  1061    721
  1062    721
  1063    721
  1064    721
  1065    721
  1066    721
  1073    721
  1074    721
  1409    721
  1410    721
  1411    721
  1412    721
  1423    721
  1424    721
  1425    721
  1426    721
  1427    721
  1428    721
  1429    721
  1430    721
  1431    721
  1432    721
  1433    721
  1434    721
  1435    721
  1436    721
  1439    721
  1440    721
  1441    721
  1442    721
  1443    721
  1444    721
  1445    721
   825    722
   826    722
   827    722
   828    722
   829    722
   858    722
   859    722
   860    722
   861    722
   862    722
   863    722
   864    722
   865    722
   866    722
   867    722
   868    722
   869    722
   870    722
   871    722
   872    722
   873    722
   874    722
   878    722
   879    722
   880    722
   881    722
   882    722
   883    722
   884    722
   885    722
   886    722
   887    722
   888    722
   889    722
   890    722
   891    722
   892    722
   893    722
   894    722
   895    722
   896    722
   897    722
   898    722
   899    722
   900    722
   901    722
   902    722
   903    722
   904    722
   905    722
   906    722
   907    722
   908    722
   909    722
   910    722
   911    722
   912    722
   913    722
   914    722
   915    722
   916    722
   917    722
   919    722
   920    722
   921    722
   922    722
   923    722
   924    722
   925    722
   926    722
   927    722
   928    722
   929    722
   930    722
   931    722
   932    722
   933    722
   934    722
   935    722
   936    722
   937    722
   938    722
   939    722
   940    722
   941    722
   942    722
   943    722
   944    722
   945    722
   946    722
   947    722
   948    722
   949    722
   950    722
   951    722
   952    722
   953    722
   954    722
   955    722
   956    722
   957    722
   958    722
   959    722
   960    722
   961    722
   962    722
   963    722
   964    722
   965    722
   966    722
   967    722
   968    722
   969    722
   970    722
   971    722
   972    722
   973    722
   974    722
   975    722
   976    722
   977    722
   978    722
   979    722
   980    722
   981    722
   982    722
   983    722
   984    722
   985    722
   986    722
   987    722
   988    722
   989    722
   990    722
   991    722
   992    722
   993    722
   994    722
   995    722
   996    722
   999    722
  1000    722
  1001    722
  1002    722
  1003    722
  1004    722
  1005    722
  1006    722
  1007    722
  1008    722
  1009    722
  1010    722
  1011    722
  1012    722
  1013    722
  1014    722
  1015    722
  1016    722
  1017    722
  1018    722
  1019    722
  1020    722
  1021    722
  1022    722
  1023    722
  1024    722
  1031    722
  1032    722
  1033    722
  1034    722
  1035    722
  1036    722
  1037    722
  1038    722
  1039    722
  1040    722
  1041    722
  1042    722
  1043    722
  1044    722
  1045    722
  1046    722
  1047    722
  1048    722
  1049    722
  1063    722
  1064    722
  1065    722
  1066    722
  1067    722
  1068    722
  1069    722
  1070    722
  1071    722
  1072    722
  1087    722
  1088    722
  1089    722
  1090    722
  1091    722
  1092    722
  1093    722
  1094    722
  1095    722
  1096    722
  1097    722
  1098    722
  1099    722
  1100    722
  1101    722
  1102    722
  1103    722
  1104    722
  1105    722
  1106    722
  1107    722
  1108    722
  1109    722
  1110    722
  1111    722
  1112    722
  1113    722
  1114    722
  1115    722
  1116    722
  1117    722
  1118    722
  1130    722
  1131    722
  1132    722
  1133    722
  1134    722
  1135    722
  1136    722
  1137    722
  1138    722
  1139    722
  1140    722
  1141    722
  1142    722
  1143    722
  1144    722
  1145    722
  1146    722
  1147    722
  1346    722
  1347    722
  1348    722
  1349    722
  1350    722
  1351    722
  1352    722
  1353    722
  1354    722
  1355    722
  1356    722
  1357    722
  1358    722
  1359    722
  1360    722
  1361    722
  1362    722
  1363    722
  1364    722
  1365    722
  1366    722
  1367    722
  1368    722
  1369    722
  1370    722
  1371    722
  1372    722
  1373    722
  1374    722
  1375    722
  1376    722
  1377    722
  1378    722
  1379    722
  1380    722
  1381    722
  1382    722
  1383    722
  1384    722
  1385    722
  1386    722
  1387    722
  1388    722
  1389    722
  1390    722
  1407    722
  1408    722
  1409    722
  1410    722
  1411    722
  1412    722
  1413    722
  1414    722
  1415    722
  1416    722
  1417    722
  1418    722
  1419    722
  1420    722
  1421    722
  1422    722
  1423    722
   829    723
   830    723
   831    723
   832    723
   879    723
   880    723
   881    723
   882    723
   883    723
   884    723
   885    723
   886    723
   887    723
   888    723
   889    723
   890    723
   891    723
   892    723
   893    723
   894    723
   895    723
   896    723
   897    723
   898    723
   899    723
   900    723
   901    723
   902    723
   903    723
   904    723
   905    723
   906    723
   907    723
   908    723
   909    723
   910    723
   911    723
   912    723
   913    723
   914    723
   915    723
   916    723
   917    723
   918    723
   919    723
   920    723
   921    723
   922    723
   923    723
   924    723
   925    723
   926    723
   927    723
   928    723
   929    723
   930    723
   931    723
   932    723
   933    723
   934    723
   935    723
   936    723
   937    723
   938    723
   939    723
   940    723
   941    723
   942    723
   943    723
   944    723
   945    723
   946    723
   947    723
   948    723
   949    723
   950    723
   951    723
   952    723
   953    723
   954    723
   955    723
   956    723
   959    723
   960    723
   961    723
   962    723
   963    723
   964    723
   965    723
   966    723
   967    723
   968    723
   969    723
   970    723
   971    723
   972    723
   973    723
   974    723
   975    723
   976    723
   977    723
   978    723
   979    723
   980    723
   981    723
   982    723
   983    723
   984    723
   985    723
   986    723
   987    723
   988    723
   989    723
   990    723
   991    723
   992    723
   993    723
   994    723
   995    723
   996    723
   999    723
  1000    723
  1001    723
  1002    723
  1003    723
  1004    723
  1005    723
  1006    723
  1007    723
  1008    723
  1009    723
  1010    723
  1011    723
  1012    723
  1013    723
  1014    723
  1015    723
  1016    723
  1017    723
  1018    723
  1019    723
  1020    723
  1021    723
  1022    723
  1023    723
  1024    723
  1025    723
  1026    723
  1027    723
  1028    723
  1029    723
  1030    723
  1031    723
  1032    723
  1033    723
  1034    723
  1035    723
  1036    723
  1037    723
  1038    723
  1039    723
  1040    723
  1041    723
  1042    723
  1043    723
  1044    723
  1045    723
  1046    723
  1047    723
  1048    723
  1049    723
  1050    723
  1051    723
  1052    723
  1053    723
  1054    723
  1055    723
  1056    723
  1057    723
  1058    723
  1059    723
  1060    723
  1061    723
  1062    723
  1063    723
  1064    723
  1065    723
  1066    723
  1067    723
  1068    723
  1069    723
  1070    723
  1071    723
  1072    723
  1073    723
  1074    723
  1075    723
  1076    723
  1077    723
  1078    723
  1079    723
  1080    723
  1081    723
  1082    723
  1083    723
  1084    723
  1085    723
  1086    723
  1087    723
  1088    723
  1089    723
  1090    723
  1091    723
  1092    723
  1093    723
  1094    723
  1095    723
  1096    723
  1097    723
  1098    723
  1099    723
  1100    723
  1101    723
  1102    723
  1103    723
  1104    723
  1105    723
  1106    723
  1107    723
  1108    723
  1109    723
  1110    723
  1131    723
  1132    723
  1133    723
  1134    723
  1137    723
  1138    723
  1147    723
  1148    723
  1149    723
  1150    723
  1151    723
  1152    723
  1157    723
  1167    723
  1168    723
  1169    723
  1170    723
  1171    723
  1172    723
  1173    723
  1174    723
  1175    723
  1176    723
  1177    723
  1178    723
  1179    723
  1180    723
  1181    723
  1182    723
  1183    723
  1184    723
  1185    723
  1186    723
  1187    723
  1188    723
  1189    723
  1198    723
  1199    723
  1200    723
  1201    723
  1202    723
  1203    723
  1204    723
  1205    723
  1206    723
  1207    723
  1208    723
  1209    723
  1210    723
  1211    723
  1212    723
  1213    723
  1214    723
  1215    723
  1216    723
  1217    723
  1218    723
  1219    723
  1220    723
  1221    723
  1222    723
  1223    723
  1224    723
  1225    723
  1226    723
  1227    723
  1228    723
  1229    723
  1231    723
  1232    723
  1233    723
  1234    723
  1235    723
  1236    723
  1237    723
  1238    723
  1239    723
  1240    723
  1241    723
  1242    723
  1243    723
  1244    723
  1245    723
  1246    723
  1247    723
  1248    723
  1249    723
  1250    723
  1251    723
  1252    723
  1253    723
  1254    723
  1255    723
  1256    723
  1257    723
  1258    723
  1259    723
  1260    723
  1261    723
  1262    723
  1263    723
  1264    723
  1265    723
  1266    723
  1267    723
  1268    723
  1269    723
  1270    723
  1271    723
  1272    723
  1273    723
  1274    723
  1275    723
  1276    723
  1277    723
  1278    723
  1279    723
  1280    723
  1281    723
  1282    723
  1283    723
  1284    723
  1285    723
  1286    723
  1287    723
  1288    723
  1289    723
  1290    723
  1291    723
  1292    723
  1293    723
  1294    723
  1295    723
  1296    723
  1297    723
  1298    723
  1299    723
  1300    723
  1301    723
  1302    723
  1303    723
  1304    723
  1305    723
  1306    723
  1307    723
  1308    723
  1309    723
  1310    723
  1311    723
  1312    723
  1313    723
  1314    723
  1315    723
  1316    723
  1317    723
  1318    723
  1322    723
  1323    723
  1324    723
  1325    723
  1326    723
  1327    723
  1328    723
  1334    723
  1335    723
  1336    723
  1344    723
  1345    723
  1346    723
  1347    723
  1348    723
  1349    723
  1350    723
  1351    723
  1352    723
  1353    723
  1354    723
  1355    723
  1356    723
  1357    723
  1358    723
  1359    723
  1360    723
  1361    723
  1362    723
  1363    723
  1364    723
  1365    723
  1366    723
  1367    723
  1368    723
  1369    723
  1370    723
  1371    723
  1372    723
  1373    723
  1374    723
  1375    723
  1376    723
  1377    723
  1378    723
  1379    723
  1380    723
  1381    723
  1382    723
  1383    723
  1384    723
  1385    723
  1386    723
  1387    723
  1388    723
  1389    723
  1390    723
  1391    723
  1392    723
  1412    723
   822    724
   829    724
   830    724
   831    724
   832    724
   833    724
   834    724
   884    724
   885    724
   886    724
   887    724
   888    724
   889    724
   890    724
   891    724
   892    724
   893    724
   895    724
   896    724
   897    724
   899    724
   900    724
   901    724
   902    724
   903    724
   904    724
   905    724
   906    724
   907    724
   908    724
   909    724
   910    724
   911    724
   912    724
   913    724
   914    724
   915    724
   916    724
   917    724
   918    724
   919    724
   920    724
   921    724
   922    724
   923    724
   924    724
   925    724
   926    724
   927    724
   928    724
   929    724
   930    724
   931    724
   932    724
   933    724
   934    724
   935    724
   936    724
   937    724
   938    724
   939    724
   940    724
   941    724
   942    724
   943    724
   944    724
   945    724
   947    724
   948    724
   949    724
   950    724
   951    724
   952    724
   953    724
   954    724
   955    724
   956    724
   957    724
   958    724
   959    724
   960    724
   961    724
   962    724
   963    724
   964    724
   965    724
   966    724
   967    724
   968    724
   969    724
   970    724
   971    724
   972    724
   973    724
   974    724
   975    724
   976    724
   977    724
   978    724
   979    724
   980    724
   981    724
   982    724
   983    724
   984    724
   985    724
   986    724
   987    724
   988    724
   989    724
   990    724
   991    724
   992    724
   993    724
   994    724
   995    724
   996    724
   997    724
   998    724
   999    724
  1000    724
  1001    724
  1002    724
  1003    724
  1004    724
  1005    724
  1006    724
  1007    724
  1008    724
  1009    724
  1010    724
  1011    724
  1012    724
  1013    724
  1014    724
  1015    724
  1016    724
  1017    724
  1018    724
  1019    724
  1020    724
  1021    724
  1022    724
  1023    724
  1024    724
  1025    724
  1026    724
  1027    724
  1028    724
  1029    724
  1030    724
  1031    724
  1032    724
  1033    724
  1034    724
  1035    724
  1036    724
  1037    724
  1038    724
  1039    724
  1040    724
  1041    724
  1042    724
  1043    724
  1044    724
  1045    724
  1046    724
  1047    724
  1048    724
  1049    724
  1050    724
  1051    724
  1052    724
  1053    724
  1054    724
  1055    724
  1056    724
  1057    724
  1058    724
  1059    724
  1060    724
  1061    724
  1062    724
  1063    724
  1064    724
  1065    724
  1066    724
  1067    724
  1068    724
  1069    724
  1070    724
  1071    724
  1072    724
  1073    724
  1074    724
  1075    724
  1076    724
  1077    724
  1078    724
  1079    724
  1080    724
  1081    724
  1082    724
  1083    724
  1084    724
  1085    724
  1086    724
  1087    724
  1088    724
  1089    724
  1090    724
  1091    724
  1092    724
  1093    724
  1094    724
  1095    724
  1096    724
  1097    724
  1098    724
  1099    724
  1100    724
  1101    724
  1102    724
  1103    724
  1104    724
  1105    724
  1106    724
  1107    724
  1108    724
  1109    724
  1110    724
  1111    724
  1117    724
  1118    724
  1119    724
  1120    724
  1121    724
  1122    724
  1128    724
  1129    724
  1130    724
  1131    724
  1132    724
  1133    724
  1134    724
  1135    724
  1136    724
  1137    724
  1138    724
  1139    724
  1140    724
  1141    724
  1142    724
  1143    724
  1144    724
  1145    724
  1146    724
  1147    724
  1148    724
  1149    724
  1150    724
  1151    724
  1152    724
  1153    724
  1154    724
  1155    724
  1156    724
  1157    724
  1158    724
  1159    724
  1160    724
  1161    724
  1162    724
  1168    724
  1169    724
  1170    724
  1171    724
  1172    724
  1173    724
  1174    724
  1175    724
  1176    724
  1177    724
  1178    724
  1179    724
  1180    724
  1181    724
  1182    724
  1183    724
  1184    724
  1185    724
  1186    724
  1187    724
  1188    724
  1189    724
  1190    724
  1204    724
  1205    724
  1206    724
  1207    724
  1208    724
  1209    724
  1210    724
  1211    724
  1212    724
  1213    724
  1214    724
  1215    724
  1216    724
  1217    724
  1218    724
  1219    724
  1220    724
  1221    724
  1222    724
  1231    724
  1232    724
  1233    724
  1234    724
  1235    724
  1236    724
  1237    724
  1238    724
  1239    724
  1240    724
  1241    724
  1242    724
  1243    724
  1244    724
  1245    724
  1246    724
  1247    724
  1248    724
  1256    724
  1257    724
  1258    724
  1259    724
  1260    724
  1261    724
  1262    724
  1263    724
  1264    724
  1266    724
  1267    724
  1268    724
  1269    724
  1270    724
  1271    724
  1272    724
  1273    724
  1274    724
  1275    724
  1276    724
  1277    724
  1278    724
  1279    724
  1280    724
  1281    724
  1283    724
  1284    724
  1285    724
  1286    724
  1287    724
  1288    724
  1289    724
  1290    724
  1291    724
  1292    724
  1293    724
  1294    724
  1295    724
  1310    724
  1311    724
  1312    724
  1313    724
  1314    724
  1323    724
  1324    724
  1325    724
  1333    724
  1334    724
  1335    724
  1336    724
  1337    724
  1338    724
  1344    724
  1345    724
  1346    724
  1347    724
  1348    724
  1349    724
  1350    724
  1351    724
  1367    724
  1374    724
  1375    724
  1376    724
  1419    724
  1420    724
  1421    724
   819    725
   820    725
   821    725
   822    725
   823    725
   824    725
   825    725
   826    725
   888    725
   889    725
   890    725
   903    725
   904    725
   905    725
   906    725
   907    725
   919    725
   920    725
   921    725
   922    725
   923    725
   925    725
   926    725
   927    725
   928    725
   929    725
   930    725
   931    725
   932    725
   933    725
   934    725
   935    725
   936    725
   937    725
   938    725
   939    725
   940    725
   941    725
   942    725
   943    725
   944    725
   952    725
   953    725
   954    725
   955    725
   956    725
   957    725
   958    725
   959    725
   960    725
   961    725
   962    725
   963    725
   964    725
   965    725
   966    725
   967    725
   968    725
   969    725
   970    725
   971    725
   972    725
   973    725
   974    725
   975    725
   976    725
   977    725
   978    725
   979    725
   980    725
   981    725
   982    725
   983    725
   984    725
   985    725
   986    725
   987    725
   988    725
   989    725
   990    725
   991    725
   992    725
   993    725
   994    725
   995    725
   996    725
   997    725
   998    725
   999    725
  1000    725
  1001    725
  1002    725
  1003    725
  1004    725
  1005    725
  1006    725
  1007    725
  1008    725
  1009    725
  1010    725
  1011    725
  1012    725
  1013    725
  1023    725
  1024    725
  1025    725
  1026    725
  1027    725
  1028    725
  1029    725
  1030    725
  1031    725
  1032    725
  1033    725
  1034    725
  1035    725
  1036    725
  1037    725
  1038    725
  1039    725
  1040    725
  1041    725
  1042    725
  1043    725
  1044    725
  1045    725
  1046    725
  1047    725
  1048    725
  1049    725
  1050    725
  1051    725
  1052    725
  1053    725
  1054    725
  1055    725
  1056    725
  1057    725
  1058    725
  1059    725
  1060    725
  1061    725
  1062    725
  1063    725
  1064    725
  1065    725
  1066    725
  1067    725
  1068    725
  1069    725
  1070    725
  1071    725
  1072    725
  1073    725
  1074    725
  1079    725
  1080    725
  1081    725
  1082    725
  1083    725
  1084    725
  1085    725
  1086    725
  1087    725
  1088    725
  1089    725
  1090    725
  1091    725
  1093    725
  1094    725
  1095    725
  1096    725
  1097    725
  1098    725
  1099    725
  1100    725
  1101    725
  1102    725
  1103    725
  1104    725
  1105    725
  1106    725
  1107    725
  1108    725
  1109    725
  1117    725
  1118    725
  1119    725
  1120    725
  1121    725
  1122    725
  1132    725
  1133    725
  1134    725
  1135    725
  1136    725
  1137    725
  1138    725
  1139    725
  1140    725
  1141    725
  1142    725
  1143    725
  1144    725
  1145    725
  1146    725
  1147    725
  1148    725
  1149    725
  1150    725
  1151    725
  1152    725
  1153    725
  1154    725
  1155    725
  1156    725
  1157    725
  1158    725
  1159    725
  1160    725
  1168    725
  1169    725
  1170    725
  1171    725
  1172    725
  1173    725
  1174    725
  1175    725
  1176    725
  1177    725
  1178    725
  1179    725
  1180    725
  1181    725
  1182    725
  1183    725
  1184    725
  1185    725
  1186    725
  1187    725
  1188    725
  1189    725
  1190    725
  1191    725
  1203    725
  1204    725
  1205    725
  1206    725
  1207    725
  1208    725
  1210    725
  1211    725
  1214    725
  1215    725
  1216    725
  1223    725
  1234    725
  1235    725
  1236    725
  1237    725
  1238    725
  1239    725
  1240    725
  1241    725
  1242    725
  1243    725
  1244    725
  1245    725
  1246    725
  1247    725
  1248    725
  1249    725
  1250    725
  1251    725
  1252    725
  1275    725
  1276    725
  1277    725
  1283    725
  1284    725
  1285    725
  1286    725
  1287    725
  1288    725
  1289    725
  1290    725
  1291    725
  1292    725
  1293    725
  1294    725
  1295    725
  1296    725
  1309    725
  1310    725
  1311    725
  1363    725
  1364    725
  1365    725
  1371    725
  1372    725
  1373    725
  1374    725
   820    726
   821    726
   822    726
   823    726
   824    726
   825    726
   826    726
   827    726
   828    726
   829    726
   830    726
   838    726
   839    726
   840    726
   903    726
   904    726
   905    726
   906    726
   907    726
   934    726
   935    726
   951    726
   952    726
   953    726
   954    726
   955    726
   956    726
   957    726
   958    726
   959    726
   960    726
   961    726
   962    726
   963    726
   964    726
   965    726
   966    726
   967    726
   968    726
   970    726
   971    726
   972    726
   973    726
   974    726
   975    726
   976    726
   977    726
   978    726
   979    726
   980    726
   981    726
   982    726
   983    726
   984    726
   985    726
   986    726
   987    726
   988    726
   989    726
   990    726
   991    726
   992    726
   993    726
   994    726
   995    726
   996    726
   997    726
   998    726
   999    726
  1000    726
  1001    726
  1002    726
  1003    726
  1004    726
  1005    726
  1006    726
  1007    726
  1008    726
  1009    726
  1010    726
  1011    726
  1012    726
  1013    726
  1014    726
  1015    726
  1016    726
  1017    726
  1018    726
  1019    726
  1020    726
  1021    726
  1024    726
  1025    726
  1026    726
  1027    726
  1028    726
  1030    726
  1031    726
  1032    726
  1033    726
  1034    726
  1035    726
  1036    726
  1037    726
  1038    726
  1039    726
  1040    726
  1041    726
  1042    726
  1043    726
  1044    726
  1045    726
  1046    726
  1047    726
  1048    726
  1049    726
  1050    726
  1051    726
  1052    726
  1053    726
  1054    726
  1055    726
  1056    726
  1057    726
  1058    726
  1060    726
  1061    726
  1062    726
  1063    726
  1064    726
  1065    726
  1067    726
  1068    726
  1069    726
  1070    726
  1071    726
  1072    726
  1073    726
  1074    726
  1075    726
  1077    726
  1078    726
  1079    726
  1080    726
  1083    726
  1084    726
  1085    726
  1086    726
  1087    726
  1088    726
  1089    726
  1090    726
  1091    726
  1092    726
  1093    726
  1094    726
  1095    726
  1099    726
  1100    726
  1101    726
  1102    726
  1103    726
  1104    726
  1105    726
  1106    726
  1107    726
  1108    726
  1115    726
  1116    726
  1117    726
  1118    726
  1119    726
  1120    726
  1121    726
  1122    726
  1132    726
  1143    726
  1144    726
  1145    726
  1147    726
  1148    726
  1149    726
  1150    726
  1151    726
  1152    726
  1153    726
  1154    726
  1155    726
  1156    726
  1157    726
  1184    726
  1185    726
  1211    726
  1212    726
  1213    726
  1214    726
  1218    726
  1219    726
  1220    726
  1221    726
  1222    726
  1232    726
  1233    726
  1234    726
  1235    726
  1236    726
  1237    726
  1238    726
  1239    726
  1240    726
  1241    726
  1273    726
  1274    726
  1275    726
  1276    726
  1277    726
  1278    726
  1279    726
  1290    726
  1291    726
  1292    726
  1301    726
  1302    726
  1303    726
  1304    726
  1305    726
  1306    726
  1307    726
  1311    726
  1312    726
  1313    726
  1391    726
  1392    726
  1393    726
  1430    726
  1431    726
  1432    726
  1433    726
  1434    726
  1435    726
  1454    726
  1455    726
  1473    726
  1474    726
  1475    726
   824    727
   825    727
   826    727
   827    727
   828    727
   829    727
   830    727
   831    727
   832    727
   833    727
   834    727
   835    727
   971    727
   972    727
   973    727
   974    727
   975    727
   976    727
   977    727
   978    727
   979    727
   980    727
   981    727
   982    727
   983    727
   984    727
   985    727
   986    727
   987    727
   988    727
   989    727
   990    727
   991    727
   992    727
   993    727
   994    727
   995    727
   996    727
   997    727
   998    727
   999    727
  1000    727
  1001    727
  1002    727
  1003    727
  1004    727
  1005    727
  1006    727
  1007    727
  1008    727
  1011    727
  1012    727
  1013    727
  1014    727
  1015    727
  1016    727
  1019    727
  1020    727
  1021    727
  1022    727
  1023    727
  1024    727
  1025    727
  1026    727
  1027    727
  1028    727
  1029    727
  1030    727
  1031    727
  1032    727
  1033    727
  1034    727
  1035    727
  1036    727
  1037    727
  1038    727
  1039    727
  1040    727
  1041    727
  1042    727
  1043    727
  1044    727
  1045    727
  1046    727
  1047    727
  1048    727
  1049    727
  1050    727
  1051    727
  1052    727
  1053    727
  1054    727
  1055    727
  1056    727
  1060    727
  1061    727
  1062    727
  1063    727
  1064    727
  1065    727
  1066    727
  1067    727
  1068    727
  1070    727
  1081    727
  1082    727
  1083    727
  1084    727
  1085    727
  1086    727
  1087    727
  1088    727
  1089    727
  1091    727
  1092    727
  1093    727
  1094    727
  1095    727
  1096    727
  1104    727
  1105    727
  1113    727
  1114    727
  1115    727
  1116    727
  1117    727
  1118    727
  1119    727
  1120    727
  1121    727
  1127    727
  1128    727
  1129    727
  1143    727
  1144    727
  1145    727
  1146    727
  1147    727
  1150    727
  1151    727
  1152    727
  1184    727
  1185    727
  1213    727
  1214    727
  1215    727
  1216    727
  1217    727
  1218    727
  1219    727
  1220    727
  1221    727
  1222    727
  1223    727
  1224    727
  1225    727
  1226    727
  1227    727
  1232    727
  1233    727
  1234    727
  1235    727
  1236    727
  1237    727
  1238    727
  1239    727
  1240    727
  1276    727
  1277    727
  1278    727
  1279    727
  1280    727
  1294    727
  1295    727
  1296    727
  1311    727
  1312    727
  1313    727
  1429    727
  1430    727
  1431    727
  1435    727
  1436    727
  1437    727
  1438    727
  1439    727
  1440    727
  1441    727
  1449    727
  1450    727
  1451    727
  1453    727
  1454    727
  1455    727
  1456    727
   828    728
   829    728
   830    728
   831    728
   832    728
   833    728
   834    728
   835    728
   836    728
   837    728
   977    728
   978    728
   979    728
   980    728
   985    728
   986    728
   987    728
   988    728
   991    728
   992    728
   993    728
   994    728
   995    728
   996    728
   997    728
   998    728
   999    728
  1000    728
  1001    728
  1002    728
  1003    728
  1004    728
  1005    728
  1006    728
  1007    728
  1008    728
  1009    728
  1010    728
  1011    728
  1012    728
  1013    728
  1014    728
  1015    728
  1016    728
  1017    728
  1018    728
  1019    728
  1020    728
  1021    728
  1022    728
  1023    728
  1024    728
  1025    728
  1026    728
  1027    728
  1028    728
  1029    728
  1030    728
  1031    728
  1032    728
  1034    728
  1035    728
  1036    728
  1037    728
  1038    728
  1039    728
  1040    728
  1041    728
  1042    728
  1043    728
  1044    728
  1045    728
  1046    728
  1047    728
  1048    728
  1049    728
  1050    728
  1051    728
  1052    728
  1053    728
  1054    728
  1055    728
  1056    728
  1057    728
  1058    728
  1059    728
  1060    728
  1061    728
  1062    728
  1063    728
  1064    728
  1065    728
  1066    728
  1067    728
  1068    728
  1069    728
  1070    728
  1071    728
  1072    728
  1073    728
  1074    728
  1075    728
  1076    728
  1077    728
  1078    728
  1079    728
  1080    728
  1081    728
  1082    728
  1083    728
  1084    728
  1085    728
  1086    728
  1087    728
  1088    728
  1089    728
  1091    728
  1092    728
  1100    728
  1101    728
  1102    728
  1103    728
  1104    728
  1105    728
  1106    728
  1107    728
  1108    728
  1109    728
  1110    728
  1111    728
  1112    728
  1113    728
  1114    728
  1115    728
  1116    728
  1117    728
  1118    728
  1119    728
  1144    728
  1146    728
  1147    728
  1148    728
  1149    728
  1150    728
  1183    728
  1184    728
  1185    728
  1189    728
  1190    728
  1191    728
  1192    728
  1206    728
  1207    728
  1208    728
  1218    728
  1219    728
  1273    728
  1274    728
  1275    728
  1276    728
  1277    728
  1278    728
  1279    728
  1281    728
  1282    728
  1283    728
  1293    728
  1294    728
  1295    728
  1296    728
  1392    728
  1393    728
  1394    728
  1395    728
  1427    728
  1428    728
  1429    728
  1430    728
  1431    728
  1432    728
  1435    728
  1436    728
  1437    728
  1498    728
  1499    728
  1500    728
  1501    728
  1502    728
  1503    728
  1504    728
  1505    728
  1506    728
  1507    728
  1508    728
  1509    728
  1510    728
  1511    728
  1512    728
   831    729
   832    729
   833    729
   834    729
   835    729
   836    729
   837    729
   838    729
   839    729
   840    729
   841    729
   848    729
   849    729
   850    729
   851    729
  1002    729
  1003    729
  1004    729
  1005    729
  1006    729
  1007    729
  1008    729
  1009    729
  1038    729
  1039    729
  1040    729
  1041    729
  1042    729
  1043    729
  1044    729
  1045    729
  1046    729
  1047    729
  1048    729
  1049    729
  1050    729
  1051    729
  1052    729
  1053    729
  1054    729
  1055    729
  1056    729
  1057    729
  1058    729
  1059    729
  1060    729
  1061    729
  1062    729
  1063    729
  1064    729
  1065    729
  1066    729
  1067    729
  1068    729
  1069    729
  1070    729
  1071    729
  1072    729
  1073    729
  1074    729
  1075    729
  1076    729
  1077    729
  1078    729
  1079    729
  1080    729
  1081    729
  1082    729
  1083    729
  1084    729
  1085    729
  1086    729
  1087    729
  1088    729
  1089    729
  1090    729
  1091    729
  1092    729
  1095    729
  1096    729
  1097    729
  1098    729
  1099    729
  1100    729
  1101    729
  1102    729
  1103    729
  1104    729
  1105    729
  1106    729
  1107    729
  1108    729
  1109    729
  1110    729
  1111    729
  1112    729
  1113    729
  1114    729
  1115    729
  1116    729
  1117    729
  1118    729
  1119    729
  1120    729
  1127    729
  1128    729
  1167    729
  1168    729
  1169    729
  1191    729
  1192    729
  1193    729
  1235    729
  1236    729
  1237    729
  1238    729
  1239    729
  1240    729
  1260    729
  1261    729
  1262    729
  1264    729
  1265    729
  1266    729
  1269    729
  1270    729
  1271    729
  1272    729
  1273    729
  1274    729
  1275    729
  1276    729
  1277    729
  1278    729
  1279    729
  1280    729
  1281    729
  1282    729
  1283    729
  1284    729
  1285    729
  1286    729
  1287    729
  1288    729
  1289    729
  1290    729
  1293    729
  1294    729
  1295    729
  1296    729
  1297    729
  1298    729
  1299    729
  1303    729
  1304    729
  1305    729
  1306    729
  1307    729
  1314    729
  1315    729
  1316    729
  1317    729
  1318    729
  1370    729
  1371    729
  1372    729
  1375    729
  1376    729
  1377    729
  1378    729
  1379    729
  1383    729
  1384    729
  1385    729
  1386    729
  1387    729
  1388    729
  1389    729
  1390    729
  1391    729
  1392    729
  1393    729
  1394    729
  1395    729
  1465    729
  1466    729
  1467    729
  1468    729
  1469    729
  1470    729
  1471    729
  1472    729
  1473    729
  1474    729
  1475    729
  1476    729
  1477    729
  1478    729
  1479    729
  1480    729
  1481    729
  1482    729
  1483    729
  1484    729
  1485    729
  1486    729
  1487    729
  1488    729
  1489    729
  1490    729
  1491    729
  1492    729
  1493    729
  1494    729
  1495    729
  1496    729
  1497    729
  1498    729
  1499    729
  1500    729
  1501    729
  1502    729
  1503    729
  1504    729
  1505    729
  1506    729
  1507    729
  1508    729
  1509    729
  1510    729
  1511    729
  1512    729
  1513    729
  1514    729
   833    730
   834    730
   835    730
   836    730
   837    730
   838    730
   839    730
   840    730
   841    730
   842    730
   843    730
  1004    730
  1005    730
  1006    730
  1007    730
  1008    730
  1043    730
  1044    730
  1045    730
  1046    730
  1047    730
  1048    730
  1049    730
  1060    730
  1067    730
  1068    730
  1069    730
  1073    730
  1074    730
  1079    730
  1080    730
  1081    730
  1082    730
  1083    730
  1084    730
  1085    730
  1086    730
  1087    730
  1088    730
  1089    730
  1090    730
  1091    730
  1092    730
  1095    730
  1096    730
  1097    730
  1098    730
  1099    730
  1100    730
  1101    730
  1102    730
  1103    730
  1104    730
  1105    730
  1106    730
  1107    730
  1108    730
  1109    730
  1110    730
  1111    730
  1112    730
  1113    730
  1114    730
  1115    730
  1116    730
  1117    730
  1118    730
  1119    730
  1120    730
  1121    730
  1122    730
  1131    730
  1132    730
  1133    730
  1134    730
  1146    730
  1147    730
  1149    730
  1150    730
  1151    730
  1152    730
  1153    730
  1154    730
  1155    730
  1156    730
  1157    730
  1158    730
  1163    730
  1164    730
  1165    730
  1166    730
  1167    730
  1168    730
  1172    730
  1173    730
  1174    730
  1237    730
  1238    730
  1239    730
  1240    730
  1351    730
  1352    730
  1353    730
  1354    730
  1355    730
  1425    730
  1426    730
  1427    730
  1428    730
  1429    730
  1430    730
  1431    730
  1432    730
  1433    730
  1434    730
  1435    730
  1436    730
  1437    730
  1438    730
  1439    730
  1440    730
  1441    730
  1442    730
  1443    730
  1444    730
  1445    730
  1446    730
  1447    730
  1448    730
  1449    730
  1450    730
  1451    730
  1452    730
  1453    730
  1454    730
  1455    730
  1456    730
  1457    730
  1458    730
  1459    730
  1460    730
  1461    730
  1462    730
  1463    730
  1464    730
  1465    730
  1466    730
  1467    730
  1468    730
  1469    730
  1470    730
  1471    730
  1472    730
  1473    730
  1474    730
  1475    730
  1476    730
  1477    730
  1478    730
  1479    730
  1480    730
  1481    730
  1482    730
  1483    730
  1484    730
  1485    730
  1486    730
  1487    730
  1488    730
  1489    730
  1490    730
  1491    730
  1492    730
  1493    730
  1494    730
  1495    730
  1496    730
  1497    730
  1498    730
  1499    730
  1500    730
  1501    730
  1502    730
  1503    730
  1504    730
  1505    730
  1506    730
  1507    730
  1508    730
  1509    730
  1510    730
  1511    730
  1512    730
  1513    730
  1514    730
  1515    730
   837    731
   838    731
   839    731
   840    731
   841    731
   842    731
   843    731
   844    731
   845    731
   846    731
  1047    731
  1072    731
  1079    731
  1080    731
  1081    731
  1082    731
  1087    731
  1088    731
  1089    731
  1090    731
  1091    731
  1098    731
  1099    731
  1100    731
  1101    731
  1102    731
  1103    731
  1104    731
  1105    731
  1106    731
  1107    731
  1108    731
  1109    731
  1110    731
  1111    731
  1112    731
  1113    731
  1114    731
  1115    731
  1116    731
  1117    731
  1118    731
  1119    731
  1120    731
  1146    731
  1147    731
  1148    731
  1149    731
  1150    731
  1151    731
  1152    731
  1153    731
  1154    731
  1155    731
  1156    731
  1157    731
  1158    731
  1159    731
  1160    731
  1161    731
  1165    731
  1166    731
  1167    731
  1168    731
  1169    731
  1170    731
  1171    731
  1172    731
  1173    731
  1174    731
  1175    731
  1176    731
  1177    731
  1178    731
  1179    731
  1180    731
  1181    731
  1182    731
  1183    731
  1185    731
  1186    731
  1187    731
  1191    731
  1192    731
  1193    731
  1202    731
  1203    731
  1210    731
  1211    731
  1212    731
  1213    731
  1214    731
  1389    731
  1390    731
  1391    731
  1392    731
  1393    731
  1394    731
  1395    731
  1396    731
  1397    731
  1398    731
  1399    731
  1400    731
  1401    731
  1402    731
  1403    731
  1404    731
  1405    731
  1406    731
  1407    731
  1408    731
  1409    731
  1410    731
  1411    731
  1412    731
  1413    731
  1414    731
  1415    731
  1416    731
  1417    731
  1418    731
  1419    731
  1420    731
  1421    731
  1422    731
  1423    731
  1424    731
  1425    731
  1426    731
  1427    731
  1428    731
  1429    731
  1430    731
  1431    731
  1432    731
  1433    731
  1434    731
  1435    731
  1436    731
  1437    731
  1438    731
  1439    731
  1440    731
  1441    731
  1442    731
  1443    731
  1444    731
  1445    731
  1446    731
  1447    731
  1448    731
  1449    731
  1450    731
  1451    731
  1452    731
  1453    731
  1454    731
  1455    731
  1456    731
  1457    731
  1458    731
  1459    731
  1460    731
  1461    731
  1462    731
  1463    731
  1464    731
  1465    731
  1466    731
  1467    731
  1468    731
  1469    731
  1470    731
  1471    731
  1472    731
  1473    731
  1474    731
  1475    731
  1476    731
  1477    731
  1478    731
  1479    731
  1480    731
  1481    731
  1482    731
  1483    731
  1484    731
  1485    731
  1486    731
  1487    731
  1488    731
  1492    731
  1493    731
  1494    731
   840    732
   841    732
   842    732
   843    732
   844    732
   845    732
   846    732
   847    732
   848    732
   849    732
   850    732
   851    732
  1111    732
  1112    732
  1113    732
  1114    732
  1141    732
  1142    732
  1145    732
  1146    732
  1147    732
  1148    732
  1149    732
  1150    732
  1151    732
  1152    732
  1153    732
  1154    732
  1155    732
  1156    732
  1157    732
  1158    732
  1159    732
  1160    732
  1161    732
  1162    732
  1163    732
  1164    732
  1165    732
  1166    732
  1167    732
  1168    732
  1169    732
  1170    732
  1171    732
  1172    732
  1173    732
  1174    732
  1175    732
  1176    732
  1177    732
  1178    732
  1217    732
  1218    732
  1220    732
  1221    732
  1222    732
  1223    732
  1224    732
  1225    732
  1226    732
  1227    732
  1228    732
  1229    732
  1230    732
  1231    732
  1232    732
  1233    732
  1234    732
  1235    732
  1236    732
  1237    732
  1238    732
  1239    732
  1240    732
  1241    732
  1247    732
  1248    732
  1256    732
  1257    732
  1258    732
  1259    732
  1260    732
  1261    732
  1262    732
  1263    732
  1264    732
  1265    732
  1266    732
  1267    732
  1268    732
  1269    732
  1270    732
  1271    732
  1272    732
  1273    732
  1274    732
  1275    732
  1276    732
  1277    732
  1278    732
  1279    732
  1280    732
  1281    732
  1282    732
  1283    732
  1284    732
  1285    732
  1286    732
  1287    732
  1288    732
  1289    732
  1290    732
  1291    732
  1292    732
  1293    732
  1294    732
  1295    732
  1296    732
  1297    732
  1298    732
  1299    732
  1300    732
  1301    732
  1302    732
  1303    732
  1304    732
  1305    732
  1306    732
  1307    732
  1308    732
  1309    732
  1310    732
  1311    732
  1312    732
  1313    732
  1314    732
  1315    732
  1316    732
  1317    732
  1318    732
  1319    732
  1320    732
  1321    732
  1322    732
  1323    732
  1324    732
  1325    732
  1326    732
  1327    732
  1328    732
  1329    732
  1330    732
  1331    732
  1332    732
  1333    732
  1334    732
  1335    732
  1336    732
  1337    732
  1338    732
  1339    732
  1340    732
  1341    732
  1342    732
  1343    732
  1344    732
  1351    732
  1352    732
  1353    732
  1354    732
  1355    732
  1356    732
  1363    732
  1364    732
  1365    732
  1366    732
  1367    732
  1368    732
  1369    732
  1370    732
  1371    732
  1372    732
  1379    732
  1380    732
  1381    732
  1382    732
  1383    732
  1384    732
  1385    732
  1386    732
  1387    732
  1388    732
  1389    732
  1390    732
  1391    732
  1392    732
  1393    732
  1394    732
  1395    732
  1396    732
  1397    732
  1398    732
  1399    732
  1400    732
  1401    732
  1402    732
  1403    732
  1404    732
  1405    732
  1406    732
  1407    732
  1408    732
  1409    732
  1410    732
  1411    732
  1412    732
  1413    732
  1414    732
  1415    732
  1416    732
  1417    732
  1418    732
  1419    732
  1420    732
  1421    732
  1422    732
  1423    732
  1424    732
  1425    732
  1426    732
  1427    732
  1428    732
  1429    732
  1430    732
  1431    732
  1432    732
  1433    732
  1434    732
  1435    732
  1436    732
  1437    732
  1438    732
  1439    732
  1440    732
  1441    732
  1442    732
  1443    732
  1444    732
  1445    732
  1446    732
  1447    732
  1448    732
  1449    732
  1450    732
  1451    732
  1452    732
  1453    732
  1454    732
  1455    732
  1458    732
   843    733
   844    733
   845    733
   846    733
   847    733
   848    733
   849    733
   850    733
   851    733
   852    733
   853    733
  1111    733
  1112    733
  1113    733
  1114    733
  1115    733
  1116    733
  1119    733
  1120    733
  1121    733
  1182    733
  1183    733
  1202    733
  1203    733
  1204    733
  1206    733
  1207    733
  1208    733
  1209    733
  1210    733
  1211    733
  1212    733
  1213    733
  1214    733
  1215    733
  1217    733
  1218    733
  1219    733
  1220    733
  1221    733
  1222    733
  1223    733
  1224    733
  1225    733
  1226    733
  1227    733
  1228    733
  1229    733
  1230    733
  1231    733
  1232    733
  1233    733
  1234    733
  1235    733
  1236    733
  1237    733
  1238    733
  1239    733
  1240    733
  1241    733
  1242    733
  1243    733
  1244    733
  1245    733
  1246    733
  1247    733
  1248    733
  1249    733
  1250    733
  1251    733
  1252    733
  1253    733
  1254    733
  1255    733
  1256    733
  1257    733
  1258    733
  1259    733
  1260    733
  1261    733
  1262    733
  1263    733
  1264    733
  1265    733
  1266    733
  1267    733
  1268    733
  1269    733
  1270    733
  1271    733
  1272    733
  1273    733
  1274    733
  1275    733
  1276    733
  1277    733
  1278    733
  1279    733
  1280    733
  1281    733
  1282    733
  1283    733
  1284    733
  1285    733
  1286    733
  1287    733
  1288    733
  1289    733
  1290    733
  1291    733
  1292    733
  1293    733
  1294    733
  1295    733
  1296    733
  1297    733
  1298    733
  1299    733
  1300    733
  1301    733
  1302    733
  1303    733
  1304    733
  1305    733
  1306    733
  1307    733
  1308    733
  1309    733
  1310    733
  1311    733
  1312    733
  1313    733
  1314    733
  1315    733
  1316    733
  1317    733
  1318    733
  1319    733
  1320    733
  1321    733
  1322    733
  1323    733
  1324    733
  1325    733
  1326    733
  1327    733
  1328    733
  1329    733
  1330    733
  1331    733
  1332    733
  1333    733
  1334    733
  1335    733
  1336    733
  1337    733
  1338    733
  1339    733
  1340    733
  1341    733
  1342    733
  1343    733
  1344    733
  1345    733
  1346    733
  1347    733
  1351    733
  1352    733
  1353    733
  1354    733
  1355    733
  1361    733
  1362    733
  1363    733
  1364    733
  1365    733
  1366    733
  1367    733
  1368    733
  1369    733
  1370    733
  1371    733
  1372    733
  1376    733
  1377    733
  1378    733
  1379    733
  1380    733
  1381    733
  1382    733
  1383    733
  1384    733
  1385    733
  1386    733
  1387    733
  1388    733
  1389    733
  1390    733
  1391    733
  1392    733
  1393    733
  1394    733
  1395    733
  1396    733
  1397    733
  1398    733
  1399    733
  1400    733
  1401    733
  1402    733
  1403    733
  1404    733
  1405    733
  1406    733
  1407    733
  1408    733
  1409    733
  1410    733
  1411    733
  1412    733
   836    734
   837    734
   838    734
   845    734
   846    734
   847    734
   848    734
   849    734
   850    734
   851    734
   852    734
   853    734
   854    734
   855    734
  1104    734
  1105    734
  1114    734
  1115    734
  1116    734
  1118    734
  1119    734
  1187    734
  1188    734
  1189    734
  1190    734
  1191    734
  1192    734
  1197    734
  1198    734
  1199    734
  1200    734
  1259    734
  1260    734
  1261    734
  1262    734
  1263    734
  1264    734
  1265    734
  1266    734
  1267    734
  1268    734
  1269    734
  1270    734
  1271    734
  1272    734
  1273    734
  1274    734
  1275    734
  1276    734
  1277    734
  1278    734
  1279    734
  1280    734
  1281    734
  1282    734
  1283    734
  1284    734
  1285    734
  1286    734
  1287    734
  1288    734
  1289    734
  1290    734
  1291    734
  1292    734
  1293    734
  1294    734
  1295    734
  1296    734
  1297    734
  1298    734
  1299    734
  1300    734
  1301    734
  1302    734
  1303    734
  1304    734
  1305    734
  1306    734
  1307    734
  1308    734
  1309    734
  1310    734
  1311    734
  1312    734
  1313    734
  1314    734
  1315    734
  1316    734
  1317    734
  1318    734
  1319    734
  1320    734
  1321    734
  1322    734
  1323    734
  1324    734
  1325    734
  1326    734
  1327    734
  1328    734
  1329    734
  1330    734
  1331    734
  1332    734
  1333    734
  1334    734
  1335    734
  1336    734
  1337    734
  1338    734
  1339    734
  1340    734
  1341    734
   847    735
   848    735
   849    735
   850    735
   851    735
   852    735
   853    735
   854    735
   855    735
   856    735
  1100    735
  1101    735
  1102    735
  1103    735
  1104    735
  1105    735
  1167    735
  1168    735
  1169    735
  1391    735
  1392    735
  1393    735
  1394    735
  1395    735
  1396    735
  1397    735
  1398    735
  1399    735
  1400    735
   848    736
   849    736
   850    736
   851    736
   852    736
   853    736
   854    736
   855    736
   856    736
   857    736
   858    736
   851    737
   852    737
   853    737
   854    737
   855    737
   856    737
   857    737
   858    737
   859    737
   848    738
   849    738
   850    738
   851    738
   852    738
   853    738
   854    738
   855    738
   856    738
   857    738
   858    738
   859    738
   860    738
   861    738
   853    739
   854    739
   855    739
   856    739
   857    739
   858    739
   859    739
   860    739
   861    739
   862    739
   855    740
   856    740
   857    740
   858    740
   859    740
   860    740
   861    740
   862    740
   863    740
   856    741
   857    741
   858    741
   859    741
   860    741
   861    741
   862    741
   863    741
   864    741
   857    742
   858    742
   859    742
   860    742
   861    742
   862    742
   863    742
   864    742
   865    742
   857    743
   858    743
   859    743
   860    743
   861    743
   862    743
   863    743
   864    743
   865    743
   866    743
   857    744
   858    744
   859    744
   860    744
   861    744
   862    744
   863    744
   864    744
   865    744
   866    744
   858    745
   859    745
   860    745
   861    745
   862    745
   863    745
   864    745
   865    745
   866    745
   858    746
   859    746
   860    746
   861    746
   862    746
   863    746
   864    746
   865    746
   866    746
   867    746
   857    747
   858    747
   859    747
   860    747
   861    747
   862    747
   863    747
   864    747
   865    747
   866    747
   867    747
   856    748
   857    748
   858    748
   859    748
   860    748
   861    748
   862    748
   863    748
   864    748
   865    748
   866    748
   867    748
   857    749
   858    749
   859    749
   860    749
   861    749
   862    749
   863    749
   864    749
   865    749
   866    749
   867    749
   858    750
   859    750
   860    750
   861    750
   862    750
   863    750
   864    750
   865    750
   866    750
   867    750
   855    751
   856    751
   857    751
   858    751
   859    751
   860    751
   861    751
   862    751
   863    751
   864    751
   865    751
   866    751
   867    751
   853    752
   854    752
   855    752
   856    752
   857    752
   858    752
   859    752
   860    752
   861    752
   862    752
   863    752
   864    752
   865    752
   866    752
   855    753
   856    753
   857    753
   858    753
   859    753
   860    753
   861    753
   862    753
   863    753
   864    753
   865    753
   866    753
   855    754
   856    754
   857    754
   858    754
   859    754
   860    754
   861    754
   862    754
   863    754
   864    754
   854    755
   855    755
   856    755
   857    755
   858    755
   859    755
   860    755
   861    755
   862    755
   863    755
   853    756
   854    756
   855    756
   856    756
   857    756
   858    756
   859    756
   860    756
   861    756
   862    756
   852    757
   853    757
   854    757
   855    757
   856    757
   857    757
   858    757
   859    757
   860    757
   849    758
   850    758
   851    758
   852    758
   853    758
   854    758
   855    758
   856    758
   857    758
   858    758
   847    759
   848    759
   849    759
   850    759
   851    759
   852    759
   853    759
   854    759
   855    759
   856    759
   857    759
   844    760
   845    760
   846    760
   847    760
   848    760
   849    760
   850    760
   851    760
   852    760
   853    760
   854    760
   855    760
   841    761
   842    761
   843    761
   844    761
   845    761
   846    761
   847    761
   848    761
   849    761
   850    761
   851    761
   852    761
   838    762
   839    762
   840    762
   841    762
   842    762
   843    762
   844    762
   845    762
   846    762
   847    762
   848    762
   849    762
   850    762
   836    763
   837    763
   838    763
   839    763
   840    763
   841    763
   842    763
   843    763
   844    763
   845    763
   846    763
   847    763
   833    764
   834    764
   835    764
   836    764
   837    764
   838    764
   839    764
   840    764
   841    764
   842    764
   843    764
   844    764
   831    765
   832    765
   833    765
   834    765
   835    765
   836    765
   837    765
   838    765
   839    765
   840    765
   841    765
   828    766
   829    766
   830    766
   831    766
   832    766
   833    766
   834    766
   835    766
   836    766
   837    766
   838    766
   839    766
   840    766
   825    767
   826    767
   827    767
   828    767
   829    767
   830    767
   831    767
   832    767
   833    767
   834    767
   835    767
   836    767
   837    767
   822    768
   823    768
   824    768
   825    768
   826    768
   827    768
   828    768
   829    768
   830    768
   831    768
   832    768
   833    768
   834    768
   835    768
   818    769
   819    769
   820    769
   821    769
   822    769
   823    769
   824    769
   825    769
   826    769
   827    769
   828    769
   829    769
   830    769
   831    769
   816    770
   817    770
   818    770
   819    770
   820    770
   821    770
   822    770
   823    770
   824    770
   825    770
   826    770
   827    770
   828    770
   812    771
   813    771
   814    771
   815    771
   816    771
   817    771
   818    771
   819    771
   820    771
   821    771
   822    771
   823    771
   824    771
   809    772
   810    772
   811    772
   812    772
   813    772
   814    772
   815    772
   816    772
   817    772
   818    772
   819    772
   820    772
   821    772
   807    773
   808    773
   809    773
   810    773
   811    773
   812    773
   813    773
   814    773
   815    773
   816    773
   817    773
