   838    714
   839    714
   840    714
   841    714
   842    714
   843    714
   844    714
   845    714
   846    714
   847    714
   848    714
   849    714
   850    714
   851    714
   852    714
   853    714
   836    715
   837    715
   838    715
   839    715
   840    715
   841    715
   842    715
   843    715
   844    715
   845    715
   846    715
   847    715
   848    715
   849    715
   850    715
   851    715
   852    715
   853    715
   854    715
   855    715
   856    715
   857    715
   858    715
   859    715
   860    715
   861    715
   862    715
   863    715
   864    715
   865    715
   866    715
   867    715
   868    715
   869    715
   870    715
   871    715
   872    715
   873    715
   874    715
   875    715
   876    715
   877    715
   834    716
   835    716
   836    716
   837    716
   838    716
   839    716
   840    716
   841    716
   842    716
   843    716
   844    716
   845    716
   846    716
   847    716
   848    716
   849    716
   850    716
   851    716
   852    716
   853    716
   854    716
   855    716
   856    716
   857    716
   858    716
   859    716
   860    716
   861    716
   862    716
   863    716
   864    716
   865    716
   866    716
   867    716
   868    716
   869    716
   870    716
   871    716
   872    716
   873    716
   874    716
   875    716
   876    716
   877    716
   878    716
   879    716
   880    716
   881    716
   882    716
   885    716
   886    716
   887    716
   888    716
   889    716
   890    716
   891    716
   892    716
   893    716
   894    716
   895    716
   896    716
   897    716
   898    716
   899    716
   832    717
   833    717
   834    717
   835    717
   836    717
   837    717
   838    717
   839    717
   840    717
   841    717
   842    717
   843    717
   844    717
   845    717
   846    717
   847    717
   848    717
   849    717
   850    717
   851    717
   852    717
   853    717
   854    717
   855    717
   856    717
   857    717
   858    717
   859    717
   860    717
   861    717
   862    717
   863    717
   864    717
   865    717
   866    717
   867    717
   868    717
   869    717
   870    717
   871    717
   872    717
   873    717
   874    717
   875    717
   876    717
   877    717
   878    717
   879    717
   880    717
   881    717
   882    717
   883    717
   889    717
   890    717
   891    717
   892    717
   893    717
   894    717
   895    717
   896    717
   897    717
   898    717
   899    717
   900    717
   901    717
   902    717
   903    717
   904    717
   905    717
   906    717
   907    717
   908    717
   909    717
   910    717
   911    717
   912    717
   913    717
   914    717
   915    717
   916    717
   917    717
   918    717
   919    717
   920    717
   921    717
   922    717
   923    717
   924    717
   925    717
   926    717
   831    718
   832    718
   833    718
   834    718
   835    718
   836    718
   837    718
   838    718
   839    718
   840    718
   841    718
   842    718
   843    718
   844    718
   845    718
   846    718
   847    718
   848    718
   849    718
   850    718
   851    718
   852    718
   853    718
   854    718
   855    718
   856    718
   857    718
   858    718
   859    718
   860    718
   861    718
   862    718
   863    718
   864    718
   865    718
   866    718
   867    718
   868    718
   869    718
   870    718
   871    718
   872    718
   873    718
   874    718
   875    718
   876    718
   877    718
   878    718
   879    718
   880    718
   881    718
   887    718
   888    718
   889    718
   890    718
   891    718
   892    718
   893    718
   894    718
   895    718
   896    718
   897    718
   898    718
   899    718
   900    718
   901    718
   902    718
   903    718
   904    718
   905    718
   906    718
   907    718
   908    718
   909    718
   910    718
   911    718
   912    718
   913    718
   914    718
   915    718
   916    718
   917    718
   918    718
   919    718
   920    718
   921    718
   928    718
   929    718
   935    718
   936    718
   937    718
   938    718
   939    718
   940    718
   941    718
   942    718
   943    718
   944    718
   945    718
   946    718
   947    718
   948    718
   949    718
   950    718
   951    718
   952    718
   953    718
   954    718
   955    718
   831    719
   832    719
   833    719
   834    719
   835    719
   836    719
   837    719
   838    719
   839    719
   840    719
   841    719
   842    719
   843    719
   844    719
   845    719
   846    719
   847    719
   848    719
   849    719
   850    719
   851    719
   852    719
   853    719
   854    719
   855    719
   856    719
   857    719
   858    719
   859    719
   860    719
   861    719
   862    719
   863    719
   864    719
   865    719
   866    719
   867    719
   871    719
   872    719
   873    719
   874    719
   875    719
   876    719
   877    719
   878    719
   879    719
   880    719
   881    719
   882    719
   883    719
   884    719
   885    719
   886    719
   887    719
   888    719
   889    719
   890    719
   891    719
   892    719
   893    719
   894    719
   895    719
   896    719
   897    719
   898    719
   899    719
   900    719
   901    719
   902    719
   903    719
   904    719
   905    719
   906    719
   907    719
   908    719
   909    719
   910    719
   911    719
   912    719
   913    719
   914    719
   915    719
   916    719
   917    719
   918    719
   921    719
   923    719
   924    719
   925    719
   930    719
   931    719
   932    719
   933    719
   934    719
   935    719
   936    719
   937    719
   938    719
   939    719
   940    719
   941    719
   942    719
   943    719
   944    719
   945    719
   946    719
   947    719
   948    719
   951    719
   952    719
   953    719
   954    719
   955    719
   956    719
   957    719
   958    719
   959    719
   968    719
   969    719
   970    719
   971    719
   972    719
   973    719
   974    719
   975    719
   976    719
   977    719
   978    719
   979    719
   980    719
   981    719
   982    719
   983    719
   984    719
   985    719
   986    719
   987    719
   988    719
   989    719
   834    720
   835    720
   836    720
   837    720
   838    720
   839    720
   840    720
   841    720
   842    720
   843    720
   844    720
   845    720
   846    720
   847    720
   848    720
   849    720
   850    720
   851    720
   852    720
   853    720
   854    720
   856    720
   857    720
   858    720
   859    720
   860    720
   861    720
   862    720
   863    720
   864    720
   865    720
   866    720
   867    720
   869    720
   870    720
   871    720
   872    720
   873    720
   874    720
   875    720
   876    720
   877    720
   878    720
   879    720
   880    720
   882    720
   883    720
   884    720
   885    720
   886    720
   887    720
   888    720
   889    720
   890    720
   891    720
   892    720
   893    720
   894    720
   895    720
   896    720
   897    720
   898    720
   899    720
   900    720
   901    720
   902    720
   903    720
   904    720
   905    720
   906    720
   907    720
   908    720
   909    720
   910    720
   911    720
   912    720
   913    720
   921    720
   922    720
   923    720
   924    720
   925    720
   926    720
   927    720
   928    720
   929    720
   930    720
   931    720
   932    720
   943    720
   944    720
   945    720
   946    720
   947    720
   948    720
   949    720
   950    720
   951    720
   952    720
   953    720
   955    720
   956    720
   958    720
   967    720
   968    720
   969    720
   970    720
   971    720
   972    720
   973    720
   974    720
   975    720
   976    720
   977    720
   981    720
   984    720
   985    720
   986    720
   987    720
   988    720
   989    720
   990    720
   991    720
   992    720
   993    720
   998    720
   999    720
  1000    720
  1001    720
  1002    720
  1003    720
  1004    720
  1005    720
  1006    720
  1007    720
  1008    720
  1009    720
  1010    720
  1011    720
  1012    720
  1013    720
  1014    720
  1015    720
  1016    720
  1017    720
  1018    720
  1019    720
  1020    720
  1021    720
  1022    720
  1023    720
  1024    720
  1025    720
  1026    720
  1027    720
  1028    720
  1029    720
  1030    720
  1031    720
  1032    720
  1432    720
  1433    720
  1434    720
  1435    720
  1436    720
  1437    720
  1438    720
  1439    720
  1440    720
  1441    720
  1442    720
  1443    720
  1444    720
  1445    720
   835    721
   836    721
   837    721
   838    721
   841    721
   842    721
   843    721
   844    721
   845    721
   846    721
   847    721
   848    721
   849    721
   850    721
   851    721
   852    721
   859    721
   860    721
   861    721
   862    721
   863    721
   864    721
   865    721
   866    721
   867    721
   868    721
   869    721
   870    721
   871    721
   872    721
   873    721
   874    721
   875    721
   876    721
   877    721
   878    721
   879    721
   880    721
   881    721
   882    721
   883    721
   887    721
   888    721
   889    721
   890    721
   891    721
   892    721
   893    721
   894    721
   895    721
   896    721
   897    721
   898    721
   899    721
   900    721
   901    721
   902    721
   903    721
   904    721
   905    721
   906    721
   907    721
   908    721
   909    721
   910    721
   911    721
   912    721
   920    721
   921    721
   922    721
   923    721
   924    721
   925    721
   926    721
   927    721
   928    721
   929    721
   930    721
   931    721
   932    721
   943    721
   944    721
   945    721
   946    721
   947    721
   948    721
   949    721
   950    721
   951    721
   952    721
   966    721
   967    721
   968    721
   969    721
   970    721
   971    721
   972    721
   973    721
   974    721
   975    721
   976    721
   984    721
   985    721
   986    721
   987    721
   988    721
   989    721
   990    721
   991    721
   992    721
   995    721
   996    721
   997    721
   998    721
   999    721
  1000    721
  1001    721
  1002    721
  1003    721
  1004    721
  1005    721
  1006    721
  1007    721
  1008    721
  1009    721
  1012    721
  1016    721
  1026    721
  1027    721
  1028    721
  1029    721
  1030    721
  1031    721
  1032    721
  1033    721
  1034    721
  1035    721
  1040    721
  1041    721
  1042    721
  1043    721
  1044    721
  1045    721
  1047    721
  1048    721
  1050    721
  1051    721
  1055    721
  1056    721
  1057    721
  1058    721
  1059    721
  1060    721
  1061    721
  1062    721
  1063    721
  1064    721
  1065    721
  1066    721
  1067    721
  1068    721
  1069    721
  1070    721
  1071    721
  1072    721
  1073    721
  1074    721
  1075    721
  1076    721
  1077    721
  1078    721
  1079    721
  1080    721
  1081    721
  1082    721
  1083    721
  1084    721
  1085    721
  1086    721
  1087    721
  1088    721
  1089    721
  1397    721
  1398    721
  1399    721
  1400    721
  1401    721
  1402    721
  1403    721
  1404    721
  1405    721
  1406    721
  1407    721
  1408    721
  1409    721
  1410    721
  1411    721
  1412    721
  1421    721
  1422    721
  1423    721
  1438    721
  1440    721
  1441    721
  1442    721
  1443    721
  1444    721
   824    722
   825    722
   826    722
   827    722
   828    722
   829    722
   830    722
   834    722
   835    722
   836    722
   837    722
   860    722
   861    722
   862    722
   863    722
   864    722
   865    722
   866    722
   867    722
   868    722
   869    722
   870    722
   871    722
   872    722
   873    722
   874    722
   878    722
   879    722
   880    722
   881    722
   882    722
   883    722
   884    722
   885    722
   886    722
   887    722
   888    722
   889    722
   890    722
   891    722
   892    722
   893    722
   894    722
   895    722
   896    722
   897    722
   898    722
   899    722
   900    722
   901    722
   902    722
   903    722
   904    722
   905    722
   906    722
   907    722
   908    722
   909    722
   910    722
   911    722
   912    722
   921    722
   922    722
   923    722
   924    722
   925    722
   926    722
   927    722
   928    722
   929    722
   930    722
   931    722
   932    722
   943    722
   944    722
   945    722
   946    722
   947    722
   948    722
   949    722
   950    722
   951    722
   952    722
   953    722
   954    722
   955    722
   956    722
   957    722
   967    722
   968    722
   969    722
   970    722
   971    722
   972    722
   973    722
   974    722
   975    722
   976    722
   983    722
   984    722
   985    722
   986    722
   987    722
   988    722
   989    722
   990    722
   991    722
   992    722
   993    722
   994    722
   995    722
   996    722
   997    722
   998    722
   999    722
  1000    722
  1001    722
  1002    722
  1003    722
  1004    722
  1005    722
  1006    722
  1007    722
  1008    722
  1009    722
  1010    722
  1016    722
  1017    722
  1018    722
  1019    722
  1020    722
  1021    722
  1022    722
  1023    722
  1024    722
  1025    722
  1026    722
  1027    722
  1028    722
  1029    722
  1030    722
  1031    722
  1032    722
  1033    722
  1034    722
  1035    722
  1036    722
  1037    722
  1038    722
  1039    722
  1040    722
  1041    722
  1042    722
  1043    722
  1044    722
  1047    722
  1066    722
  1067    722
  1075    722
  1076    722
  1077    722
  1078    722
  1079    722
  1080    722
  1081    722
  1082    722
  1088    722
  1089    722
  1090    722
  1098    722
  1099    722
  1104    722
  1105    722
  1106    722
  1107    722
  1108    722
  1109    722
  1110    722
  1111    722
  1112    722
  1113    722
  1114    722
  1115    722
  1116    722
  1119    722
  1120    722
  1121    722
  1122    722
  1123    722
  1124    722
  1125    722
  1126    722
  1127    722
  1128    722
  1129    722
  1130    722
  1131    722
  1132    722
  1133    722
  1134    722
  1135    722
  1136    722
  1137    722
  1138    722
  1139    722
  1140    722
  1141    722
  1142    722
  1143    722
  1144    722
  1145    722
  1146    722
  1150    722
  1151    722
  1152    722
  1157    722
  1158    722
  1159    722
  1160    722
  1340    722
  1341    722
  1342    722
  1343    722
  1344    722
  1345    722
  1346    722
  1347    722
  1348    722
  1349    722
  1350    722
  1351    722
  1352    722
  1353    722
  1354    722
  1355    722
  1356    722
  1357    722
  1358    722
  1359    722
  1360    722
  1363    722
  1364    722
  1365    722
  1366    722
  1367    722
  1368    722
  1369    722
  1370    722
  1371    722
  1372    722
  1373    722
  1374    722
  1375    722
  1376    722
  1377    722
  1378    722
  1379    722
  1380    722
  1381    722
  1386    722
  1391    722
  1392    722
  1393    722
  1394    722
  1395    722
  1396    722
  1398    722
  1399    722
  1407    722
  1408    722
  1409    722
  1410    722
  1411    722
  1420    722
  1421    722
  1422    722
  1423    722
  1424    722
   830    723
   831    723
   832    723
   833    723
   834    723
   835    723
   881    723
   882    723
   884    723
   885    723
   886    723
   887    723
   888    723
   889    723
   890    723
   891    723
   892    723
   893    723
   894    723
   895    723
   896    723
   897    723
   898    723
   899    723
   900    723
   901    723
   902    723
   903    723
   904    723
   905    723
   906    723
   907    723
   908    723
   909    723
   910    723
   911    723
   912    723
   913    723
   921    723
   922    723
   923    723
   924    723
   925    723
   926    723
   927    723
   928    723
   929    723
   930    723
   931    723
   932    723
   943    723
   944    723
   945    723
   946    723
   947    723
   948    723
   949    723
   950    723
   951    723
   952    723
   953    723
   954    723
   955    723
   956    723
   967    723
   968    723
   969    723
   970    723
   971    723
   972    723
   973    723
   974    723
   975    723
   976    723
   983    723
   984    723
   985    723
   986    723
   987    723
   988    723
   989    723
   990    723
   991    723
   992    723
   993    723
   994    723
   995    723
   996    723
   997    723
   998    723
   999    723
  1000    723
  1001    723
  1002    723
  1003    723
  1004    723
  1005    723
  1006    723
  1007    723
  1008    723
  1009    723
  1010    723
  1011    723
  1013    723
  1014    723
  1015    723
  1016    723
  1017    723
  1018    723
  1019    723
  1020    723
  1021    723
  1022    723
  1023    723
  1024    723
  1025    723
  1026    723
  1027    723
  1028    723
  1029    723
  1030    723
  1031    723
  1032    723
  1033    723
  1034    723
  1035    723
  1036    723
  1037    723
  1038    723
  1039    723
  1040    723
  1041    723
  1042    723
  1043    723
  1044    723
  1045    723
  1046    723
  1047    723
  1048    723
  1049    723
  1050    723
  1051    723
  1054    723
  1055    723
  1056    723
  1057    723
  1058    723
  1059    723
  1060    723
  1061    723
  1062    723
  1063    723
  1064    723
  1065    723
  1066    723
  1067    723
  1068    723
  1069    723
  1070    723
  1071    723
  1072    723
  1073    723
  1074    723
  1075    723
  1076    723
  1077    723
  1078    723
  1079    723
  1080    723
  1081    723
  1082    723
  1083    723
  1084    723
  1085    723
  1087    723
  1088    723
  1089    723
  1090    723
  1091    723
  1092    723
  1095    723
  1096    723
  1097    723
  1098    723
  1099    723
  1100    723
  1101    723
  1102    723
  1103    723
  1104    723
  1105    723
  1106    723
  1107    723
  1108    723
  1109    723
  1110    723
  1111    723
  1112    723
  1113    723
  1114    723
  1115    723
  1119    723
  1120    723
  1121    723
  1122    723
  1123    723
  1124    723
  1125    723
  1126    723
  1127    723
  1128    723
  1129    723
  1130    723
  1131    723
  1132    723
  1133    723
  1134    723
  1135    723
  1159    723
  1160    723
  1161    723
  1162    723
  1163    723
  1164    723
  1165    723
  1166    723
  1167    723
  1177    723
  1179    723
  1180    723
  1181    723
  1182    723
  1183    723
  1184    723
  1185    723
  1186    723
  1187    723
  1188    723
  1189    723
  1190    723
  1191    723
  1192    723
  1193    723
  1194    723
  1195    723
  1196    723
  1197    723
  1198    723
  1199    723
  1200    723
  1201    723
  1202    723
  1203    723
  1204    723
  1205    723
  1206    723
  1207    723
  1208    723
  1209    723
  1210    723
  1211    723
  1212    723
  1213    723
  1214    723
  1215    723
  1216    723
  1217    723
  1218    723
  1219    723
  1220    723
  1221    723
  1222    723
  1223    723
  1225    723
  1226    723
  1227    723
  1230    723
  1231    723
  1232    723
  1233    723
  1234    723
  1235    723
  1236    723
  1237    723
  1238    723
  1239    723
  1240    723
  1241    723
  1242    723
  1243    723
  1244    723
  1245    723
  1246    723
  1247    723
  1248    723
  1249    723
  1250    723
  1251    723
  1252    723
  1253    723
  1254    723
  1255    723
  1256    723
  1257    723
  1258    723
  1259    723
  1260    723
  1261    723
  1262    723
  1263    723
  1264    723
  1265    723
  1266    723
  1267    723
  1268    723
  1269    723
  1270    723
  1271    723
  1272    723
  1273    723
  1274    723
  1275    723
  1276    723
  1277    723
  1278    723
  1279    723
  1280    723
  1281    723
  1282    723
  1283    723
  1284    723
  1285    723
  1286    723
  1287    723
  1288    723
  1289    723
  1290    723
  1291    723
  1292    723
  1293    723
  1294    723
  1295    723
  1296    723
  1297    723
  1298    723
  1299    723
  1300    723
  1301    723
  1302    723
  1303    723
  1304    723
  1305    723
  1306    723
  1307    723
  1308    723
  1309    723
  1310    723
  1311    723
  1312    723
  1313    723
  1314    723
  1315    723
  1316    723
  1317    723
  1318    723
  1319    723
  1320    723
  1321    723
  1322    723
  1323    723
  1324    723
  1325    723
  1326    723
  1327    723
  1328    723
  1332    723
  1333    723
  1334    723
  1335    723
  1336    723
  1337    723
  1338    723
  1339    723
  1340    723
  1341    723
  1342    723
  1343    723
  1344    723
  1345    723
  1346    723
  1347    723
  1348    723
  1349    723
  1350    723
  1351    723
  1352    723
  1353    723
  1354    723
  1355    723
  1356    723
  1357    723
  1358    723
  1359    723
  1360    723
  1361    723
  1363    723
  1364    723
  1365    723
  1366    723
  1367    723
  1368    723
  1369    723
  1370    723
  1371    723
  1372    723
  1373    723
  1374    723
  1375    723
  1376    723
  1377    723
  1378    723
  1379    723
  1380    723
  1391    723
  1392    723
  1393    723
  1394    723
  1395    723
  1396    723
  1397    723
  1398    723
  1399    723
  1400    723
  1402    723
  1403    723
  1404    723
   821    724
   822    724
   823    724
   824    724
   833    724
   834    724
   835    724
   836    724
   872    724
   873    724
   874    724
   895    724
   896    724
   897    724
   898    724
   899    724
   900    724
   901    724
   902    724
   903    724
   904    724
   905    724
   906    724
   907    724
   908    724
   909    724
   910    724
   911    724
   912    724
   917    724
   918    724
   919    724
   920    724
   921    724
   922    724
   923    724
   924    724
   925    724
   926    724
   927    724
   928    724
   929    724
   930    724
   931    724
   932    724
   943    724
   944    724
   945    724
   946    724
   947    724
   948    724
   949    724
   950    724
   951    724
   952    724
   967    724
   968    724
   969    724
   970    724
   971    724
   972    724
   973    724
   974    724
   975    724
   976    724
   983    724
   984    724
   985    724
   986    724
   987    724
   988    724
   989    724
   990    724
   991    724
   992    724
   993    724
   994    724
   995    724
   996    724
   997    724
   998    724
   999    724
  1000    724
  1001    724
  1002    724
  1003    724
  1004    724
  1005    724
  1006    724
  1007    724
  1008    724
  1009    724
  1010    724
  1011    724
  1012    724
  1013    724
  1014    724
  1015    724
  1016    724
  1017    724
  1018    724
  1019    724
  1020    724
  1021    724
  1022    724
  1023    724
  1024    724
  1025    724
  1026    724
  1027    724
  1028    724
  1029    724
  1030    724
  1031    724
  1032    724
  1033    724
  1034    724
  1035    724
  1036    724
  1037    724
  1038    724
  1039    724
  1040    724
  1041    724
  1042    724
  1043    724
  1044    724
  1045    724
  1046    724
  1047    724
  1048    724
  1049    724
  1050    724
  1051    724
  1052    724
  1053    724
  1054    724
  1055    724
  1056    724
  1057    724
  1058    724
  1059    724
  1060    724
  1061    724
  1062    724
  1063    724
  1064    724
  1065    724
  1066    724
  1067    724
  1068    724
  1069    724
  1070    724
  1071    724
  1072    724
  1073    724
  1074    724
  1075    724
  1076    724
  1077    724
  1078    724
  1079    724
  1080    724
  1081    724
  1082    724
  1084    724
  1085    724
  1086    724
  1087    724
  1088    724
  1089    724
  1090    724
  1095    724
  1096    724
  1097    724
  1098    724
  1099    724
  1100    724
  1101    724
  1102    724
  1103    724
  1104    724
  1105    724
  1106    724
  1107    724
  1108    724
  1109    724
  1110    724
  1111    724
  1112    724
  1113    724
  1114    724
  1118    724
  1119    724
  1120    724
  1121    724
  1122    724
  1123    724
  1124    724
  1125    724
  1126    724
  1127    724
  1128    724
  1129    724
  1130    724
  1131    724
  1132    724
  1133    724
  1134    724
  1135    724
  1136    724
  1140    724
  1141    724
  1142    724
  1143    724
  1144    724
  1145    724
  1146    724
  1152    724
  1153    724
  1154    724
  1155    724
  1156    724
  1157    724
  1158    724
  1159    724
  1160    724
  1161    724
  1162    724
  1163    724
  1164    724
  1165    724
  1166    724
  1180    724
  1181    724
  1182    724
  1183    724
  1184    724
  1185    724
  1186    724
  1187    724
  1188    724
  1189    724
  1190    724
  1191    724
  1192    724
  1193    724
  1194    724
  1195    724
  1196    724
  1197    724
  1198    724
  1199    724
  1200    724
  1207    724
  1208    724
  1209    724
  1210    724
  1211    724
  1231    724
  1232    724
  1233    724
  1234    724
  1235    724
  1236    724
  1237    724
  1238    724
  1239    724
  1240    724
  1241    724
  1242    724
  1243    724
  1244    724
  1245    724
  1246    724
  1247    724
  1248    724
  1249    724
  1250    724
  1251    724
  1252    724
  1253    724
  1254    724
  1255    724
  1256    724
  1257    724
  1258    724
  1259    724
  1260    724
  1261    724
  1262    724
  1263    724
  1264    724
  1265    724
  1266    724
  1267    724
  1268    724
  1269    724
  1270    724
  1271    724
  1272    724
  1273    724
  1274    724
  1275    724
  1276    724
  1277    724
  1278    724
  1279    724
  1280    724
  1281    724
  1282    724
  1283    724
  1284    724
  1285    724
  1286    724
  1287    724
  1288    724
  1289    724
  1290    724
  1291    724
  1292    724
  1293    724
  1294    724
  1301    724
  1302    724
  1303    724
  1304    724
  1305    724
  1306    724
  1307    724
  1308    724
  1309    724
  1310    724
  1311    724
  1312    724
  1313    724
  1314    724
  1315    724
  1316    724
  1317    724
  1318    724
  1319    724
  1320    724
  1321    724
  1322    724
  1323    724
  1324    724
  1325    724
  1326    724
  1327    724
  1328    724
  1329    724
  1330    724
  1332    724
  1333    724
  1334    724
  1335    724
  1336    724
  1337    724
  1338    724
  1340    724
  1341    724
  1344    724
  1345    724
  1347    724
  1348    724
  1355    724
  1356    724
  1357    724
  1358    724
  1359    724
  1372    724
  1373    724
  1374    724
  1375    724
  1376    724
  1395    724
  1396    724
  1397    724
  1398    724
  1399    724
  1400    724
   819    725
   820    725
   821    725
   822    725
   823    725
   824    725
   825    725
   826    725
   827    725
   828    725
   829    725
   830    725
   836    725
   837    725
   838    725
   839    725
   899    725
   900    725
   901    725
   902    725
   903    725
   904    725
   905    725
   906    725
   907    725
   908    725
   909    725
   910    725
   911    725
   920    725
   921    725
   922    725
   924    725
   925    725
   926    725
   927    725
   930    725
   931    725
   932    725
   944    725
   945    725
   946    725
   947    725
   948    725
   949    725
   950    725
   952    725
   953    725
   954    725
   955    725
   967    725
   968    725
   969    725
   970    725
   971    725
   972    725
   973    725
   974    725
   975    725
   976    725
   977    725
   983    725
   984    725
   985    725
   986    725
   987    725
   988    725
   989    725
   990    725
   991    725
   992    725
   993    725
   994    725
   995    725
   996    725
   997    725
   998    725
   999    725
  1000    725
  1001    725
  1002    725
  1003    725
  1004    725
  1005    725
  1006    725
  1007    725
  1008    725
  1009    725
  1010    725
  1011    725
  1012    725
  1013    725
  1014    725
  1015    725
  1016    725
  1017    725
  1018    725
  1019    725
  1020    725
  1021    725
  1022    725
  1023    725
  1024    725
  1025    725
  1026    725
  1027    725
  1028    725
  1029    725
  1030    725
  1031    725
  1032    725
  1033    725
  1034    725
  1035    725
  1036    725
  1037    725
  1038    725
  1039    725
  1040    725
  1041    725
  1042    725
  1043    725
  1044    725
  1045    725
  1047    725
  1048    725
  1049    725
  1050    725
  1051    725
  1052    725
  1053    725
  1054    725
  1055    725
  1056    725
  1057    725
  1058    725
  1059    725
  1060    725
  1061    725
  1063    725
  1064    725
  1065    725
  1066    725
  1068    725
  1069    725
  1070    725
  1071    725
  1072    725
  1073    725
  1074    725
  1075    725
  1076    725
  1077    725
  1078    725
  1080    725
  1081    725
  1082    725
  1083    725
  1084    725
  1085    725
  1086    725
  1087    725
  1088    725
  1089    725
  1095    725
  1096    725
  1097    725
  1098    725
  1099    725
  1100    725
  1101    725
  1102    725
  1103    725
  1104    725
  1105    725
  1106    725
  1107    725
  1108    725
  1109    725
  1110    725
  1111    725
  1112    725
  1113    725
  1114    725
  1119    725
  1120    725
  1121    725
  1122    725
  1123    725
  1124    725
  1125    725
  1126    725
  1127    725
  1128    725
  1129    725
  1130    725
  1131    725
  1132    725
  1133    725
  1134    725
  1135    725
  1141    725
  1142    725
  1143    725
  1144    725
  1145    725
  1146    725
  1155    725
  1156    725
  1157    725
  1158    725
  1159    725
  1160    725
  1161    725
  1162    725
  1163    725
  1164    725
  1165    725
  1166    725
  1167    725
  1168    725
  1182    725
  1183    725
  1184    725
  1185    725
  1186    725
  1187    725
  1188    725
  1189    725
  1190    725
  1191    725
  1192    725
  1193    725
  1194    725
  1195    725
  1196    725
  1197    725
  1198    725
  1199    725
  1200    725
  1201    725
  1204    725
  1205    725
  1206    725
  1208    725
  1215    725
  1216    725
  1217    725
  1218    725
  1219    725
  1220    725
  1221    725
  1229    725
  1230    725
  1233    725
  1234    725
  1235    725
  1236    725
  1237    725
  1238    725
  1239    725
  1240    725
  1241    725
  1242    725
  1243    725
  1244    725
  1245    725
  1246    725
  1247    725
  1248    725
  1249    725
  1250    725
  1251    725
  1252    725
  1253    725
  1254    725
  1255    725
  1256    725
  1257    725
  1258    725
  1271    725
  1272    725
  1273    725
  1276    725
  1277    725
  1278    725
  1279    725
  1280    725
  1281    725
  1282    725
  1283    725
  1284    725
  1291    725
  1301    725
  1302    725
  1303    725
  1304    725
  1305    725
  1306    725
  1307    725
  1308    725
  1309    725
  1310    725
  1311    725
  1312    725
  1313    725
  1314    725
  1315    725
  1316    725
  1317    725
  1318    725
  1319    725
  1320    725
  1321    725
  1322    725
  1323    725
  1324    725
  1325    725
  1326    725
  1327    725
  1328    725
  1351    725
  1352    725
  1353    725
  1354    725
  1355    725
  1356    725
  1357    725
  1358    725
  1359    725
  1360    725
  1363    725
  1364    725
  1365    725
  1366    725
  1367    725
  1368    725
  1369    725
  1370    725
  1371    725
  1427    725
  1428    725
  1429    725
  1430    725
  1431    725
   822    726
   823    726
   824    726
   825    726
   826    726
   827    726
   828    726
   829    726
   830    726
   831    726
   832    726
   833    726
   863    726
   864    726
   865    726
   901    726
   902    726
   903    726
   904    726
   905    726
   906    726
   907    726
   908    726
   944    726
   945    726
   946    726
   947    726
   948    726
   949    726
   950    726
   951    726
   952    726
   953    726
   954    726
   955    726
   969    726
   970    726
   971    726
   972    726
   973    726
   974    726
   975    726
   976    726
   985    726
   986    726
   987    726
   988    726
   989    726
   990    726
   991    726
   992    726
   993    726
   994    726
   995    726
   996    726
   997    726
   998    726
   999    726
  1000    726
  1001    726
  1002    726
  1003    726
  1004    726
  1005    726
  1006    726
  1007    726
  1008    726
  1009    726
  1010    726
  1011    726
  1012    726
  1013    726
  1014    726
  1015    726
  1016    726
  1017    726
  1018    726
  1019    726
  1020    726
  1021    726
  1022    726
  1023    726
  1024    726
  1025    726
  1026    726
  1027    726
  1028    726
  1029    726
  1030    726
  1031    726
  1032    726
  1033    726
  1034    726
  1035    726
  1036    726
  1037    726
  1038    726
  1039    726
  1040    726
  1041    726
  1042    726
  1043    726
  1044    726
  1045    726
  1046    726
  1049    726
  1050    726
  1051    726
  1052    726
  1053    726
  1054    726
  1059    726
  1060    726
  1061    726
  1062    726
  1063    726
  1064    726
  1065    726
  1066    726
  1067    726
  1068    726
  1069    726
  1070    726
  1071    726
  1072    726
  1073    726
  1074    726
  1075    726
  1076    726
  1077    726
  1078    726
  1079    726
  1080    726
  1081    726
  1082    726
  1083    726
  1084    726
  1085    726
  1086    726
  1087    726
  1088    726
  1089    726
  1090    726
  1091    726
  1092    726
  1094    726
  1095    726
  1096    726
  1097    726
  1098    726
  1099    726
  1100    726
  1101    726
  1102    726
  1103    726
  1104    726
  1105    726
  1106    726
  1107    726
  1108    726
  1109    726
  1110    726
  1111    726
  1112    726
  1118    726
  1119    726
  1120    726
  1121    726
  1122    726
  1123    726
  1124    726
  1125    726
  1126    726
  1127    726
  1128    726
  1129    726
  1130    726
  1151    726
  1152    726
  1153    726
  1154    726
  1155    726
  1156    726
  1157    726
  1158    726
  1159    726
  1160    726
  1178    726
  1179    726
  1180    726
  1183    726
  1184    726
  1185    726
  1186    726
  1187    726
  1188    726
  1189    726
  1190    726
  1191    726
  1192    726
  1193    726
  1194    726
  1195    726
  1196    726
  1197    726
  1198    726
  1199    726
  1200    726
  1201    726
  1202    726
  1203    726
  1204    726
  1215    726
  1216    726
  1217    726
  1218    726
  1219    726
  1232    726
  1233    726
  1234    726
  1235    726
  1236    726
  1237    726
  1238    726
  1239    726
  1240    726
  1241    726
  1252    726
  1253    726
  1274    726
  1275    726
  1276    726
  1277    726
  1278    726
  1300    726
  1301    726
  1302    726
  1303    726
  1304    726
  1305    726
  1306    726
  1310    726
  1311    726
  1312    726
  1313    726
  1314    726
  1315    726
  1325    726
  1326    726
  1327    726
  1328    726
  1358    726
  1359    726
  1360    726
  1361    726
  1367    726
  1368    726
  1369    726
  1404    726
  1405    726
  1406    726
  1423    726
  1424    726
  1425    726
  1426    726
  1427    726
  1428    726
  1429    726
  1430    726
  1431    726
  1432    726
  1433    726
  1434    726
  1438    726
  1439    726
  1440    726
   826    727
   827    727
   828    727
   829    727
   830    727
   831    727
   832    727
   833    727
   834    727
   835    727
   836    727
   837    727
   863    727
   864    727
   865    727
   866    727
   898    727
   899    727
   900    727
   901    727
   902    727
   903    727
   904    727
   905    727
   906    727
   923    727
   924    727
   925    727
   969    727
   970    727
   971    727
   972    727
   973    727
   974    727
   975    727
   976    727
   985    727
   986    727
   987    727
   988    727
   989    727
   990    727
   991    727
   992    727
   993    727
   994    727
   995    727
   996    727
   997    727
   998    727
   999    727
  1000    727
  1001    727
  1002    727
  1003    727
  1004    727
  1005    727
  1006    727
  1007    727
  1008    727
  1009    727
  1010    727
  1011    727
  1012    727
  1013    727
  1014    727
  1015    727
  1016    727
  1017    727
  1018    727
  1019    727
  1020    727
  1021    727
  1022    727
  1023    727
  1024    727
  1025    727
  1026    727
  1027    727
  1028    727
  1029    727
  1030    727
  1031    727
  1032    727
  1033    727
  1034    727
  1035    727
  1036    727
  1037    727
  1038    727
  1039    727
  1040    727
  1041    727
  1042    727
  1043    727
  1044    727
  1045    727
  1046    727
  1050    727
  1051    727
  1052    727
  1053    727
  1054    727
  1055    727
  1056    727
  1057    727
  1058    727
  1059    727
  1060    727
  1061    727
  1062    727
  1063    727
  1064    727
  1065    727
  1066    727
  1067    727
  1068    727
  1069    727
  1070    727
  1071    727
  1072    727
  1073    727
  1074    727
  1075    727
  1076    727
  1077    727
  1078    727
  1079    727
  1080    727
  1081    727
  1082    727
  1083    727
  1084    727
  1085    727
  1086    727
  1087    727
  1088    727
  1089    727
  1090    727
  1091    727
  1092    727
  1095    727
  1096    727
  1097    727
  1098    727
  1099    727
  1101    727
  1102    727
  1103    727
  1104    727
  1105    727
  1106    727
  1107    727
  1108    727
  1109    727
  1110    727
  1111    727
  1112    727
  1113    727
  1118    727
  1119    727
  1120    727
  1121    727
  1122    727
  1123    727
  1124    727
  1125    727
  1126    727
  1127    727
  1128    727
  1129    727
  1130    727
  1150    727
  1151    727
  1152    727
  1153    727
  1154    727
  1155    727
  1156    727
  1157    727
  1158    727
  1159    727
  1160    727
  1161    727
  1177    727
  1178    727
  1179    727
  1180    727
  1181    727
  1182    727
  1183    727
  1184    727
  1185    727
  1186    727
  1187    727
  1188    727
  1189    727
  1190    727
  1191    727
  1192    727
  1193    727
  1194    727
  1195    727
  1196    727
  1197    727
  1198    727
  1199    727
  1200    727
  1201    727
  1209    727
  1210    727
  1211    727
  1212    727
  1215    727
  1216    727
  1217    727
  1218    727
  1219    727
  1220    727
  1221    727
  1222    727
  1223    727
  1224    727
  1225    727
  1235    727
  1236    727
  1237    727
  1238    727
  1239    727
  1240    727
  1244    727
  1245    727
  1246    727
  1247    727
  1248    727
  1249    727
  1250    727
  1251    727
  1275    727
  1276    727
  1277    727
  1278    727
  1279    727
  1280    727
  1281    727
  1282    727
  1283    727
  1284    727
  1285    727
  1300    727
  1301    727
  1302    727
  1303    727
  1304    727
  1337    727
  1338    727
  1339    727
  1340    727
  1363    727
  1364    727
  1365    727
  1366    727
  1408    727
  1409    727
  1410    727
  1422    727
  1423    727
  1424    727
  1425    727
  1426    727
  1427    727
  1428    727
  1429    727
  1430    727
  1431    727
  1432    727
  1433    727
  1434    727
  1438    727
  1439    727
  1440    727
  1504    727
  1505    727
  1506    727
   829    728
   830    728
   831    728
   832    728
   833    728
   834    728
   835    728
   836    728
   837    728
   838    728
   839    728
   845    728
   846    728
   847    728
   992    728
   993    728
   994    728
   995    728
   996    728
   997    728
   998    728
   999    728
  1000    728
  1001    728
  1002    728
  1003    728
  1004    728
  1005    728
  1006    728
  1007    728
  1008    728
  1009    728
  1010    728
  1011    728
  1012    728
  1013    728
  1014    728
  1015    728
  1016    728
  1017    728
  1018    728
  1019    728
  1020    728
  1021    728
  1022    728
  1023    728
  1024    728
  1025    728
  1026    728
  1027    728
  1028    728
  1029    728
  1030    728
  1031    728
  1032    728
  1033    728
  1034    728
  1035    728
  1036    728
  1037    728
  1038    728
  1039    728
  1040    728
  1041    728
  1042    728
  1044    728
  1045    728
  1053    728
  1054    728
  1055    728
  1056    728
  1057    728
  1058    728
  1059    728
  1060    728
  1061    728
  1062    728
  1063    728
  1064    728
  1065    728
  1066    728
  1067    728
  1068    728
  1069    728
  1070    728
  1071    728
  1072    728
  1073    728
  1074    728
  1075    728
  1076    728
  1077    728
  1078    728
  1079    728
  1080    728
  1081    728
  1082    728
  1083    728
  1084    728
  1085    728
  1086    728
  1087    728
  1088    728
  1089    728
  1090    728
  1091    728
  1092    728
  1093    728
  1094    728
  1095    728
  1096    728
  1097    728
  1098    728
  1099    728
  1100    728
  1101    728
  1102    728
  1103    728
  1104    728
  1105    728
  1106    728
  1107    728
  1108    728
  1109    728
  1110    728
  1111    728
  1112    728
  1113    728
  1114    728
  1115    728
  1116    728
  1117    728
  1118    728
  1119    728
  1120    728
  1121    728
  1122    728
  1123    728
  1124    728
  1125    728
  1126    728
  1127    728
  1128    728
  1149    728
  1150    728
  1151    728
  1152    728
  1153    728
  1154    728
  1155    728
  1156    728
  1157    728
  1158    728
  1160    728
  1161    728
  1162    728
  1163    728
  1164    728
  1184    728
  1185    728
  1186    728
  1187    728
  1188    728
  1189    728
  1190    728
  1191    728
  1192    728
  1196    728
  1197    728
  1198    728
  1199    728
  1200    728
  1201    728
  1203    728
  1204    728
  1205    728
  1206    728
  1207    728
  1208    728
  1209    728
  1210    728
  1211    728
  1239    728
  1240    728
  1241    728
  1258    728
  1259    728
  1260    728
  1261    728
  1262    728
  1263    728
  1268    728
  1269    728
  1270    728
  1271    728
  1272    728
  1273    728
  1274    728
  1275    728
  1276    728
  1277    728
  1278    728
  1279    728
  1280    728
  1281    728
  1282    728
  1283    728
  1284    728
  1285    728
  1287    728
  1308    728
  1309    728
  1310    728
  1335    728
  1336    728
  1337    728
  1338    728
  1387    728
  1388    728
  1389    728
  1390    728
  1391    728
  1392    728
  1413    728
  1414    728
  1415    728
  1416    728
  1417    728
  1418    728
  1419    728
  1420    728
  1423    728
  1424    728
  1425    728
  1426    728
  1427    728
  1428    728
  1429    728
  1430    728
  1431    728
  1432    728
  1484    728
  1485    728
  1489    728
  1490    728
  1491    728
  1492    728
  1493    728
  1494    728
  1495    728
  1496    728
  1497    728
  1498    728
  1499    728
  1500    728
  1501    728
  1502    728
  1503    728
  1504    728
  1505    728
  1506    728
  1507    728
  1508    728
  1509    728
  1510    728
  1511    728
  1512    728
  1513    728
  1514    728
  1515    728
  1516    728
   833    729
   834    729
   835    729
   836    729
   837    729
   838    729
   839    729
   840    729
   841    729
   842    729
   843    729
  1001    729
  1002    729
  1003    729
  1004    729
  1005    729
  1006    729
  1007    729
  1008    729
  1009    729
  1010    729
  1013    729
  1014    729
  1015    729
  1016    729
  1017    729
  1018    729
  1019    729
  1020    729
  1021    729
  1022    729
  1023    729
  1024    729
  1025    729
  1026    729
  1027    729
  1028    729
  1029    729
  1030    729
  1031    729
  1032    729
  1033    729
  1035    729
  1036    729
  1037    729
  1038    729
  1039    729
  1040    729
  1041    729
  1042    729
  1043    729
  1053    729
  1054    729
  1055    729
  1056    729
  1057    729
  1058    729
  1059    729
  1060    729
  1061    729
  1062    729
  1063    729
  1064    729
  1065    729
  1066    729
  1067    729
  1068    729
  1069    729
  1070    729
  1071    729
  1072    729
  1073    729
  1074    729
  1075    729
  1076    729
  1077    729
  1078    729
  1079    729
  1080    729
  1081    729
  1082    729
  1083    729
  1084    729
  1085    729
  1086    729
  1087    729
  1088    729
  1089    729
  1090    729
  1091    729
  1092    729
  1093    729
  1094    729
  1095    729
  1096    729
  1097    729
  1098    729
  1099    729
  1100    729
  1101    729
  1102    729
  1103    729
  1104    729
  1105    729
  1106    729
  1107    729
  1108    729
  1109    729
  1110    729
  1111    729
  1112    729
  1113    729
  1114    729
  1115    729
  1116    729
  1117    729
  1118    729
  1119    729
  1120    729
  1121    729
  1122    729
  1123    729
  1124    729
  1125    729
  1126    729
  1127    729
  1128    729
  1129    729
  1130    729
  1131    729
  1132    729
  1133    729
  1142    729
  1143    729
  1144    729
  1146    729
  1147    729
  1148    729
  1155    729
  1156    729
  1157    729
  1169    729
  1170    729
  1171    729
  1172    729
  1173    729
  1174    729
  1232    729
  1233    729
  1234    729
  1235    729
  1236    729
  1237    729
  1238    729
  1239    729
  1240    729
  1241    729
  1242    729
  1243    729
  1244    729
  1245    729
  1246    729
  1247    729
  1251    729
  1252    729
  1253    729
  1254    729
  1272    729
  1273    729
  1274    729
  1275    729
  1276    729
  1277    729
  1278    729
  1279    729
  1280    729
  1282    729
  1283    729
  1284    729
  1285    729
  1286    729
  1287    729
  1288    729
  1289    729
  1290    729
  1291    729
  1311    729
  1312    729
  1313    729
  1330    729
  1331    729
  1332    729
  1333    729
  1336    729
  1337    729
  1338    729
  1375    729
  1376    729
  1377    729
  1378    729
  1451    729
  1452    729
  1453    729
  1454    729
  1455    729
  1456    729
  1457    729
  1458    729
  1459    729
  1460    729
  1461    729
  1462    729
  1463    729
  1464    729
  1465    729
  1466    729
  1467    729
  1468    729
  1469    729
  1470    729
  1471    729
  1472    729
  1473    729
  1474    729
  1475    729
  1476    729
  1477    729
  1478    729
  1479    729
  1480    729
  1481    729
  1482    729
  1483    729
  1484    729
  1485    729
  1486    729
  1487    729
  1488    729
  1489    729
  1490    729
  1491    729
  1492    729
  1493    729
  1494    729
  1495    729
  1496    729
  1497    729
  1498    729
  1499    729
  1500    729
  1501    729
  1502    729
  1503    729
  1504    729
  1505    729
  1506    729
  1507    729
  1508    729
  1509    729
  1510    729
  1511    729
  1512    729
  1513    729
  1514    729
  1515    729
  1516    729
   827    730
   828    730
   829    730
   830    730
   835    730
   836    730
   837    730
   838    730
   839    730
   840    730
   841    730
   842    730
   843    730
   844    730
   845    730
   846    730
  1024    730
  1025    730
  1026    730
  1039    730
  1040    730
  1041    730
  1056    730
  1057    730
  1058    730
  1059    730
  1060    730
  1061    730
  1062    730
  1063    730
  1064    730
  1065    730
  1066    730
  1067    730
  1068    730
  1069    730
  1070    730
  1071    730
  1072    730
  1073    730
  1074    730
  1075    730
  1076    730
  1077    730
  1078    730
  1079    730
  1080    730
  1081    730
  1082    730
  1083    730
  1084    730
  1085    730
  1086    730
  1087    730
  1088    730
  1089    730
  1090    730
  1091    730
  1092    730
  1093    730
  1094    730
  1095    730
  1096    730
  1097    730
  1098    730
  1099    730
  1100    730
  1101    730
  1102    730
  1103    730
  1104    730
  1105    730
  1106    730
  1107    730
  1108    730
  1109    730
  1110    730
  1111    730
  1112    730
  1113    730
  1114    730
  1115    730
  1116    730
  1117    730
  1118    730
  1119    730
  1120    730
  1121    730
  1122    730
  1123    730
  1125    730
  1126    730
  1127    730
  1128    730
  1129    730
  1130    730
  1131    730
  1132    730
  1133    730
  1134    730
  1135    730
  1136    730
  1137    730
  1138    730
  1139    730
  1140    730
  1141    730
  1142    730
  1143    730
  1144    730
  1145    730
  1146    730
  1147    730
  1148    730
  1149    730
  1150    730
  1151    730
  1152    730
  1153    730
  1154    730
  1155    730
  1156    730
  1157    730
  1158    730
  1159    730
  1160    730
  1161    730
  1162    730
  1163    730
  1164    730
  1165    730
  1166    730
  1168    730
  1169    730
  1174    730
  1175    730
  1246    730
  1247    730
  1248    730
  1263    730
  1264    730
  1265    730
  1266    730
  1267    730
  1408    730
  1409    730
  1410    730
  1411    730
  1412    730
  1413    730
  1414    730
  1415    730
  1416    730
  1417    730
  1418    730
  1419    730
  1420    730
  1421    730
  1422    730
  1423    730
  1424    730
  1425    730
  1426    730
  1427    730
  1428    730
  1429    730
  1430    730
  1431    730
  1432    730
  1433    730
  1434    730
  1435    730
  1436    730
  1437    730
  1438    730
  1439    730
  1440    730
  1441    730
  1442    730
  1443    730
  1444    730
  1445    730
  1446    730
  1447    730
  1448    730
  1449    730
  1450    730
  1451    730
  1452    730
  1453    730
  1454    730
  1455    730
  1456    730
  1457    730
  1458    730
  1459    730
  1460    730
  1461    730
  1462    730
  1463    730
  1464    730
  1465    730
  1466    730
  1467    730
  1468    730
  1469    730
  1470    730
  1471    730
  1472    730
  1473    730
  1474    730
  1475    730
  1476    730
  1477    730
  1478    730
  1479    730
  1480    730
  1481    730
  1482    730
  1483    730
  1484    730
  1485    730
  1486    730
  1487    730
  1488    730
  1489    730
  1490    730
  1491    730
  1492    730
  1493    730
  1494    730
  1495    730
  1496    730
  1497    730
  1498    730
  1499    730
  1500    730
  1501    730
  1502    730
  1503    730
  1504    730
  1505    730
  1506    730
  1507    730
  1508    730
  1509    730
  1510    730
  1511    730
  1512    730
   824    731
   825    731
   826    731
   827    731
   838    731
   839    731
   840    731
   841    731
   842    731
   843    731
   844    731
   845    731
   846    731
   847    731
   848    731
  1057    731
  1058    731
  1059    731
  1060    731
  1061    731
  1062    731
  1063    731
  1064    731
  1065    731
  1066    731
  1067    731
  1068    731
  1069    731
  1070    731
  1071    731
  1072    731
  1087    731
  1088    731
  1089    731
  1090    731
  1091    731
  1096    731
  1097    731
  1098    731
  1099    731
  1100    731
  1101    731
  1102    731
  1103    731
  1104    731
  1105    731
  1106    731
  1107    731
  1108    731
  1109    731
  1110    731
  1111    731
  1112    731
  1113    731
  1114    731
  1115    731
  1117    731
  1118    731
  1119    731
  1120    731
  1121    731
  1122    731
  1123    731
  1124    731
  1125    731
  1126    731
  1127    731
  1128    731
  1129    731
  1130    731
  1131    731
  1132    731
  1133    731
  1134    731
  1135    731
  1153    731
  1154    731
  1155    731
  1156    731
  1157    731
  1158    731
  1159    731
  1160    731
  1161    731
  1169    731
  1170    731
  1171    731
  1172    731
  1173    731
  1174    731
  1175    731
  1176    731
  1177    731
  1178    731
  1179    731
  1180    731
  1181    731
  1182    731
  1183    731
  1184    731
  1188    731
  1191    731
  1192    731
  1193    731
  1194    731
  1195    731
  1196    731
  1197    731
  1198    731
  1199    731
  1200    731
  1201    731
  1202    731
  1203    731
  1204    731
  1205    731
  1206    731
  1207    731
  1208    731
  1209    731
  1210    731
  1211    731
  1212    731
  1213    731
  1214    731
  1215    731
  1216    731
  1236    731
  1237    731
  1238    731
  1239    731
  1240    731
  1241    731
  1242    731
  1282    731
  1283    731
  1284    731
  1291    731
  1292    731
  1293    731
  1294    731
  1295    731
  1296    731
  1297    731
  1298    731
  1299    731
  1300    731
  1301    731
  1303    731
  1387    731
  1388    731
  1389    731
  1390    731
  1391    731
  1392    731
  1393    731
  1394    731
  1395    731
  1396    731
  1397    731
  1398    731
  1399    731
  1400    731
  1401    731
  1402    731
  1403    731
  1404    731
  1405    731
  1406    731
  1407    731
  1408    731
  1409    731
  1410    731
  1411    731
  1412    731
  1413    731
  1414    731
  1415    731
  1416    731
  1417    731
  1418    731
  1419    731
  1420    731
  1421    731
  1422    731
  1423    731
  1424    731
  1425    731
  1426    731
  1427    731
  1428    731
  1429    731
  1430    731
  1431    731
  1432    731
  1433    731
  1434    731
  1435    731
  1436    731
  1437    731
  1438    731
  1439    731
  1440    731
  1441    731
  1442    731
  1443    731
  1444    731
  1445    731
  1446    731
  1447    731
  1448    731
  1449    731
  1450    731
  1451    731
  1452    731
  1453    731
  1454    731
  1455    731
  1456    731
  1457    731
  1458    731
  1459    731
  1460    731
  1461    731
  1462    731
  1463    731
  1464    731
  1465    731
  1466    731
  1467    731
  1468    731
  1469    731
  1470    731
  1471    731
  1472    731
  1473    731
  1474    731
  1475    731
  1476    731
  1477    731
  1478    731
  1479    731
  1480    731
  1481    731
  1482    731
  1483    731
  1484    731
  1485    731
   843    732
   844    732
   845    732
   846    732
   847    732
   848    732
   849    732
   850    732
   851    732
   852    732
  1037    732
  1038    732
  1039    732
  1040    732
  1062    732
  1063    732
  1064    732
  1065    732
  1066    732
  1067    732
  1086    732
  1087    732
  1088    732
  1103    732
  1104    732
  1105    732
  1106    732
  1107    732
  1108    732
  1109    732
  1110    732
  1111    732
  1112    732
  1113    732
  1114    732
  1115    732
  1116    732
  1117    732
  1118    732
  1119    732
  1146    732
  1147    732
  1153    732
  1154    732
  1155    732
  1159    732
  1160    732
  1161    732
  1163    732
  1164    732
  1165    732
  1166    732
  1167    732
  1168    732
  1169    732
  1170    732
  1171    732
  1172    732
  1173    732
  1174    732
  1175    732
  1176    732
  1177    732
  1178    732
  1179    732
  1180    732
  1181    732
  1182    732
  1183    732
  1184    732
  1196    732
  1197    732
  1198    732
  1199    732
  1200    732
  1201    732
  1202    732
  1203    732
  1204    732
  1205    732
  1206    732
  1207    732
  1208    732
  1209    732
  1210    732
  1211    732
  1212    732
  1213    732
  1214    732
  1223    732
  1224    732
  1225    732
  1226    732
  1227    732
  1228    732
  1229    732
  1230    732
  1231    732
  1232    732
  1233    732
  1234    732
  1235    732
  1236    732
  1237    732
  1238    732
  1239    732
  1240    732
  1241    732
  1242    732
  1243    732
  1244    732
  1245    732
  1246    732
  1247    732
  1248    732
  1257    732
  1258    732
  1259    732
  1260    732
  1261    732
  1262    732
  1263    732
  1264    732
  1265    732
  1266    732
  1267    732
  1268    732
  1269    732
  1270    732
  1271    732
  1272    732
  1273    732
  1274    732
  1275    732
  1276    732
  1277    732
  1278    732
  1279    732
  1280    732
  1281    732
  1282    732
  1283    732
  1284    732
  1285    732
  1286    732
  1287    732
  1288    732
  1289    732
  1290    732
  1291    732
  1292    732
  1293    732
  1294    732
  1295    732
  1296    732
  1297    732
  1298    732
  1299    732
  1300    732
  1301    732
  1302    732
  1303    732
  1304    732
  1305    732
  1306    732
  1307    732
  1308    732
  1309    732
  1310    732
  1311    732
  1312    732
  1313    732
  1314    732
  1315    732
  1316    732
  1317    732
  1318    732
  1319    732
  1320    732
  1321    732
  1322    732
  1323    732
  1324    732
  1325    732
  1326    732
  1327    732
  1328    732
  1329    732
  1330    732
  1331    732
  1332    732
  1333    732
  1334    732
  1335    732
  1336    732
  1337    732
  1338    732
  1339    732
  1340    732
  1341    732
  1376    732
  1377    732
  1383    732
  1384    732
  1385    732
  1386    732
  1387    732
  1388    732
  1389    732
  1390    732
  1391    732
  1392    732
  1393    732
  1394    732
  1395    732
  1396    732
  1397    732
  1398    732
  1399    732
  1400    732
  1401    732
  1402    732
  1403    732
  1404    732
  1405    732
  1406    732
  1407    732
  1408    732
  1409    732
  1410    732
  1411    732
  1412    732
  1413    732
  1414    732
  1415    732
  1416    732
  1417    732
  1418    732
  1419    732
  1420    732
  1421    732
  1422    732
  1423    732
  1424    732
  1425    732
  1426    732
  1427    732
  1428    732
  1429    732
  1430    732
  1431    732
  1432    732
  1433    732
  1434    732
  1435    732
  1436    732
  1437    732
  1438    732
  1439    732
  1440    732
  1458    732
   845    733
   846    733
   847    733
   848    733
   849    733
   850    733
   851    733
   852    733
   853    733
   854    733
   855    733
   857    733
   858    733
   859    733
  1069    733
  1070    733
  1071    733
  1072    733
  1073    733
  1099    733
  1100    733
  1101    733
  1104    733
  1105    733
  1106    733
  1107    733
  1108    733
  1109    733
  1110    733
  1111    733
  1112    733
  1113    733
  1114    733
  1115    733
  1116    733
  1117    733
  1118    733
  1119    733
  1120    733
  1127    733
  1128    733
  1129    733
  1135    733
  1136    733
  1137    733
  1196    733
  1197    733
  1198    733
  1199    733
  1200    733
  1201    733
  1202    733
  1203    733
  1204    733
  1205    733
  1206    733
  1207    733
  1208    733
  1209    733
  1210    733
  1211    733
  1212    733
  1213    733
  1216    733
  1217    733
  1220    733
  1221    733
  1222    733
  1223    733
  1224    733
  1225    733
  1226    733
  1227    733
  1228    733
  1229    733
  1230    733
  1231    733
  1232    733
  1233    733
  1234    733
  1235    733
  1236    733
  1237    733
  1238    733
  1239    733
  1240    733
  1241    733
  1242    733
  1243    733
  1244    733
  1245    733
  1246    733
  1253    733
  1254    733
  1255    733
  1256    733
  1257    733
  1258    733
  1259    733
  1260    733
  1261    733
  1262    733
  1263    733
  1264    733
  1265    733
  1266    733
  1267    733
  1268    733
  1269    733
  1270    733
  1271    733
  1272    733
  1273    733
  1274    733
  1275    733
  1276    733
  1277    733
  1278    733
  1279    733
  1280    733
  1281    733
  1282    733
  1283    733
  1284    733
  1285    733
  1286    733
  1287    733
  1288    733
  1289    733
  1290    733
  1291    733
  1292    733
  1293    733
  1294    733
  1295    733
  1296    733
  1297    733
  1298    733
  1299    733
  1300    733
  1301    733
  1302    733
  1303    733
  1304    733
  1305    733
  1306    733
  1307    733
  1308    733
  1309    733
  1310    733
  1311    733
  1312    733
  1313    733
  1314    733
  1315    733
  1316    733
  1317    733
  1318    733
  1319    733
  1320    733
  1321    733
  1322    733
  1323    733
  1324    733
  1325    733
  1326    733
  1327    733
  1328    733
  1329    733
  1330    733
  1331    733
  1332    733
  1333    733
  1334    733
  1335    733
  1336    733
  1337    733
  1338    733
  1339    733
  1340    733
  1341    733
  1342    733
  1383    733
  1384    733
  1385    733
  1386    733
  1387    733
  1388    733
  1389    733
  1390    733
  1391    733
  1392    733
  1393    733
  1394    733
   836    734
   837    734
   838    734
   847    734
   848    734
   849    734
   850    734
   851    734
   852    734
   853    734
   854    734
   855    734
   856    734
  1105    734
  1106    734
  1107    734
  1108    734
  1158    734
  1159    734
  1160    734
  1161    734
  1162    734
  1163    734
  1179    734
  1180    734
  1181    734
  1182    734
  1183    734
  1200    734
  1201    734
  1202    734
  1258    734
  1259    734
  1260    734
  1261    734
  1262    734
  1263    734
  1264    734
  1265    734
  1266    734
  1267    734
  1268    734
  1269    734
  1270    734
  1271    734
  1272    734
  1273    734
  1274    734
  1275    734
  1276    734
  1277    734
  1278    734
  1279    734
  1280    734
  1281    734
  1282    734
  1283    734
  1284    734
  1285    734
  1286    734
  1287    734
  1288    734
  1289    734
  1290    734
  1291    734
  1292    734
  1293    734
  1294    734
  1295    734
  1296    734
  1297    734
  1298    734
  1299    734
  1300    734
  1301    734
  1302    734
  1303    734
  1304    734
  1305    734
  1306    734
  1307    734
  1308    734
  1309    734
  1310    734
  1311    734
  1312    734
  1313    734
  1314    734
  1315    734
  1316    734
  1318    734
  1319    734
  1320    734
  1321    734
  1322    734
  1323    734
  1324    734
  1325    734
  1326    734
  1327    734
  1328    734
  1329    734
  1330    734
  1331    734
  1332    734
  1333    734
  1334    734
  1335    734
  1336    734
  1337    734
  1338    734
  1339    734
  1340    734
  1341    734
   848    735
   849    735
   850    735
   851    735
   852    735
   853    735
   854    735
   855    735
   856    735
   857    735
   858    735
  1103    735
  1104    735
  1105    735
  1106    735
  1107    735
  1158    735
  1159    735
  1160    735
  1161    735
  1162    735
  1164    735
  1165    735
  1166    735
  1243    735
  1244    735
  1245    735
  1339    735
  1340    735
  1341    735
  1389    735
  1390    735
  1391    735
  1392    735
   850    736
   851    736
   852    736
   853    736
   854    736
   855    736
   856    736
   857    736
   858    736
   859    736
   852    737
   853    737
   854    737
   855    737
   856    737
   857    737
   858    737
   859    737
   860    737
   861    737
   854    738
   855    738
   856    738
   857    738
   858    738
   859    738
   860    738
   861    738
   862    738
   863    738
   855    739
   856    739
   857    739
   858    739
   859    739
   860    739
   861    739
   862    739
   863    739
   864    739
   856    740
   857    740
   858    740
   859    740
   860    740
   861    740
   862    740
   863    740
   864    740
   865    740
   857    741
   858    741
   859    741
   860    741
   861    741
   862    741
   863    741
   864    741
   865    741
   866    741
   858    742
   859    742
   860    742
   861    742
   862    742
   863    742
   864    742
   865    742
   866    742
   867    742
   858    743
   859    743
   860    743
   861    743
   862    743
   863    743
   864    743
   865    743
   866    743
   867    743
   868    743
   859    744
   860    744
   861    744
   862    744
   863    744
   864    744
   865    744
   866    744
   867    744
   857    745
   858    745
   859    745
   860    745
   861    745
   862    745
   863    745
   864    745
   865    745
   866    745
   867    745
   868    745
   856    746
   857    746
   858    746
   859    746
   860    746
   861    746
   862    746
   863    746
   864    746
   865    746
   866    746
   867    746
   868    746
   856    747
   857    747
   858    747
   859    747
   860    747
   861    747
   862    747
   863    747
   864    747
   865    747
   866    747
   867    747
   868    747
   869    747
   856    748
   857    748
   858    748
   859    748
   860    748
   861    748
   862    748
   863    748
   864    748
   865    748
   866    748
   867    748
   868    748
   869    748
   856    749
   857    749
   858    749
   859    749
   860    749
   861    749
   862    749
   863    749
   864    749
   865    749
   866    749
   867    749
   868    749
   858    750
   859    750
   860    750
   861    750
   862    750
   863    750
   864    750
   865    750
   866    750
   867    750
   868    750
   856    751
   857    751
   858    751
   859    751
   860    751
   861    751
   862    751
   863    751
   864    751
   865    751
   866    751
   867    751
   854    752
   855    752
   856    752
   857    752
   858    752
   859    752
   860    752
   861    752
   862    752
   863    752
   864    752
   865    752
   866    752
   867    752
   854    753
   855    753
   856    753
   857    753
   858    753
   859    753
   860    753
   861    753
   862    753
   863    753
   864    753
   865    753
   866    753
   852    754
   853    754
   854    754
   856    754
   857    754
   858    754
   859    754
   860    754
   861    754
   862    754
   863    754
   864    754
   865    754
   854    755
   855    755
   856    755
   857    755
   858    755
   859    755
   860    755
   861    755
   862    755
   863    755
   864    755
   848    756
   849    756
   850    756
   851    756
   853    756
   854    756
   855    756
   856    756
   857    756
   858    756
   859    756
   860    756
   861    756
   862    756
   852    757
   853    757
   854    757
   855    757
   856    757
   857    757
   858    757
   859    757
   860    757
   849    758
   850    758
   851    758
   852    758
   853    758
   854    758
   855    758
   856    758
   857    758
   858    758
   847    759
   848    759
   849    759
   850    759
   851    759
   852    759
   853    759
   854    759
   855    759
   856    759
   857    759
   844    760
   845    760
   846    760
   847    760
   848    760
   849    760
   850    760
   851    760
   852    760
   853    760
   854    760
   841    761
   842    761
   843    761
   844    761
   845    761
   846    761
   847    761
   848    761
   849    761
   850    761
   851    761
   852    761
   838    762
   839    762
   840    762
   841    762
   842    762
   843    762
   844    762
   845    762
   846    762
   847    762
   848    762
   849    762
   850    762
   836    763
   837    763
   838    763
   839    763
   840    763
   841    763
   842    763
   843    763
   844    763
   845    763
   846    763
   847    763
   832    764
   833    764
   834    764
   835    764
   836    764
   837    764
   838    764
   839    764
   840    764
   841    764
   842    764
   843    764
   844    764
   830    765
   831    765
   832    765
   833    765
   834    765
   835    765
   836    765
   837    765
   838    765
   839    765
   840    765
   841    765
   842    765
   827    766
   828    766
   829    766
   830    766
   831    766
   832    766
   833    766
   834    766
   835    766
   836    766
   837    766
   838    766
   839    766
   840    766
   825    767
   826    767
   827    767
   828    767
   829    767
   830    767
   831    767
   832    767
   833    767
   834    767
   835    767
   836    767
   837    767
   838    767
   822    768
   823    768
   824    768
   825    768
   826    768
   827    768
   828    768
   829    768
   830    768
   831    768
   832    768
   833    768
   834    768
   817    769
   818    769
   819    769
   820    769
   821    769
   822    769
   823    769
   824    769
   825    769
   826    769
   827    769
   828    769
   829    769
   830    769
   814    770
   815    770
   816    770
   817    770
   818    770
   819    770
   820    770
   821    770
   822    770
   823    770
   824    770
   825    770
   826    770
   827    770
   811    771
   812    771
   813    771
   814    771
   815    771
   816    771
   817    771
   818    771
   819    771
   820    771
   821    771
   822    771
   823    771
   807    772
   808    772
   809    772
   810    772
   811    772
   812    772
   813    772
   814    772
   815    772
   816    772
   817    772
   818    772
   819    772
   820    772
   803    773
   804    773
   805    773
   806    773
   807    773
   808    773
   809    773
   810    773
   811    773
   812    773
   813    773
   814    773
   815    773
   816    773
   817    773
   800    774
   801    774
   802    774
   803    774
   804    774
   805    774
   806    774
   807    774
   808    774
   809    774
   810    774
   811    774
   812    774
   813    774
   797    775
   798    775
   799    775
   800    775
   801    775
   802    775
   803    775
   804    775
   805    775
   806    775
   807    775
   808    775
   809    775
   810    775
   792    776
   793    776
   794    776
   795    776
   796    776
   797    776
   798    776
   799    776
   800    776
   801    776
   802    776
   803    776
   804    776
   805    776
   815    776
   816    776
   817    776
   818    776
   819    776
   820    776
   787    777
   788    777
   789    777
   790    777
   791    777
   792    777
   793    777
   794    777
   795    777
   796    777
   797    777
   798    777
   799    777
   800    777
   807    777
   808    777
   809    777
   810    777
   811    777
   812    777
   783    778
   784    778
   785    778
   786    778
   787    778
   788    778
   789    778
   790    778
   791    778
   792    778
   793    778
   794    778
   795    778
   796    778
   797    778
   798    778
   799    778
   800    778
   801    778
   802    778
   803    778
   804    778
   805    778
   782    779
   783    779
   784    779
   785    779
   786    779
   787    779
   788    779
   789    779
   790    779
   791    779
   792    779
   793    779
   794    779
   795    779
   796    779
   797    779
   798    779
   799    779
   800    779
   801    779
   783    780
   784    780
   785    780
   786    780
   787    780
   788    780
   789    780
   790    780
   791    780
   792    780
   793    780
   794    780
   795    780
   796    780
   797    780
   798    780
   799    780
   783    781
   784    781
   785    781
   786    781
   787    781
   788    781
   789    781
   790    781
   791    781
   792    781
   793    781
