   841    714
   842    714
   843    714
   844    714
   845    714
   846    714
   847    714
   848    714
   849    714
   850    714
   851    714
   852    714
   853    714
   855    714
   836    715
   837    715
   838    715
   839    715
   840    715
   841    715
   842    715
   843    715
   844    715
   845    715
   846    715
   847    715
   848    715
   849    715
   850    715
   851    715
   852    715
   853    715
   854    715
   855    715
   859    715
   860    715
   861    715
   862    715
   863    715
   864    715
   865    715
   866    715
   867    715
   868    715
   869    715
   870    715
   871    715
   872    715
   873    715
   874    715
   875    715
   876    715
   877    715
   834    716
   835    716
   836    716
   837    716
   838    716
   839    716
   840    716
   841    716
   842    716
   843    716
   844    716
   845    716
   846    716
   847    716
   848    716
   849    716
   850    716
   851    716
   852    716
   853    716
   854    716
   855    716
   856    716
   859    716
   860    716
   861    716
   862    716
   863    716
   864    716
   865    716
   866    716
   867    716
   868    716
   869    716
   870    716
   871    716
   872    716
   873    716
   874    716
   875    716
   876    716
   877    716
   878    716
   879    716
   880    716
   881    716
   882    716
   883    716
   884    716
   887    716
   888    716
   889    716
   890    716
   891    716
   892    716
   893    716
   894    716
   895    716
   896    716
   897    716
   898    716
   899    716
   900    716
   901    716
   902    716
   834    717
   835    717
   836    717
   837    717
   838    717
   839    717
   840    717
   841    717
   842    717
   843    717
   844    717
   845    717
   846    717
   847    717
   848    717
   849    717
   850    717
   851    717
   852    717
   853    717
   854    717
   855    717
   856    717
   859    717
   860    717
   861    717
   862    717
   863    717
   864    717
   865    717
   866    717
   867    717
   868    717
   869    717
   870    717
   871    717
   872    717
   873    717
   874    717
   875    717
   876    717
   877    717
   878    717
   879    717
   880    717
   881    717
   882    717
   883    717
   884    717
   887    717
   888    717
   889    717
   890    717
   891    717
   892    717
   893    717
   894    717
   895    717
   896    717
   897    717
   898    717
   899    717
   900    717
   901    717
   902    717
   903    717
   904    717
   905    717
   906    717
   907    717
   908    717
   909    717
   910    717
   911    717
   912    717
   913    717
   914    717
   831    718
   832    718
   833    718
   834    718
   835    718
   836    718
   837    718
   838    718
   839    718
   840    718
   841    718
   842    718
   843    718
   844    718
   845    718
   846    718
   847    718
   848    718
   849    718
   850    718
   851    718
   852    718
   853    718
   861    718
   862    718
   863    718
   864    718
   865    718
   866    718
   867    718
   868    718
   869    718
   870    718
   871    718
   872    718
   873    718
   874    718
   875    718
   876    718
   877    718
   878    718
   879    718
   880    718
   881    718
   882    718
   883    718
   884    718
   885    718
   886    718
   887    718
   888    718
   889    718
   890    718
   891    718
   892    718
   893    718
   894    718
   895    718
   896    718
   897    718
   898    718
   899    718
   900    718
   901    718
   902    718
   903    718
   904    718
   905    718
   906    718
   907    718
   911    718
   912    718
   913    718
   914    718
   829    719
   830    719
   831    719
   832    719
   833    719
   834    719
   835    719
   836    719
   837    719
   838    719
   839    719
   840    719
   841    719
   842    719
   844    719
   845    719
   846    719
   847    719
   848    719
   849    719
   850    719
   851    719
   852    719
   861    719
   862    719
   863    719
   864    719
   865    719
   866    719
   867    719
   868    719
   869    719
   870    719
   871    719
   872    719
   873    719
   878    719
   879    719
   880    719
   881    719
   882    719
   883    719
   884    719
   886    719
   887    719
   888    719
   889    719
   890    719
   891    719
   892    719
   893    719
   894    719
   895    719
   896    719
   897    719
   898    719
   899    719
   900    719
   901    719
   902    719
   903    719
   904    719
   905    719
   906    719
   907    719
   912    719
   913    719
   914    719
   828    720
   829    720
   830    720
   831    720
   832    720
   833    720
   836    720
   837    720
   838    720
   839    720
   840    720
   841    720
   842    720
   843    720
   844    720
   845    720
   846    720
   847    720
   848    720
   849    720
   850    720
   851    720
   852    720
   853    720
   854    720
   855    720
   856    720
   857    720
   858    720
   859    720
   860    720
   863    720
   864    720
   865    720
   866    720
   867    720
   870    720
   871    720
   872    720
   876    720
   877    720
   878    720
   879    720
   880    720
   881    720
   885    720
   886    720
   887    720
   888    720
   889    720
   890    720
   891    720
   892    720
   893    720
   894    720
   895    720
   896    720
   897    720
   898    720
   899    720
   900    720
   901    720
   902    720
   903    720
   904    720
   905    720
   906    720
   907    720
   908    720
   909    720
   911    720
   912    720
   913    720
   835    721
   836    721
   837    721
   838    721
   842    721
   843    721
   844    721
   845    721
   846    721
   847    721
   848    721
   849    721
   850    721
   851    721
   852    721
   853    721
   854    721
   855    721
   856    721
   857    721
   858    721
   859    721
   860    721
   861    721
   862    721
   863    721
   864    721
   865    721
   866    721
   867    721
   868    721
   869    721
   870    721
   871    721
   872    721
   873    721
   874    721
   875    721
   876    721
   877    721
   878    721
   883    721
   884    721
   885    721
   886    721
   887    721
   888    721
   889    721
   890    721
   891    721
   892    721
   893    721
   895    721
   896    721
   897    721
   898    721
   899    721
   900    721
   901    721
   902    721
   903    721
   904    721
   905    721
   906    721
   907    721
   908    721
   909    721
   910    721
   911    721
   912    721
   913    721
   824    722
   825    722
   826    722
   827    722
   828    722
   829    722
   830    722
   831    722
   832    722
   846    722
   847    722
   863    722
   864    722
   865    722
   866    722
   867    722
   868    722
   869    722
   870    722
   871    722
   872    722
   873    722
   874    722
   875    722
   876    722
   877    722
   878    722
   879    722
   882    722
   883    722
   884    722
   885    722
   886    722
   887    722
   888    722
   889    722
   890    722
   891    722
   892    722
   893    722
   894    722
   895    722
   896    722
   897    722
   898    722
   899    722
   900    722
   901    722
   902    722
   903    722
   904    722
   905    722
   906    722
   910    722
   911    722
   912    722
   832    723
   833    723
   834    723
   886    723
   887    723
   888    723
   889    723
   890    723
   891    723
   892    723
   893    723
   894    723
   895    723
   896    723
   897    723
   898    723
   899    723
   900    723
   901    723
   902    723
   903    723
   904    723
   905    723
   906    723
   907    723
   908    723
   909    723
   910    723
   911    723
   912    723
   821    724
   822    724
   823    724
   824    724
   825    724
   826    724
   886    724
   887    724
   888    724
   890    724
   891    724
   892    724
   893    724
   894    724
   895    724
   819    725
   820    725
   821    725
   822    725
   823    725
   824    725
   825    725
   826    725
   827    725
   828    725
   829    725
   830    725
   891    725
   892    725
   893    725
   894    725
   895    725
   823    726
   824    726
   825    726
   826    726
   827    726
   828    726
   829    726
   830    726
   831    726
   832    726
   833    726
   828    727
   829    727
   830    727
   831    727
   832    727
   833    727
   834    727
   835    727
   836    727
   837    727
   838    727
   830    728
   831    728
   832    728
   833    728
   834    728
   835    728
   836    728
   837    728
   838    728
   839    728
   840    728
   847    728
   848    728
   849    728
   834    729
   835    729
   836    729
   837    729
   838    729
   839    729
   840    729
   841    729
   842    729
   843    729
   844    729
   836    730
   837    730
   838    730
   839    730
   840    730
   841    730
   842    730
   843    730
   844    730
   845    730
   846    730
   847    730
   832    731
   833    731
   834    731
   840    731
   841    731
   842    731
   843    731
   844    731
   845    731
   846    731
   847    731
   848    731
   849    731
   844    732
   845    732
   846    732
   847    732
   848    732
   849    732
   850    732
   851    732
   852    732
   853    732
   845    733
   846    733
   847    733
   848    733
   849    733
   850    733
   851    733
   852    733
   853    733
   854    733
   855    733
   857    733
   858    733
   859    733
   860    733
   839    734
   840    734
   841    734
   847    734
   848    734
   849    734
   850    734
   851    734
   852    734
   853    734
   854    734
   855    734
   856    734
   857    734
   849    735
   850    735
   851    735
   852    735
   853    735
   854    735
   855    735
   856    735
   857    735
   858    735
   851    736
   852    736
   853    736
   854    736
   855    736
   856    736
   857    736
   858    736
   859    736
   860    736
   861    736
   853    737
   854    737
   855    737
   856    737
   857    737
   858    737
   859    737
   860    737
   861    737
   862    737
   863    737
   855    738
   856    738
   857    738
   858    738
   859    738
   860    738
   861    738
   862    738
   863    738
   855    739
   856    739
   857    739
   858    739
   859    739
   860    739
   861    739
   862    739
   863    739
   864    739
   857    740
   858    740
   859    740
   860    740
   861    740
   862    740
   863    740
   864    740
   865    740
   858    741
   859    741
   860    741
   861    741
   862    741
   863    741
   864    741
   865    741
   866    741
   867    741
   859    742
   860    742
   861    742
   862    742
   863    742
   864    742
   865    742
   866    742
   867    742
   873    742
   859    743
   860    743
   861    743
   862    743
   863    743
   864    743
   865    743
   866    743
   867    743
   868    743
   859    744
   860    744
   861    744
   862    744
   863    744
   864    744
   865    744
   866    744
   867    744
   868    744
   869    744
   860    745
   861    745
   862    745
   863    745
   864    745
   865    745
   866    745
   867    745
   868    745
   869    745
   860    746
   861    746
   862    746
   863    746
   864    746
   865    746
   866    746
   867    746
   868    746
   869    746
   860    747
   861    747
   862    747
   863    747
   864    747
   865    747
   866    747
   867    747
   868    747
   869    747
   860    748
   861    748
   862    748
   863    748
   864    748
   865    748
   866    748
   867    748
   868    748
   869    748
   857    749
   858    749
   859    749
   860    749
   861    749
   862    749
   863    749
   864    749
   865    749
   866    749
   867    749
   868    749
   859    750
   860    750
   861    750
   862    750
   863    750
   864    750
   865    750
   866    750
   867    750
   868    750
   869    750
   859    751
   860    751
   861    751
   862    751
   863    751
   864    751
   865    751
   866    751
   867    751
   868    751
   857    752
   858    752
   859    752
   860    752
   861    752
   862    752
   863    752
   864    752
   865    752
   866    752
   867    752
   868    752
   857    753
   858    753
   859    753
   860    753
   861    753
   862    753
   863    753
   864    753
   865    753
   866    753
   856    754
   857    754
   858    754
   859    754
   860    754
   861    754
   862    754
   863    754
   864    754
   865    754
   854    755
   855    755
   856    755
   857    755
   858    755
   859    755
   860    755
   861    755
   862    755
   863    755
   864    755
   854    756
   855    756
   856    756
   857    756
   858    756
   859    756
   860    756
   861    756
   862    756
   852    757
   853    757
   854    757
   855    757
   856    757
   857    757
   858    757
   859    757
   860    757
   861    757
   850    758
   851    758
   852    758
   853    758
   854    758
   855    758
   856    758
   857    758
   858    758
   859    758
   860    758
   847    759
   848    759
   849    759
   850    759
   851    759
   852    759
   853    759
   854    759
   855    759
   856    759
   857    759
   844    760
   845    760
   846    760
   847    760
   848    760
   849    760
   850    760
   851    760
   852    760
   853    760
   854    760
   855    760
   831    761
   832    761
   833    761
   834    761
   841    761
   842    761
   843    761
   844    761
   845    761
   846    761
   847    761
   848    761
   849    761
   850    761
   851    761
   852    761
   838    762
   839    762
   840    762
   841    762
   842    762
   843    762
   844    762
   845    762
   846    762
   847    762
   848    762
   849    762
   835    763
   836    763
   837    763
   838    763
   839    763
   840    763
   841    763
   842    763
   843    763
   844    763
   845    763
   846    763
   847    763
   833    764
   834    764
   835    764
   836    764
   837    764
   838    764
   839    764
   840    764
   841    764
   842    764
   843    764
   844    764
   830    765
   831    765
   832    765
   833    765
   834    765
   835    765
   836    765
   837    765
   838    765
   839    765
   840    765
   841    765
   842    765
   828    766
   829    766
   830    766
   831    766
   832    766
   833    766
   834    766
   835    766
   836    766
   837    766
   838    766
   839    766
   840    766
   841    766
   825    767
   826    767
   827    767
   828    767
   829    767
   830    767
   831    767
   832    767
   833    767
   834    767
   835    767
   836    767
   837    767
   821    768
   822    768
   823    768
   824    768
   825    768
   826    768
   827    768
   828    768
   829    768
   830    768
   831    768
   832    768
   833    768
   802    769
   803    769
   804    769
   805    769
   806    769
   817    769
   818    769
   819    769
   820    769
   821    769
   822    769
   823    769
   824    769
   825    769
   826    769
   827    769
   828    769
   829    769
   830    769
   814    770
   815    770
   816    770
   817    770
   818    770
   819    770
   820    770
   821    770
   822    770
   823    770
   824    770
   825    770
   826    770
   811    771
   812    771
   813    771
   814    771
   815    771
   816    771
   817    771
   818    771
   819    771
   820    771
   821    771
   822    771
   807    772
   808    772
   809    772
   810    772
   811    772
   812    772
   813    772
   814    772
   815    772
   816    772
   817    772
   818    772
   819    772
   820    772
   803    773
   804    773
   805    773
   806    773
   807    773
   808    773
   809    773
   810    773
   811    773
   812    773
   813    773
   814    773
   815    773
   816    773
   817    773
   799    774
   800    774
   801    774
   802    774
   803    774
   804    774
   805    774
   806    774
   807    774
   808    774
   809    774
   810    774
   811    774
   812    774
   813    774
   796    775
   797    775
   798    775
   799    775
   800    775
   801    775
   802    775
   803    775
   804    775
   805    775
   806    775
   807    775
   808    775
   791    776
   792    776
   793    776
   794    776
   795    776
   796    776
   797    776
   798    776
   799    776
   800    776
   801    776
   802    776
   803    776
   809    776
   810    776
   811    776
   812    776
   813    776
   814    776
   815    776
   787    777
   788    777
   789    777
   790    777
   791    777
   792    777
   793    777
   794    777
   795    777
   796    777
   797    777
   798    777
   799    777
   800    777
   801    777
   802    777
   803    777
   804    777
   805    777
   806    777
   807    777
   808    777
   809    777
   783    778
   784    778
   785    778
   786    778
   787    778
   788    778
   789    778
   790    778
   791    778
   792    778
   793    778
   794    778
   795    778
   796    778
   797    778
   798    778
   799    778
   800    778
   801    778
   802    778
   803    778
   804    778
   805    778
   784    779
   785    779
   786    779
   787    779
   788    779
   789    779
   790    779
   791    779
   792    779
   793    779
   794    779
   795    779
   796    779
   797    779
   798    779
   799    779
   800    779
   788    780
   790    780
   791    780
   792    780
   793    780
   794    780
   795    780
   796    780
   797    780
   798    780
   799    780
