   837    714
   838    714
   839    714
   840    714
   836    715
   837    715
   838    715
   839    715
   841    715
   842    715
   843    715
   846    715
   847    715
   848    715
   849    715
   850    715
   851    715
   852    715
   853    715
   854    715
   855    715
   856    715
   857    715
   858    715
   859    715
   834    716
   835    716
   836    716
   837    716
   838    716
   839    716
   840    716
   841    716
   842    716
   843    716
   844    716
   845    716
   846    716
   847    716
   848    716
   849    716
   850    716
   851    716
   852    716
   853    716
   854    716
   855    716
   856    716
   857    716
   858    716
   859    716
   860    716
   861    716
   862    716
   863    716
   864    716
   865    716
   866    716
   867    716
   868    716
   869    716
   870    716
   871    716
   872    716
   873    716
   874    716
   875    716
   876    716
   877    716
   878    716
   879    716
   880    716
   881    716
   882    716
   832    717
   833    717
   834    717
   835    717
   836    717
   837    717
   838    717
   839    717
   840    717
   841    717
   842    717
   843    717
   844    717
   845    717
   846    717
   847    717
   848    717
   849    717
   850    717
   851    717
   852    717
   853    717
   854    717
   855    717
   856    717
   857    717
   858    717
   859    717
   860    717
   861    717
   862    717
   863    717
   864    717
   865    717
   866    717
   867    717
   868    717
   869    717
   870    717
   871    717
   872    717
   873    717
   874    717
   875    717
   876    717
   877    717
   878    717
   879    717
   880    717
   887    717
   888    717
   889    717
   890    717
   891    717
   892    717
   893    717
   894    717
   895    717
   896    717
   897    717
   898    717
   899    717
   900    717
   901    717
   902    717
   903    717
   904    717
   905    717
   906    717
   907    717
   831    718
   832    718
   833    718
   834    718
   835    718
   836    718
   837    718
   838    718
   839    718
   840    718
   841    718
   842    718
   843    718
   844    718
   845    718
   846    718
   847    718
   848    718
   849    718
   850    718
   851    718
   852    718
   853    718
   854    718
   855    718
   856    718
   857    718
   858    718
   859    718
   860    718
   861    718
   862    718
   863    718
   864    718
   865    718
   866    718
   867    718
   868    718
   869    718
   870    718
   871    718
   872    718
   873    718
   874    718
   875    718
   876    718
   877    718
   878    718
   879    718
   880    718
   881    718
   886    718
   887    718
   888    718
   894    718
   895    718
   896    718
   897    718
   898    718
   899    718
   900    718
   901    718
   902    718
   903    718
   904    718
   905    718
   906    718
   907    718
   908    718
   909    718
   910    718
   911    718
   912    718
   913    718
   914    718
   915    718
   916    718
   917    718
   918    718
   919    718
   920    718
   921    718
   922    718
   923    718
   924    718
   925    718
   926    718
   927    718
   928    718
   929    718
   930    718
   931    718
   932    718
   933    718
   934    718
   829    719
   830    719
   831    719
   832    719
   833    719
   834    719
   835    719
   836    719
   837    719
   838    719
   839    719
   840    719
   841    719
   842    719
   843    719
   844    719
   845    719
   846    719
   847    719
   848    719
   849    719
   850    719
   851    719
   852    719
   853    719
   854    719
   855    719
   856    719
   857    719
   858    719
   859    719
   860    719
   861    719
   862    719
   863    719
   864    719
   865    719
   866    719
   867    719
   868    719
   869    719
   870    719
   871    719
   872    719
   873    719
   874    719
   875    719
   876    719
   877    719
   878    719
   879    719
   880    719
   881    719
   883    719
   884    719
   885    719
   886    719
   887    719
   888    719
   889    719
   890    719
   891    719
   892    719
   893    719
   894    719
   895    719
   896    719
   897    719
   898    719
   899    719
   900    719
   901    719
   902    719
   903    719
   904    719
   905    719
   906    719
   907    719
   908    719
   909    719
   910    719
   911    719
   912    719
   913    719
   914    719
   915    719
   916    719
   917    719
   918    719
   919    719
   920    719
   921    719
   922    719
   923    719
   924    719
   925    719
   926    719
   927    719
   928    719
   931    719
   932    719
   933    719
   934    719
   935    719
   936    719
   937    719
   938    719
   939    719
   940    719
   941    719
   942    719
   943    719
   947    719
   948    719
   949    719
   950    719
   951    719
   952    719
   953    719
   954    719
   955    719
   956    719
   957    719
   958    719
   959    719
   960    719
   961    719
   962    719
   963    719
   964    719
   965    719
   966    719
   967    719
   968    719
   969    719
   970    719
   828    720
   829    720
   830    720
   831    720
   832    720
   833    720
   842    720
   843    720
   844    720
   845    720
   846    720
   847    720
   848    720
   849    720
   850    720
   851    720
   852    720
   853    720
   854    720
   855    720
   856    720
   857    720
   858    720
   859    720
   860    720
   861    720
   862    720
   863    720
   864    720
   865    720
   866    720
   867    720
   868    720
   869    720
   870    720
   871    720
   872    720
   873    720
   874    720
   875    720
   876    720
   877    720
   878    720
   879    720
   883    720
   884    720
   885    720
   886    720
   887    720
   888    720
   889    720
   890    720
   891    720
   892    720
   893    720
   894    720
   895    720
   896    720
   897    720
   898    720
   899    720
   900    720
   901    720
   902    720
   903    720
   904    720
   905    720
   906    720
   907    720
   908    720
   909    720
   910    720
   911    720
   912    720
   913    720
   914    720
   915    720
   916    720
   917    720
   918    720
   919    720
   920    720
   921    720
   922    720
   923    720
   924    720
   925    720
   926    720
   927    720
   928    720
   929    720
   931    720
   932    720
   933    720
   934    720
   935    720
   936    720
   937    720
   938    720
   939    720
   940    720
   941    720
   942    720
   943    720
   947    720
   948    720
   949    720
   950    720
   951    720
   952    720
   953    720
   954    720
   955    720
   956    720
   957    720
   958    720
   959    720
   960    720
   987    720
   988    720
   989    720
   990    720
   991    720
   992    720
   993    720
   994    720
   995    720
   996    720
   997    720
   998    720
   999    720
  1000    720
  1001    720
  1002    720
  1003    720
  1004    720
   826    721
   827    721
   828    721
   829    721
   830    721
   831    721
   832    721
   841    721
   842    721
   843    721
   844    721
   845    721
   846    721
   847    721
   848    721
   849    721
   850    721
   851    721
   852    721
   853    721
   854    721
   855    721
   856    721
   857    721
   858    721
   859    721
   860    721
   861    721
   862    721
   863    721
   864    721
   865    721
   866    721
   867    721
   868    721
   869    721
   870    721
   871    721
   872    721
   873    721
   874    721
   875    721
   876    721
   877    721
   880    721
   881    721
   882    721
   883    721
   884    721
   885    721
   886    721
   887    721
   888    721
   889    721
   890    721
   891    721
   892    721
   893    721
   894    721
   895    721
   896    721
   897    721
   898    721
   899    721
   900    721
   901    721
   902    721
   903    721
   904    721
   905    721
   906    721
   907    721
   908    721
   909    721
   910    721
   911    721
   912    721
   913    721
   914    721
   915    721
   916    721
   917    721
   918    721
   919    721
   920    721
   921    721
   922    721
   923    721
   924    721
   925    721
   926    721
   927    721
   928    721
   929    721
   930    721
   931    721
   932    721
   933    721
   934    721
   935    721
   936    721
   937    721
   938    721
   939    721
   940    721
   941    721
   942    721
   943    721
   944    721
   950    721
   951    721
   952    721
   953    721
   954    721
   955    721
   956    721
   957    721
   958    721
   959    721
   960    721
   961    721
   962    721
   963    721
   964    721
   965    721
   966    721
   986    721
   987    721
   988    721
   989    721
   990    721
   991    721
  1000    721
  1001    721
  1002    721
  1003    721
  1004    721
  1007    721
  1008    721
  1009    721
  1010    721
  1011    721
  1012    721
  1013    721
  1014    721
  1015    721
  1016    721
  1017    721
  1018    721
  1019    721
  1020    721
  1021    721
  1022    721
  1023    721
  1024    721
  1025    721
  1026    721
  1027    721
  1028    721
  1029    721
  1030    721
  1031    721
  1032    721
  1033    721
  1034    721
  1035    721
  1036    721
  1037    721
  1038    721
  1039    721
  1040    721
  1041    721
  1042    721
  1043    721
  1044    721
   827    722
   828    722
   829    722
   830    722
   831    722
   832    722
   841    722
   842    722
   843    722
   844    722
   845    722
   846    722
   847    722
   848    722
   849    722
   850    722
   851    722
   852    722
   853    722
   854    722
   855    722
   856    722
   857    722
   858    722
   859    722
   860    722
   861    722
   862    722
   863    722
   864    722
   865    722
   866    722
   867    722
   868    722
   869    722
   870    722
   871    722
   872    722
   873    722
   874    722
   875    722
   876    722
   877    722
   878    722
   879    722
   880    722
   881    722
   882    722
   883    722
   884    722
   885    722
   886    722
   887    722
   888    722
   889    722
   890    722
   891    722
   892    722
   893    722
   894    722
   895    722
   896    722
   897    722
   898    722
   899    722
   900    722
   901    722
   902    722
   903    722
   904    722
   905    722
   906    722
   907    722
   908    722
   909    722
   910    722
   911    722
   912    722
   913    722
   914    722
   915    722
   916    722
   917    722
   918    722
   919    722
   920    722
   921    722
   922    722
   923    722
   924    722
   925    722
   926    722
   927    722
   928    722
   929    722
   930    722
   931    722
   932    722
   933    722
   934    722
   935    722
   936    722
   937    722
   938    722
   939    722
   940    722
   941    722
   942    722
   943    722
   944    722
   945    722
   946    722
   947    722
   948    722
   949    722
   950    722
   951    722
   952    722
   953    722
   954    722
   955    722
   957    722
   958    722
   959    722
   960    722
   961    722
   962    722
   963    722
   964    722
   965    722
   966    722
   967    722
   968    722
   969    722
   970    722
   971    722
   972    722
   973    722
   974    722
   977    722
   978    722
   979    722
   980    722
   981    722
   982    722
   983    722
   984    722
   985    722
   986    722
   987    722
   988    722
   989    722
   990    722
   991    722
   992    722
   999    722
  1000    722
  1001    722
  1002    722
  1003    722
  1004    722
  1005    722
  1006    722
  1007    722
  1008    722
  1009    722
  1010    722
  1011    722
  1012    722
  1013    722
  1014    722
  1015    722
  1016    722
  1017    722
  1018    722
  1019    722
  1020    722
  1021    722
  1022    722
  1023    722
  1024    722
  1030    722
  1031    722
  1032    722
  1033    722
  1034    722
  1035    722
  1036    722
  1037    722
  1038    722
  1039    722
  1058    722
  1059    722
  1060    722
  1061    722
  1062    722
  1063    722
  1064    722
  1065    722
  1066    722
  1067    722
  1068    722
  1069    722
  1070    722
  1071    722
  1072    722
  1073    722
  1074    722
  1075    722
  1076    722
  1077    722
  1078    722
  1079    722
  1080    722
  1081    722
  1082    722
  1083    722
  1084    722
  1085    722
  1086    722
  1087    722
  1088    722
  1089    722
  1090    722
  1091    722
  1092    722
  1093    722
  1094    722
  1095    722
  1096    722
  1097    722
  1098    722
  1099    722
  1100    722
  1101    722
  1102    722
  1105    722
  1106    722
  1107    722
   823    723
   824    723
   825    723
   826    723
   828    723
   829    723
   830    723
   831    723
   841    723
   842    723
   843    723
   844    723
   845    723
   846    723
   847    723
   848    723
   849    723
   850    723
   851    723
   855    723
   856    723
   857    723
   858    723
   859    723
   860    723
   861    723
   862    723
   863    723
   864    723
   865    723
   866    723
   867    723
   868    723
   869    723
   870    723
   871    723
   872    723
   873    723
   874    723
   875    723
   876    723
   877    723
   878    723
   879    723
   880    723
   881    723
   882    723
   883    723
   884    723
   885    723
   886    723
   887    723
   888    723
   889    723
   890    723
   891    723
   892    723
   893    723
   894    723
   895    723
   896    723
   897    723
   898    723
   899    723
   900    723
   901    723
   902    723
   903    723
   904    723
   905    723
   906    723
   907    723
   908    723
   909    723
   910    723
   911    723
   912    723
   913    723
   914    723
   915    723
   916    723
   917    723
   918    723
   919    723
   920    723
   921    723
   922    723
   923    723
   924    723
   925    723
   926    723
   927    723
   928    723
   929    723
   930    723
   931    723
   932    723
   933    723
   934    723
   935    723
   936    723
   937    723
   938    723
   939    723
   940    723
   941    723
   942    723
   943    723
   944    723
   945    723
   946    723
   947    723
   948    723
   949    723
   950    723
   951    723
   952    723
   953    723
   954    723
   955    723
   957    723
   958    723
   959    723
   960    723
   961    723
   962    723
   963    723
   964    723
   965    723
   966    723
   967    723
   968    723
   969    723
   970    723
   971    723
   972    723
   973    723
   974    723
   975    723
   976    723
   977    723
   978    723
   979    723
   982    723
   983    723
   984    723
   985    723
   986    723
   987    723
   988    723
   989    723
   990    723
   991    723
   992    723
   993    723
   994    723
   995    723
   996    723
   998    723
   999    723
  1000    723
  1001    723
  1002    723
  1003    723
  1004    723
  1005    723
  1006    723
  1007    723
  1008    723
  1009    723
  1010    723
  1011    723
  1012    723
  1013    723
  1014    723
  1015    723
  1016    723
  1017    723
  1018    723
  1019    723
  1020    723
  1021    723
  1022    723
  1023    723
  1024    723
  1025    723
  1026    723
  1027    723
  1028    723
  1029    723
  1030    723
  1031    723
  1032    723
  1033    723
  1034    723
  1035    723
  1036    723
  1037    723
  1038    723
  1039    723
  1040    723
  1041    723
  1042    723
  1043    723
  1044    723
  1046    723
  1047    723
  1048    723
  1049    723
  1050    723
  1051    723
  1052    723
  1053    723
  1054    723
  1055    723
  1056    723
  1057    723
  1058    723
  1059    723
  1060    723
  1061    723
  1062    723
  1063    723
  1064    723
  1065    723
  1066    723
  1067    723
  1068    723
  1069    723
  1070    723
  1071    723
  1072    723
  1073    723
  1074    723
  1075    723
  1076    723
  1077    723
  1078    723
  1079    723
  1080    723
  1081    723
  1082    723
  1083    723
  1084    723
  1085    723
  1086    723
  1087    723
  1088    723
  1104    723
  1126    723
  1127    723
  1135    723
  1136    723
  1137    723
  1138    723
  1139    723
  1140    723
  1141    723
  1142    723
  1143    723
  1144    723
  1145    723
  1146    723
  1147    723
  1148    723
  1149    723
  1150    723
  1151    723
  1152    723
  1153    723
  1154    723
  1155    723
  1156    723
  1157    723
  1158    723
  1159    723
  1160    723
  1161    723
  1162    723
  1163    723
  1164    723
  1165    723
  1166    723
  1167    723
  1168    723
  1169    723
  1170    723
  1171    723
  1172    723
  1173    723
  1174    723
  1175    723
  1176    723
  1177    723
  1178    723
  1179    723
  1180    723
  1181    723
  1182    723
  1183    723
  1184    723
  1185    723
  1186    723
  1187    723
  1188    723
  1189    723
  1190    723
  1191    723
  1192    723
  1193    723
  1194    723
  1195    723
  1196    723
  1197    723
  1198    723
  1199    723
  1200    723
  1201    723
  1202    723
  1203    723
  1204    723
  1205    723
  1206    723
  1207    723
  1208    723
  1209    723
  1210    723
  1211    723
  1212    723
  1213    723
  1214    723
  1215    723
  1216    723
  1217    723
  1218    723
  1219    723
  1220    723
  1221    723
  1222    723
  1223    723
  1224    723
   822    724
   823    724
   824    724
   825    724
   826    724
   827    724
   828    724
   829    724
   830    724
   831    724
   832    724
   843    724
   844    724
   845    724
   847    724
   848    724
   849    724
   850    724
   851    724
   852    724
   853    724
   854    724
   856    724
   857    724
   858    724
   863    724
   864    724
   865    724
   866    724
   867    724
   868    724
   869    724
   870    724
   871    724
   872    724
   873    724
   874    724
   884    724
   885    724
   886    724
   887    724
   888    724
   889    724
   890    724
   891    724
   892    724
   893    724
   894    724
   895    724
   896    724
   897    724
   898    724
   899    724
   900    724
   901    724
   902    724
   903    724
   904    724
   905    724
   906    724
   907    724
   908    724
   909    724
   910    724
   911    724
   912    724
   913    724
   914    724
   915    724
   916    724
   917    724
   918    724
   919    724
   920    724
   921    724
   922    724
   923    724
   924    724
   925    724
   926    724
   927    724
   928    724
   929    724
   930    724
   931    724
   932    724
   933    724
   934    724
   935    724
   936    724
   937    724
   938    724
   939    724
   940    724
   941    724
   942    724
   943    724
   944    724
   945    724
   946    724
   947    724
   948    724
   949    724
   950    724
   951    724
   952    724
   953    724
   954    724
   955    724
   956    724
   957    724
   958    724
   959    724
   960    724
   961    724
   962    724
   963    724
   964    724
   965    724
   966    724
   967    724
   968    724
   969    724
   970    724
   971    724
   972    724
   973    724
   974    724
   975    724
   976    724
   977    724
   978    724
   979    724
   980    724
   981    724
   982    724
   983    724
   984    724
   985    724
   986    724
   987    724
   988    724
   989    724
   990    724
   991    724
   992    724
   993    724
   994    724
   995    724
   996    724
   997    724
   998    724
   999    724
  1000    724
  1001    724
  1002    724
  1003    724
  1004    724
  1005    724
  1006    724
  1007    724
  1008    724
  1009    724
  1010    724
  1011    724
  1012    724
  1013    724
  1014    724
  1015    724
  1016    724
  1017    724
  1018    724
  1019    724
  1020    724
  1021    724
  1022    724
  1023    724
  1024    724
  1025    724
  1026    724
  1027    724
  1028    724
  1029    724
  1030    724
  1031    724
  1032    724
  1033    724
  1034    724
  1035    724
  1036    724
  1037    724
  1038    724
  1039    724
  1040    724
  1041    724
  1042    724
  1043    724
  1044    724
  1045    724
  1046    724
  1047    724
  1048    724
  1049    724
  1050    724
  1051    724
  1052    724
  1053    724
  1054    724
  1055    724
  1056    724
  1057    724
  1058    724
  1059    724
  1060    724
  1061    724
  1062    724
  1063    724
  1064    724
  1065    724
  1066    724
  1067    724
  1068    724
  1070    724
  1071    724
  1072    724
  1073    724
  1074    724
  1075    724
  1076    724
  1077    724
  1078    724
  1079    724
  1080    724
  1081    724
  1082    724
  1083    724
  1084    724
  1085    724
  1086    724
  1087    724
  1088    724
  1089    724
  1090    724
  1091    724
  1092    724
  1093    724
  1094    724
  1095    724
  1096    724
  1097    724
  1098    724
  1099    724
  1100    724
  1101    724
  1102    724
  1103    724
  1104    724
  1105    724
  1106    724
  1107    724
  1108    724
  1109    724
  1110    724
  1111    724
  1112    724
  1113    724
  1114    724
  1115    724
  1116    724
  1125    724
  1126    724
  1127    724
  1128    724
  1129    724
  1130    724
  1131    724
  1132    724
  1133    724
  1134    724
  1135    724
  1136    724
  1137    724
  1138    724
  1139    724
  1140    724
  1141    724
  1142    724
  1143    724
  1144    724
  1145    724
  1146    724
  1151    724
  1152    724
  1153    724
  1154    724
  1155    724
  1156    724
  1157    724
  1158    724
  1159    724
  1160    724
  1161    724
  1162    724
  1163    724
  1164    724
  1165    724
  1166    724
  1167    724
  1168    724
  1169    724
  1170    724
  1171    724
  1172    724
  1173    724
  1177    724
  1178    724
  1179    724
  1180    724
  1181    724
  1182    724
  1183    724
  1184    724
  1185    724
  1186    724
  1187    724
  1188    724
  1189    724
  1190    724
  1191    724
  1192    724
  1193    724
  1194    724
  1195    724
  1196    724
  1197    724
  1198    724
  1199    724
  1200    724
  1201    724
  1202    724
  1203    724
  1204    724
  1205    724
  1206    724
  1207    724
  1208    724
  1209    724
  1210    724
  1211    724
  1212    724
  1213    724
  1214    724
  1215    724
  1216    724
  1222    724
  1223    724
  1224    724
  1225    724
  1226    724
  1228    724
  1229    724
  1230    724
  1231    724
  1232    724
  1233    724
  1234    724
  1235    724
  1236    724
  1237    724
  1238    724
  1239    724
   819    725
   820    725
   821    725
   822    725
   829    725
   830    725
   831    725
   832    725
   851    725
   852    725
   853    725
   854    725
   863    725
   864    725
   865    725
   866    725
   867    725
   868    725
   869    725
   870    725
   871    725
   872    725
   873    725
   874    725
   880    725
   881    725
   882    725
   883    725
   884    725
   885    725
   886    725
   887    725
   888    725
   889    725
   890    725
   891    725
   899    725
   900    725
   901    725
   902    725
   903    725
   904    725
   905    725
   906    725
   907    725
   908    725
   909    725
   910    725
   911    725
   912    725
   913    725
   914    725
   915    725
   916    725
   917    725
   918    725
   919    725
   920    725
   921    725
   922    725
   923    725
   924    725
   925    725
   926    725
   927    725
   928    725
   929    725
   930    725
   931    725
   932    725
   933    725
   934    725
   935    725
   936    725
   937    725
   938    725
   939    725
   940    725
   941    725
   942    725
   943    725
   944    725
   945    725
   946    725
   947    725
   948    725
   949    725
   950    725
   951    725
   952    725
   953    725
   954    725
   955    725
   956    725
   957    725
   958    725
   959    725
   960    725
   961    725
   962    725
   963    725
   964    725
   965    725
   966    725
   967    725
   968    725
   969    725
   970    725
   971    725
   972    725
   973    725
   974    725
   975    725
   976    725
   977    725
   978    725
   979    725
   980    725
   981    725
   982    725
   983    725
   984    725
   985    725
   986    725
   987    725
   988    725
   989    725
   990    725
   991    725
   992    725
   993    725
   994    725
   995    725
   996    725
   997    725
   998    725
   999    725
  1000    725
  1001    725
  1002    725
  1003    725
  1004    725
  1005    725
  1006    725
  1007    725
  1008    725
  1009    725
  1010    725
  1011    725
  1012    725
  1013    725
  1014    725
  1015    725
  1016    725
  1017    725
  1018    725
  1019    725
  1020    725
  1021    725
  1022    725
  1023    725
  1024    725
  1025    725
  1026    725
  1027    725
  1028    725
  1029    725
  1030    725
  1031    725
  1032    725
  1033    725
  1034    725
  1035    725
  1036    725
  1037    725
  1038    725
  1039    725
  1040    725
  1041    725
  1042    725
  1043    725
  1044    725
  1045    725
  1046    725
  1047    725
  1048    725
  1049    725
  1050    725
  1051    725
  1052    725
  1053    725
  1054    725
  1055    725
  1056    725
  1057    725
  1058    725
  1059    725
  1060    725
  1061    725
  1062    725
  1063    725
  1064    725
  1065    725
  1066    725
  1067    725
  1068    725
  1071    725
  1072    725
  1073    725
  1074    725
  1075    725
  1076    725
  1077    725
  1078    725
  1079    725
  1080    725
  1081    725
  1082    725
  1083    725
  1084    725
  1085    725
  1086    725
  1087    725
  1088    725
  1089    725
  1090    725
  1091    725
  1092    725
  1093    725
  1094    725
  1095    725
  1096    725
  1097    725
  1098    725
  1099    725
  1100    725
  1101    725
  1102    725
  1103    725
  1104    725
  1105    725
  1106    725
  1107    725
  1108    725
  1109    725
  1110    725
  1111    725
  1112    725
  1113    725
  1114    725
  1115    725
  1116    725
  1117    725
  1118    725
  1119    725
  1125    725
  1126    725
  1127    725
  1128    725
  1129    725
  1130    725
  1131    725
  1132    725
  1133    725
  1134    725
  1135    725
  1136    725
  1137    725
  1138    725
  1139    725
  1140    725
  1141    725
  1142    725
  1143    725
  1144    725
  1145    725
  1146    725
  1147    725
  1148    725
  1151    725
  1152    725
  1153    725
  1154    725
  1155    725
  1156    725
  1157    725
  1158    725
  1159    725
  1160    725
  1161    725
  1162    725
  1163    725
  1164    725
  1165    725
  1166    725
  1167    725
  1168    725
  1169    725
  1170    725
  1171    725
  1172    725
  1173    725
  1174    725
  1175    725
  1176    725
  1177    725
  1178    725
  1179    725
  1180    725
  1181    725
  1182    725
  1183    725
  1184    725
  1185    725
  1186    725
  1187    725
  1188    725
  1189    725
  1190    725
  1191    725
  1192    725
  1193    725
  1194    725
  1195    725
  1196    725
  1197    725
  1198    725
  1199    725
  1200    725
  1201    725
  1202    725
  1203    725
  1204    725
  1205    725
  1206    725
  1207    725
  1208    725
  1209    725
  1210    725
  1211    725
  1212    725
  1213    725
  1214    725
  1215    725
  1216    725
  1218    725
  1219    725
  1220    725
  1221    725
  1222    725
  1223    725
  1224    725
  1225    725
  1226    725
  1227    725
  1228    725
  1229    725
  1230    725
  1231    725
  1232    725
  1233    725
  1234    725
  1235    725
  1236    725
  1237    725
  1238    725
  1239    725
  1240    725
   818    726
   819    726
   820    726
   821    726
   822    726
   823    726
   824    726
   825    726
   826    726
   827    726
   865    726
   866    726
   867    726
   868    726
   869    726
   870    726
   871    726
   872    726
   873    726
   879    726
   880    726
   881    726
   882    726
   883    726
   891    726
   892    726
   893    726
   894    726
   895    726
   896    726
   897    726
   898    726
   899    726
   900    726
   901    726
   902    726
   903    726
   908    726
   909    726
   910    726
   911    726
   912    726
   913    726
   914    726
   915    726
   916    726
   917    726
   918    726
   919    726
   920    726
   921    726
   927    726
   928    726
   929    726
   930    726
   931    726
   932    726
   933    726
   934    726
   935    726
   936    726
   937    726
   938    726
   939    726
   940    726
   941    726
   942    726
   943    726
   944    726
   945    726
   946    726
   947    726
   948    726
   949    726
   950    726
   951    726
   952    726
   953    726
   954    726
   955    726
   958    726
   959    726
   960    726
   961    726
   962    726
   963    726
   964    726
   965    726
   966    726
   967    726
   968    726
   969    726
   970    726
   971    726
   972    726
   973    726
   974    726
   975    726
   976    726
   977    726
   978    726
   979    726
   980    726
   981    726
   982    726
   983    726
   984    726
   985    726
   986    726
   987    726
   988    726
   989    726
   990    726
   991    726
   992    726
   993    726
   994    726
   995    726
   996    726
   997    726
   998    726
   999    726
  1000    726
  1001    726
  1002    726
  1003    726
  1004    726
  1005    726
  1006    726
  1007    726
  1008    726
  1009    726
  1010    726
  1011    726
  1012    726
  1013    726
  1014    726
  1015    726
  1016    726
  1017    726
  1018    726
  1019    726
  1020    726
  1021    726
  1022    726
  1023    726
  1024    726
  1025    726
  1026    726
  1027    726
  1028    726
  1029    726
  1030    726
  1031    726
  1032    726
  1033    726
  1034    726
  1035    726
  1036    726
  1037    726
  1038    726
  1039    726
  1040    726
  1041    726
  1042    726
  1043    726
  1044    726
  1045    726
  1046    726
  1047    726
  1048    726
  1049    726
  1050    726
  1051    726
  1052    726
  1053    726
  1054    726
  1055    726
  1056    726
  1057    726
  1058    726
  1059    726
  1060    726
  1061    726
  1062    726
  1063    726
  1064    726
  1065    726
  1066    726
  1067    726
  1068    726
  1071    726
  1072    726
  1073    726
  1074    726
  1075    726
  1076    726
  1077    726
  1078    726
  1079    726
  1080    726
  1081    726
  1082    726
  1083    726
  1084    726
  1085    726
  1086    726
  1087    726
  1088    726
  1089    726
  1090    726
  1091    726
  1092    726
  1093    726
  1094    726
  1095    726
  1096    726
  1097    726
  1098    726
  1099    726
  1100    726
  1101    726
  1102    726
  1103    726
  1104    726
  1105    726
  1106    726
  1107    726
  1108    726
  1109    726
  1110    726
  1111    726
  1112    726
  1113    726
  1114    726
  1115    726
  1116    726
  1117    726
  1118    726
  1119    726
  1120    726
  1125    726
  1126    726
  1127    726
  1128    726
  1129    726
  1130    726
  1131    726
  1132    726
  1133    726
  1134    726
  1135    726
  1136    726
  1137    726
  1138    726
  1139    726
  1140    726
  1141    726
  1142    726
  1143    726
  1144    726
  1145    726
  1146    726
  1147    726
  1148    726
  1149    726
  1150    726
  1151    726
  1152    726
  1153    726
  1154    726
  1155    726
  1156    726
  1157    726
  1158    726
  1159    726
  1160    726
  1161    726
  1162    726
  1163    726
  1164    726
  1165    726
  1166    726
  1167    726
  1168    726
  1169    726
  1170    726
  1171    726
  1172    726
  1173    726
  1174    726
  1175    726
  1176    726
  1177    726
  1178    726
  1179    726
  1180    726
  1181    726
  1182    726
  1183    726
  1184    726
  1185    726
  1186    726
  1187    726
  1188    726
  1189    726
  1190    726
  1191    726
  1192    726
  1193    726
  1194    726
  1195    726
  1198    726
  1199    726
  1200    726
  1201    726
  1202    726
  1203    726
  1204    726
  1205    726
  1206    726
  1207    726
  1208    726
  1209    726
  1210    726
  1211    726
  1212    726
  1213    726
  1214    726
  1215    726
  1216    726
  1221    726
  1222    726
  1223    726
  1224    726
  1225    726
  1226    726
  1227    726
  1228    726
  1229    726
  1230    726
  1231    726
  1232    726
  1233    726
  1234    726
  1235    726
  1236    726
   818    727
   819    727
   820    727
   821    727
   822    727
   823    727
   824    727
   825    727
   826    727
   827    727
   828    727
   829    727
   830    727
   887    727
   888    727
   889    727
   890    727
   900    727
   901    727
   902    727
   903    727
   904    727
   925    727
   926    727
   927    727
   928    727
   929    727
   930    727
   931    727
   932    727
   933    727
   934    727
   935    727
   936    727
   937    727
   938    727
   939    727
   940    727
   941    727
   942    727
   943    727
   944    727
   945    727
   946    727
   947    727
   948    727
   949    727
   950    727
   951    727
   952    727
   953    727
   954    727
   955    727
   956    727
   957    727
   958    727
   959    727
   960    727
   961    727
   962    727
   963    727
   964    727
   965    727
   966    727
   967    727
   968    727
   969    727
   970    727
   971    727
   972    727
   973    727
   974    727
   975    727
   976    727
   977    727
   978    727
   979    727
   980    727
   981    727
   982    727
   983    727
   984    727
   985    727
   986    727
   987    727
   988    727
   989    727
   990    727
   991    727
   992    727
   993    727
   994    727
   995    727
   996    727
   997    727
   998    727
   999    727
  1000    727
  1001    727
  1002    727
  1003    727
  1004    727
  1005    727
  1006    727
  1007    727
  1008    727
  1009    727
  1010    727
  1011    727
  1012    727
  1013    727
  1014    727
  1015    727
  1016    727
  1017    727
  1018    727
  1019    727
  1020    727
  1021    727
  1022    727
  1023    727
  1024    727
  1025    727
  1026    727
  1027    727
  1028    727
  1029    727
  1030    727
  1031    727
  1032    727
  1033    727
  1034    727
  1035    727
  1036    727
  1037    727
  1038    727
  1039    727
  1040    727
  1041    727
  1042    727
  1043    727
  1044    727
  1045    727
  1046    727
  1047    727
  1048    727
  1049    727
  1050    727
  1051    727
  1052    727
  1053    727
  1054    727
  1055    727
  1056    727
  1057    727
  1058    727
  1059    727
  1060    727
  1061    727
  1062    727
  1063    727
  1064    727
  1065    727
  1066    727
  1067    727
  1068    727
  1071    727
  1072    727
  1073    727
  1074    727
  1075    727
  1076    727
  1077    727
  1078    727
  1079    727
  1080    727
  1081    727
  1082    727
  1083    727
  1084    727
  1085    727
  1086    727
  1087    727
  1088    727
  1089    727
  1090    727
  1091    727
  1092    727
  1093    727
  1094    727
  1095    727
  1096    727
  1097    727
  1098    727
  1099    727
  1100    727
  1101    727
  1102    727
  1103    727
  1104    727
  1105    727
  1106    727
  1107    727
  1108    727
  1109    727
  1110    727
  1111    727
  1112    727
  1113    727
  1114    727
  1115    727
  1116    727
  1117    727
  1118    727
  1119    727
  1120    727
  1121    727
  1125    727
  1126    727
  1127    727
  1128    727
  1129    727
  1130    727
  1131    727
  1132    727
  1133    727
  1134    727
  1135    727
  1136    727
  1137    727
  1138    727
  1139    727
  1140    727
  1141    727
  1142    727
  1143    727
  1144    727
  1145    727
  1146    727
  1147    727
  1148    727
  1149    727
  1150    727
  1151    727
  1152    727
  1153    727
  1154    727
  1155    727
  1156    727
  1157    727
  1158    727
  1159    727
  1160    727
  1161    727
  1162    727
  1163    727
  1164    727
  1165    727
  1166    727
  1167    727
  1168    727
  1169    727
  1170    727
  1171    727
  1172    727
  1173    727
  1174    727
  1175    727
  1176    727
  1177    727
  1178    727
  1179    727
  1180    727
  1181    727
  1182    727
  1183    727
  1184    727
  1185    727
  1186    727
  1187    727
  1188    727
  1189    727
  1190    727
  1191    727
  1192    727
  1193    727
  1194    727
  1195    727
  1199    727
  1200    727
  1201    727
  1202    727
  1203    727
  1204    727
  1205    727
  1206    727
  1207    727
  1208    727
  1209    727
  1210    727
  1211    727
  1212    727
  1213    727
  1214    727
  1215    727
  1216    727
  1217    727
  1224    727
  1225    727
  1226    727
  1227    727
  1228    727
  1229    727
  1230    727
  1231    727
   823    728
   824    728
   825    728
   826    728
   827    728
   828    728
   829    728
   830    728
   831    728
   832    728
   833    728
   937    728
   938    728
   939    728
   944    728
   945    728
   946    728
   947    728
   961    728
   962    728
   963    728
   964    728
   965    728
   966    728
   967    728
   968    728
   969    728
   970    728
   971    728
   972    728
   973    728
   974    728
   975    728
   976    728
   978    728
   979    728
   980    728
   981    728
   982    728
   983    728
   984    728
   985    728
   986    728
   987    728
   988    728
   989    728
   990    728
   991    728
   992    728
   993    728
   994    728
   995    728
   996    728
   997    728
   998    728
   999    728
  1000    728
  1001    728
  1002    728
  1003    728
  1004    728
  1005    728
  1006    728
  1007    728
  1008    728
  1009    728
  1010    728
  1011    728
  1012    728
  1013    728
  1014    728
  1015    728
  1016    728
  1017    728
  1018    728
  1019    728
  1020    728
  1021    728
  1022    728
  1023    728
  1024    728
  1025    728
  1026    728
  1027    728
  1028    728
  1029    728
  1030    728
  1031    728
  1032    728
  1033    728
  1034    728
  1035    728
  1036    728
  1037    728
  1038    728
  1039    728
  1040    728
  1041    728
  1042    728
  1043    728
  1044    728
  1045    728
  1046    728
  1047    728
  1048    728
  1049    728
  1050    728
  1051    728
  1052    728
  1053    728
  1054    728
  1055    728
  1056    728
  1057    728
  1058    728
  1059    728
  1060    728
  1061    728
  1062    728
  1063    728
  1064    728
  1065    728
  1066    728
  1067    728
  1068    728
  1069    728
  1070    728
  1071    728
  1072    728
  1073    728
  1074    728
  1075    728
  1076    728
  1077    728
  1078    728
  1079    728
  1080    728
  1081    728
  1082    728
  1083    728
  1084    728
  1085    728
  1086    728
  1087    728
  1088    728
  1089    728
  1090    728
  1091    728
  1092    728
  1093    728
  1094    728
  1095    728
  1096    728
  1097    728
  1098    728
  1099    728
  1100    728
  1101    728
  1102    728
  1103    728
  1104    728
  1105    728
  1106    728
  1107    728
  1108    728
  1109    728
  1110    728
  1111    728
  1112    728
  1113    728
  1114    728
  1115    728
  1116    728
  1117    728
  1118    728
  1119    728
  1120    728
  1121    728
  1122    728
  1123    728
  1124    728
  1125    728
  1126    728
  1127    728
  1128    728
  1129    728
  1130    728
  1131    728
  1132    728
  1133    728
  1134    728
  1135    728
  1136    728
  1137    728
  1138    728
  1139    728
  1140    728
  1141    728
  1142    728
  1143    728
  1144    728
  1145    728
  1146    728
  1147    728
  1148    728
  1149    728
  1150    728
  1151    728
  1152    728
  1153    728
  1154    728
  1155    728
  1156    728
  1157    728
  1158    728
  1159    728
  1160    728
  1161    728
  1162    728
  1163    728
  1164    728
  1167    728
  1168    728
  1169    728
  1170    728
  1171    728
  1172    728
  1173    728
  1174    728
  1175    728
  1176    728
  1177    728
  1178    728
  1179    728
  1180    728
  1181    728
  1182    728
  1183    728
  1184    728
  1185    728
  1186    728
  1187    728
  1188    728
  1189    728
  1190    728
  1191    728
  1192    728
  1193    728
  1199    728
  1200    728
  1201    728
  1203    728
  1204    728
  1205    728
  1206    728
  1207    728
  1208    728
  1209    728
  1210    728
  1211    728
  1212    728
  1213    728
  1214    728
  1215    728
  1216    728
  1223    728
  1224    728
  1225    728
  1229    728
  1230    728
  1231    728
   827    729
   828    729
   829    729
   830    729
   831    729
   832    729
   833    729
   834    729
   835    729
   836    729
   837    729
   959    729
   960    729
   961    729
   962    729
   963    729
   964    729
   965    729
   983    729
   984    729
   985    729
   986    729
   987    729
   988    729
   989    729
   990    729
   991    729
   992    729
   993    729
   994    729
   995    729
   996    729
   997    729
   998    729
   999    729
  1000    729
  1001    729
  1002    729
  1003    729
  1004    729
  1005    729
  1006    729
  1007    729
  1008    729
  1009    729
  1010    729
  1011    729
  1012    729
  1013    729
  1014    729
  1015    729
  1016    729
  1017    729
  1018    729
  1019    729
  1020    729
  1021    729
  1022    729
  1023    729
  1024    729
  1025    729
  1026    729
  1027    729
  1028    729
  1029    729
  1030    729
  1031    729
  1032    729
  1033    729
  1034    729
  1035    729
  1036    729
  1037    729
  1038    729
  1039    729
  1040    729
  1041    729
  1042    729
  1043    729
  1044    729
  1045    729
  1046    729
  1047    729
  1048    729
  1049    729
  1050    729
  1051    729
  1052    729
  1053    729
  1054    729
  1055    729
  1056    729
  1057    729
  1058    729
  1059    729
  1060    729
  1061    729
  1062    729
  1063    729
  1064    729
  1065    729
  1066    729
  1067    729
  1068    729
  1069    729
  1070    729
  1071    729
  1072    729
  1073    729
  1074    729
  1075    729
  1076    729
  1077    729
  1078    729
  1079    729
  1080    729
  1081    729
  1082    729
  1083    729
  1084    729
  1085    729
  1086    729
  1087    729
  1088    729
  1089    729
  1090    729
  1091    729
  1092    729
  1093    729
  1094    729
  1095    729
  1096    729
  1097    729
  1098    729
  1099    729
  1100    729
  1101    729
  1102    729
  1103    729
  1104    729
  1105    729
  1106    729
  1107    729
  1108    729
  1109    729
  1110    729
  1111    729
  1112    729
  1113    729
  1114    729
  1115    729
  1116    729
  1117    729
  1118    729
  1119    729
  1120    729
  1121    729
  1122    729
  1123    729
  1124    729
  1125    729
  1126    729
  1127    729
  1128    729
  1129    729
  1130    729
  1131    729
  1132    729
  1133    729
  1134    729
  1135    729
  1136    729
  1137    729
  1138    729
  1139    729
  1140    729
  1141    729
  1142    729
  1143    729
  1144    729
  1145    729
  1146    729
  1147    729
  1148    729
  1149    729
  1150    729
  1151    729
  1152    729
  1153    729
  1154    729
  1155    729
  1156    729
  1157    729
  1158    729
  1159    729
  1160    729
  1161    729
  1162    729
  1163    729
  1164    729
  1165    729
  1166    729
  1167    729
  1169    729
  1170    729
  1171    729
  1172    729
  1173    729
  1174    729
  1175    729
  1176    729
  1177    729
  1178    729
  1179    729
  1180    729
  1181    729
  1182    729
  1183    729
  1184    729
  1185    729
  1186    729
  1187    729
  1188    729
  1189    729
  1190    729
  1191    729
  1192    729
  1193    729
  1194    729
  1195    729
  1196    729
  1199    729
  1200    729
  1201    729
  1202    729
  1203    729
  1204    729
  1205    729
  1206    729
  1207    729
  1208    729
  1209    729
  1210    729
  1214    729
  1215    729
  1216    729
  1217    729
  1218    729
   829    730
   830    730
   831    730
   832    730
   833    730
   834    730
   835    730
   836    730
   837    730
   838    730
   839    730
   840    730
   845    730
   846    730
   847    730
   848    730
   991    730
   992    730
   993    730
   994    730
   995    730
   996    730
   997    730
   998    730
   999    730
  1000    730
  1001    730
  1002    730
  1003    730
  1004    730
  1005    730
  1006    730
  1007    730
  1008    730
  1009    730
  1010    730
  1011    730
  1012    730
  1013    730
  1014    730
  1015    730
  1016    730
  1017    730
  1018    730
  1019    730
  1020    730
  1021    730
  1022    730
  1023    730
  1024    730
  1025    730
  1026    730
  1027    730
  1028    730
  1029    730
  1030    730
  1031    730
  1032    730
  1033    730
  1034    730
  1035    730
  1036    730
  1037    730
  1038    730
  1039    730
  1040    730
  1041    730
  1042    730
  1043    730
  1044    730
  1045    730
  1046    730
  1047    730
  1048    730
  1049    730
  1050    730
  1051    730
  1052    730
  1053    730
  1054    730
  1055    730
  1056    730
  1057    730
  1058    730
  1059    730
  1060    730
  1061    730
  1062    730
  1063    730
  1064    730
  1065    730
  1066    730
  1067    730
  1068    730
  1069    730
  1070    730
  1071    730
  1072    730
  1078    730
  1079    730
  1080    730
  1081    730
  1082    730
  1083    730
  1084    730
  1085    730
  1086    730
  1087    730
  1088    730
  1089    730
  1090    730
  1091    730
  1092    730
  1093    730
  1094    730
  1095    730
  1096    730
  1097    730
  1098    730
  1099    730
  1100    730
  1101    730
  1102    730
  1103    730
  1104    730
  1105    730
  1106    730
  1107    730
  1108    730
  1109    730
  1110    730
  1111    730
  1112    730
  1113    730
  1114    730
  1115    730
  1116    730
  1117    730
  1118    730
  1119    730
  1120    730
  1121    730
  1122    730
  1123    730
  1124    730
  1125    730
  1126    730
  1127    730
  1128    730
  1129    730
  1130    730
  1131    730
  1132    730
  1133    730
  1134    730
  1135    730
  1136    730
  1137    730
  1138    730
  1139    730
  1140    730
  1141    730
  1142    730
  1143    730
  1144    730
  1145    730
  1146    730
  1147    730
  1148    730
  1149    730
  1150    730
  1151    730
  1152    730
  1153    730
  1154    730
  1155    730
  1156    730
  1157    730
  1163    730
  1164    730
  1165    730
  1166    730
  1167    730
  1168    730
  1169    730
  1173    730
  1174    730
  1175    730
  1176    730
  1177    730
  1178    730
  1179    730
  1180    730
  1181    730
  1182    730
  1183    730
  1184    730
  1185    730
  1186    730
  1187    730
  1188    730
  1189    730
  1190    730
  1191    730
  1192    730
  1193    730
  1194    730
  1195    730
  1196    730
  1197    730
  1200    730
  1201    730
  1202    730
  1203    730
  1204    730
   832    731
   833    731
   834    731
   835    731
   836    731
   837    731
   838    731
   839    731
   840    731
   841    731
   842    731
   843    731
   960    731
   961    731
   962    731
   963    731
   993    731
   994    731
   995    731
   996    731
   997    731
   998    731
   999    731
  1000    731
  1003    731
  1004    731
  1005    731
  1006    731
  1007    731
  1008    731
  1009    731
  1010    731
  1011    731
  1012    731
  1013    731
  1014    731
  1015    731
  1016    731
  1017    731
  1018    731
  1019    731
  1020    731
  1024    731
  1025    731
  1026    731
  1027    731
  1028    731
  1029    731
  1030    731
  1031    731
  1032    731
  1033    731
  1034    731
  1035    731
  1036    731
  1037    731
  1038    731
  1039    731
  1040    731
  1041    731
  1042    731
  1043    731
  1044    731
  1045    731
  1046    731
  1047    731
  1048    731
  1049    731
  1050    731
  1051    731
  1052    731
  1053    731
  1054    731
  1055    731
  1056    731
  1057    731
  1058    731
  1059    731
  1060    731
  1061    731
  1062    731
  1063    731
  1064    731
  1065    731
  1066    731
  1067    731
  1068    731
  1069    731
  1070    731
  1071    731
  1072    731
  1073    731
  1074    731
  1075    731
  1076    731
  1077    731
  1078    731
  1079    731
  1080    731
  1081    731
  1082    731
  1083    731
  1084    731
  1085    731
  1086    731
  1087    731
  1088    731
  1089    731
  1090    731
  1091    731
  1092    731
  1093    731
  1094    731
  1095    731
  1096    731
  1097    731
  1098    731
  1099    731
  1100    731
  1101    731
  1102    731
  1103    731
  1104    731
  1105    731
  1106    731
  1107    731
  1108    731
  1109    731
  1110    731
  1111    731
  1112    731
  1113    731
  1114    731
  1115    731
  1116    731
  1117    731
  1118    731
  1119    731
  1120    731
  1121    731
  1122    731
  1123    731
  1124    731
  1125    731
  1126    731
  1127    731
  1128    731
  1129    731
  1130    731
  1131    731
  1132    731
  1133    731
  1134    731
  1135    731
  1136    731
  1137    731
  1138    731
  1139    731
  1140    731
  1141    731
  1142    731
  1143    731
  1144    731
  1145    731
  1148    731
  1149    731
  1150    731
  1151    731
  1152    731
  1153    731
  1154    731
  1155    731
  1156    731
  1157    731
  1158    731
  1159    731
  1160    731
  1161    731
  1162    731
  1163    731
  1164    731
  1165    731
  1166    731
  1167    731
  1168    731
  1169    731
  1170    731
  1174    731
  1175    731
  1176    731
  1179    731
   835    732
   836    732
   837    732
   838    732
   839    732
   840    732
   841    732
   842    732
   843    732
   844    732
   845    732
   846    732
   960    732
   961    732
   962    732
   963    732
  1003    732
  1004    732
  1005    732
  1006    732
  1007    732
  1008    732
  1009    732
  1010    732
  1011    732
  1012    732
  1013    732
  1014    732
  1015    732
  1016    732
  1024    732
  1025    732
  1026    732
  1028    732
  1029    732
  1039    732
  1040    732
  1041    732
  1047    732
  1048    732
  1049    732
  1050    732
  1051    732
  1052    732
  1053    732
  1054    732
  1055    732
  1056    732
  1057    732
  1058    732
  1059    732
  1060    732
  1061    732
  1062    732
  1063    732
  1064    732
  1065    732
  1066    732
  1067    732
  1068    732
  1069    732
  1070    732
  1071    732
  1072    732
  1075    732
  1076    732
  1083    732
  1084    732
  1085    732
  1086    732
  1087    732
  1088    732
  1089    732
  1090    732
  1091    732
  1092    732
  1093    732
  1094    732
  1095    732
  1097    732
  1098    732
  1099    732
  1100    732
  1101    732
  1102    732
  1105    732
  1106    732
  1107    732
  1108    732
  1109    732
  1110    732
  1111    732
  1112    732
  1113    732
  1114    732
  1115    732
  1116    732
  1117    732
  1118    732
  1119    732
  1120    732
  1121    732
  1122    732
  1123    732
  1124    732
  1125    732
  1126    732
  1127    732
  1128    732
  1129    732
  1130    732
  1131    732
  1132    732
  1133    732
  1134    732
  1135    732
  1136    732
  1137    732
  1138    732
  1139    732
  1140    732
  1141    732
  1142    732
  1143    732
  1144    732
  1145    732
  1146    732
  1147    732
  1148    732
  1149    732
  1150    732
  1151    732
  1152    732
  1153    732
  1154    732
  1155    732
  1156    732
  1157    732
  1158    732
  1159    732
  1160    732
  1161    732
  1166    732
  1167    732
  1168    732
  1170    732
  1171    732
  1172    732
  1173    732
  1174    732
  1175    732
  1176    732
  1177    732
  1178    732
  1182    732
  1183    732
  1184    732
  1186    732
  1187    732
  1188    732
  1189    732
  1190    732
  1191    732
  1192    732
  1193    732
  1194    732
  1195    732
  1196    732
  1197    732
  1198    732
  1199    732
  1200    732
  1201    732
  1202    732
  1203    732
  1204    732
  1205    732
  1206    732
  1207    732
  1208    732
  1209    732
  1210    732
  1211    732
  1212    732
  1213    732
  1214    732
  1215    732
  1216    732
  1217    732
  1218    732
  1219    732
   830    733
   831    733
   832    733
   838    733
   839    733
   840    733
   841    733
   842    733
   843    733
   844    733
   845    733
   846    733
   847    733
   848    733
   849    733
   999    733
  1000    733
  1001    733
  1002    733
  1003    733
  1004    733
  1005    733
  1007    733
  1008    733
  1009    733
  1010    733
  1011    733
  1012    733
  1013    733
  1014    733
  1047    733
  1048    733
  1049    733
  1050    733
  1051    733
  1052    733
  1053    733
  1054    733
  1055    733
  1056    733
  1065    733
  1066    733
  1067    733
  1068    733
  1069    733
  1078    733
  1079    733
  1080    733
  1081    733
  1082    733
  1083    733
  1084    733
  1087    733
  1088    733
  1089    733
  1090    733
  1091    733
  1092    733
  1093    733
  1096    733
  1097    733
  1098    733
  1099    733
  1100    733
  1101    733
  1102    733
  1103    733
  1104    733
  1105    733
  1106    733
  1107    733
  1108    733
  1109    733
  1110    733
  1111    733
  1112    733
  1113    733
  1130    733
  1131    733
  1132    733
  1133    733
  1135    733
  1136    733
  1137    733
  1138    733
  1139    733
  1140    733
  1141    733
  1142    733
  1143    733
  1144    733
  1145    733
  1146    733
  1147    733
  1148    733
  1149    733
  1150    733
  1151    733
  1161    733
  1162    733
  1163    733
  1165    733
  1166    733
  1167    733
  1168    733
  1169    733
  1170    733
  1171    733
  1172    733
  1173    733
  1174    733
  1175    733
  1176    733
  1177    733
  1178    733
  1179    733
  1180    733
  1181    733
  1182    733
  1183    733
  1184    733
  1208    733
  1209    733
  1210    733
  1211    733
  1212    733
   832    734
   833    734
   834    734
   835    734
   841    734
   842    734
   843    734
   844    734
   845    734
   846    734
   847    734
   848    734
   849    734
   850    734
   851    734
   959    734
   960    734
   961    734
  1069    734
  1070    734
  1071    734
  1072    734
  1105    734
  1106    734
  1107    734
  1108    734
  1109    734
  1110    734
  1111    734
  1112    734
  1119    734
  1120    734
  1121    734
  1122    734
  1123    734
  1124    734
  1125    734
  1126    734
  1127    734
  1128    734
  1129    734
  1130    734
  1131    734
  1132    734
  1133    734
  1134    734
  1151    734
  1152    734
  1153    734
  1154    734
  1155    734
  1156    734
  1200    734
  1207    734
  1208    734
  1209    734
  1212    734
  1213    734
  1214    734
  1215    734
  1216    734
   843    735
   844    735
   845    735
   846    735
   847    735
   848    735
   849    735
   850    735
   851    735
   852    735
   853    735
  1123    735
  1124    735
  1125    735
  1126    735
  1134    735
  1135    735
  1136    735
  1143    735
  1144    735
  1145    735
  1161    735
  1162    735
  1163    735
  1164    735
  1165    735
  1167    735
  1168    735
  1169    735
  1170    735
  1171    735
  1172    735
  1173    735
  1174    735
  1175    735
  1176    735
  1177    735
  1178    735
  1179    735
  1180    735
  1182    735
  1183    735
  1184    735
  1185    735
  1186    735
  1187    735
  1188    735
  1189    735
  1190    735
  1191    735
  1192    735
  1193    735
  1194    735
   844    736
   845    736
   846    736
   847    736
   848    736
   849    736
   850    736
   851    736
   852    736
   853    736
   854    736
  1168    736
  1169    736
  1174    736
  1175    736
  1176    736
   846    737
   847    737
   848    737
   849    737
   850    737
   851    737
   852    737
   853    737
   854    737
   855    737
   856    737
   848    738
   849    738
   850    738
   851    738
   852    738
   853    738
   854    738
   855    738
   856    738
   857    738
   849    739
   850    739
   851    739
   852    739
   853    739
   854    739
   855    739
   856    739
   857    739
   858    739
   859    739
   870    739
   871    739
   872    739
   851    740
   852    740
   853    740
   854    740
   855    740
   856    740
   857    740
   858    740
   859    740
   860    740
   852    741
   853    741
   854    741
   855    741
   856    741
   857    741
   858    741
   859    741
   860    741
   861    741
   853    742
   854    742
   855    742
   856    742
   857    742
   858    742
   859    742
   860    742
   861    742
   862    742
   854    743
   855    743
   856    743
   857    743
   858    743
   859    743
   860    743
   861    743
   862    743
   863    743
   854    744
   855    744
   856    744
   857    744
   858    744
   859    744
   860    744
   861    744
   862    744
   863    744
   854    745
   855    745
   856    745
   857    745
   858    745
   859    745
   860    745
   861    745
   862    745
   863    745
   855    746
   856    746
   857    746
   858    746
   859    746
   860    746
   861    746
   862    746
   863    746
   864    746
   853    747
   854    747
   855    747
   856    747
   857    747
   858    747
   859    747
   860    747
   861    747
   862    747
   863    747
   864    747
   865    747
   856    748
   857    748
   858    748
   859    748
   860    748
   861    748
   862    748
   863    748
   864    748
   853    749
   854    749
   855    749
   856    749
   857    749
   858    749
   859    749
   860    749
   861    749
   862    749
   863    749
   864    749
   854    750
   855    750
   856    750
   857    750
   858    750
   859    750
   860    750
   861    750
   862    750
   863    750
   864    750
   865    750
   855    751
   856    751
   857    751
   858    751
   859    751
   860    751
   861    751
   862    751
   863    751
   864    751
   851    752
   852    752
   853    752
   854    752
   855    752
   856    752
   857    752
   858    752
   859    752
   860    752
   861    752
   862    752
   863    752
   864    752
   850    753
   851    753
   852    753
   853    753
   854    753
   855    753
   856    753
   857    753
   858    753
   859    753
   860    753
   861    753
   862    753
   863    753
   852    754
   853    754
   854    754
   855    754
   856    754
   857    754
   858    754
   859    754
   860    754
   861    754
   862    754
   863    754
   848    755
   849    755
   850    755
   851    755
   852    755
   853    755
   854    755
   855    755
   856    755
   857    755
   858    755
   859    755
   860    755
   861    755
   850    756
   851    756
   852    756
   853    756
   854    756
   855    756
   856    756
   857    756
   858    756
   859    756
   860    756
   849    757
   850    757
   851    757
   852    757
   853    757
   854    757
   855    757
   856    757
   857    757
   858    757
   859    757
   848    758
   849    758
   850    758
   851    758
   852    758
   853    758
   854    758
   855    758
   856    758
   857    758
   846    759
   847    759
   848    759
   849    759
   850    759
   851    759
   852    759
   853    759
   854    759
   855    759
   856    759
   844    760
   845    760
   846    760
   847    760
   848    760
   849    760
   850    760
   851    760
   852    760
   853    760
   854    760
   841    761
   842    761
   843    761
   844    761
   845    761
   846    761
   847    761
   848    761
   849    761
   850    761
   851    761
   852    761
   838    762
   839    762
   840    762
   841    762
   842    762
   843    762
   844    762
   845    762
   846    762
   847    762
   848    762
   849    762
   835    763
   836    763
   837    763
   838    763
   839    763
   840    763
   841    763
   842    763
   843    763
   844    763
   845    763
   846    763
   847    763
   848    763
   821    764
   822    764
   823    764
   832    764
   833    764
   834    764
   835    764
   836    764
   837    764
   838    764
   839    764
   840    764
   841    764
   842    764
   843    764
   844    764
   830    765
   831    765
   832    765
   833    765
   834    765
   835    765
   836    765
   837    765
   838    765
   839    765
   840    765
   841    765
   842    765
   828    766
   829    766
   830    766
   831    766
   832    766
   833    766
   834    766
   835    766
   836    766
   837    766
   838    766
   839    766
   825    767
   826    767
   827    767
   828    767
   829    767
   830    767
   831    767
   832    767
   833    767
   834    767
   835    767
   836    767
   837    767
   822    768
   823    768
   824    768
   825    768
   826    768
   827    768
   828    768
   829    768
   830    768
   831    768
   832    768
   833    768
   834    768
   820    769
   821    769
   822    769
   823    769
   824    769
   825    769
   826    769
   827    769
   828    769
   829    769
   830    769
   831    769
   832    769
   803    770
   804    770
   805    770
   816    770
   817    770
   818    770
   819    770
   820    770
   821    770
   822    770
   823    770
   824    770
   825    770
   826    770
   827    770
   828    770
   812    771
   813    771
   814    771
   815    771
   816    771
   817    771
   818    771
   819    771
   820    771
   821    771
   822    771
   823    771
   824    771
   825    771
   826    771
   809    772
   810    772
   811    772
   812    772
   813    772
   814    772
   815    772
   816    772
   817    772
   818    772
   819    772
   820    772
   821    772
   805    773
   806    773
   807    773
   808    773
   809    773
   810    773
   811    773
   812    773
   813    773
   814    773
   815    773
   816    773
   817    773
   818    773
   801    774
   802    774
   803    774
   804    774
   805    774
   806    774
   807    774
   808    774
   809    774
   810    774
   811    774
   812    774
   813    774
   814    774
   815    774
   798    775
   799    775
   800    775
   801    775
   802    775
   803    775
   804    775
   805    775
   806    775
   807    775
   808    775
   809    775
   810    775
   811    775
   794    776
   795    776
   796    776
   797    776
   798    776
   799    776
   800    776
   801    776
   802    776
   803    776
   804    776
   805    776
   806    776
   807    776
   808    776
   809    776
   790    777
   791    777
   792    777
   793    777
   794    777
   795    777
   796    777
   797    777
   798    777
   799    777
   800    777
   801    777
   802    777
   803    777
   804    777
   784    778
   785    778
   786    778
   787    778
   788    778
   789    778
   790    778
   791    778
   792    778
   793    778
   794    778
   795    778
   796    778
   797    778
   798    778
   799    778
   782    779
   783    779
   784    779
   785    779
   786    779
   787    779
   788    779
   789    779
   790    779
   791    779
   792    779
   793    779
   794    779
   795    779
   796    779
   777    780
   778    780
   779    780
   780    780
   781    780
   782    780
   783    780
   784    780
   785    780
   786    780
   787    780
   788    780
   789    780
   790    780
   791    780
   773    781
   774    781
   775    781
   776    781
   777    781
   778    781
   779    781
   780    781
   781    781
   782    781
   783    781
   784    781
   785    781
   786    781
   787    781
   769    782
   770    782
   771    782
   772    782
   773    782
   774    782
   775    782
   776    782
   777    782
   778    782
   779    782
   780    782
   781    782
   782    782
   789    782
   790    782
   791    782
   792    782
   793    782
   764    783
   765    783
   766    783
   767    783
   768    783
   769    783
   770    783
   771    783
   772    783
   773    783
   774    783
   775    783
   776    783
   777    783
   778    783
   779    783
   780    783
   781    783
   782    783
   783    783
   784    783
   785    783
   786    783
   787    783
   762    784
   763    784
   764    784
   765    784
   766    784
   767    784
   768    784
   769    784
   770    784
   771    784
   772    784
   773    784
   774    784
   775    784
   776    784
   777    784
   778    784
   779    784
   780    784
   781    784
   782    784
   783    784
   760    785
   761    785
   762    785
   763    785
   764    785
   765    785
   766    785
   767    785
   768    785
   769    785
   770    785
   771    785
   772    785
   773    785
   774    785
   775    785
   776    785
   764    786
   766    786
   767    786
   768    786
   769    786
   770    786
   771    786
   772    786
