  1662    707
  1663    707
  1664    707
  1665    707
  1666    707
  1667    707
  1668    707
  1669    707
  1670    707
  1671    707
  1644    708
  1645    708
  1646    708
  1647    708
  1648    708
  1649    708
  1650    708
  1651    708
  1652    708
  1653    708
  1654    708
  1655    708
  1656    708
  1657    708
  1658    708
  1659    708
  1660    708
  1661    708
  1662    708
  1629    709
  1630    709
  1631    709
  1632    709
  1633    709
  1634    709
  1635    709
  1636    709
  1637    709
  1638    709
  1639    709
  1640    709
  1641    709
  1642    709
  1643    709
  1644    709
  1645    709
  1613    710
  1614    710
  1615    710
  1616    710
  1617    710
  1618    710
  1619    710
  1620    710
  1621    710
  1622    710
  1623    710
  1624    710
  1625    710
  1626    710
  1627    710
  1628    710
  1629    710
  1630    710
  1631    710
  1632    710
  1633    710
  1634    710
  1635    710
  1636    710
  1637    710
  1638    710
  1639    710
  1602    711
  1603    711
  1604    711
  1605    711
  1606    711
  1607    711
  1608    711
  1609    711
  1610    711
  1611    711
  1612    711
  1613    711
  1614    711
  1615    711
  1616    711
  1617    711
  1618    711
  1619    711
  1620    711
  1621    711
  1622    711
  1624    711
  1583    712
  1584    712
  1585    712
  1586    712
  1587    712
  1588    712
  1589    712
  1590    712
  1591    712
  1592    712
  1593    712
  1594    712
  1595    712
  1596    712
  1597    712
  1598    712
  1599    712
  1600    712
  1601    712
  1602    712
  1603    712
  1604    712
  1605    712
  1606    712
  1607    712
  1608    712
  1609    712
  1610    712
  1611    712
  1616    712
  1617    712
  1576    713
  1577    713
  1578    713
  1579    713
  1580    713
  1581    713
  1582    713
  1583    713
  1584    713
  1585    713
  1586    713
  1587    713
  1588    713
  1589    713
  1590    713
  1591    713
  1592    713
  1593    713
  1594    713
  1595    713
  1596    713
  1597    713
  1550    714
  1551    714
  1552    714
  1553    714
  1554    714
  1555    714
  1556    714
  1557    714
  1558    714
  1559    714
  1560    714
  1561    714
  1562    714
  1563    714
  1564    714
  1565    714
  1566    714
  1567    714
  1568    714
  1569    714
  1570    714
  1571    714
  1572    714
  1573    714
  1574    714
  1575    714
  1576    714
  1577    714
  1578    714
  1579    714
   836    715
   837    715
   838    715
   839    715
   843    715
   844    715
   845    715
   847    715
   848    715
   849    715
   850    715
   851    715
   852    715
   853    715
   854    715
   855    715
   856    715
   857    715
  1537    715
  1538    715
  1539    715
  1540    715
  1541    715
  1542    715
  1543    715
  1544    715
  1545    715
  1546    715
  1547    715
  1548    715
  1549    715
  1550    715
  1551    715
  1552    715
  1553    715
  1554    715
  1555    715
  1557    715
  1558    715
  1559    715
  1560    715
  1561    715
  1566    715
  1567    715
  1568    715
   834    716
   835    716
   836    716
   837    716
   838    716
   841    716
   842    716
   843    716
   844    716
   851    716
   852    716
   853    716
   854    716
   855    716
   856    716
   857    716
   858    716
   859    716
   860    716
   861    716
   862    716
   863    716
   864    716
   865    716
   866    716
   867    716
   868    716
   869    716
   870    716
   871    716
   872    716
   873    716
   874    716
   875    716
   876    716
   877    716
   878    716
   879    716
  1518    716
  1519    716
  1520    716
  1521    716
  1522    716
  1523    716
  1524    716
  1525    716
  1526    716
  1527    716
  1528    716
  1529    716
  1530    716
  1531    716
  1532    716
  1533    716
  1534    716
  1535    716
  1536    716
  1537    716
  1538    716
  1539    716
  1540    716
  1541    716
  1542    716
  1543    716
  1544    716
  1545    716
  1546    716
  1552    716
  1553    716
   832    717
   833    717
   834    717
   835    717
   836    717
   837    717
   838    717
   841    717
   842    717
   843    717
   844    717
   851    717
   852    717
   853    717
   854    717
   855    717
   856    717
   857    717
   858    717
   859    717
   860    717
   861    717
   862    717
   863    717
   864    717
   865    717
   866    717
   867    717
   868    717
   869    717
   870    717
   871    717
   872    717
   873    717
   874    717
   875    717
   876    717
   877    717
   881    717
   882    717
   883    717
   884    717
   885    717
   886    717
   887    717
   888    717
   889    717
   890    717
   891    717
   892    717
   893    717
   894    717
   895    717
   896    717
   897    717
   898    717
   899    717
   900    717
   901    717
   902    717
  1503    717
  1504    717
  1505    717
  1506    717
  1507    717
  1508    717
  1509    717
  1510    717
  1511    717
  1512    717
  1513    717
  1519    717
  1520    717
  1521    717
  1522    717
  1523    717
  1524    717
  1525    717
  1526    717
  1527    717
  1528    717
  1529    717
  1530    717
  1531    717
  1532    717
  1533    717
  1534    717
  1535    717
  1536    717
  1537    717
  1541    717
  1552    717
  1553    717
  1554    717
   831    718
   832    718
   833    718
   855    718
   856    718
   857    718
   858    718
   863    718
   864    718
   865    718
   866    718
   867    718
   870    718
   871    718
   872    718
   873    718
   880    718
   881    718
   882    718
   883    718
   884    718
   885    718
   886    718
   887    718
   888    718
   889    718
   890    718
   891    718
   892    718
   894    718
   896    718
   897    718
   898    718
   899    718
   900    718
   901    718
   902    718
   903    718
   904    718
   905    718
   906    718
   907    718
   908    718
   909    718
   910    718
   911    718
   912    718
   913    718
   914    718
   915    718
   916    718
   917    718
   918    718
   919    718
   920    718
   921    718
   922    718
   923    718
   924    718
   925    718
   926    718
   927    718
   928    718
   929    718
   930    718
   931    718
  1481    718
  1482    718
  1483    718
  1484    718
  1485    718
  1486    718
  1487    718
  1488    718
  1493    718
  1494    718
  1495    718
  1496    718
  1497    718
  1498    718
  1499    718
  1500    718
  1501    718
  1502    718
  1503    718
  1504    718
  1505    718
  1506    718
  1507    718
  1508    718
  1509    718
  1510    718
  1511    718
  1512    718
   835    719
   836    719
   837    719
   851    719
   852    719
   853    719
   854    719
   855    719
   856    719
   857    719
   858    719
   859    719
   860    719
   864    719
   865    719
   866    719
   867    719
   868    719
   869    719
   870    719
   871    719
   872    719
   873    719
   874    719
   875    719
   879    719
   880    719
   881    719
   882    719
   883    719
   884    719
   885    719
   886    719
   887    719
   888    719
   889    719
   890    719
   891    719
   892    719
   893    719
   894    719
   895    719
   896    719
   897    719
   898    719
   899    719
   900    719
   901    719
   902    719
   903    719
   904    719
   905    719
   906    719
   907    719
   908    719
   909    719
   910    719
   911    719
   912    719
   913    719
   914    719
   915    719
   916    719
   917    719
   918    719
   919    719
   920    719
   921    719
   922    719
   923    719
   924    719
   925    719
   926    719
   927    719
   928    719
   929    719
   930    719
   935    719
   936    719
   937    719
   938    719
   939    719
   940    719
   941    719
   942    719
   943    719
   944    719
   945    719
   946    719
   947    719
   948    719
   949    719
   950    719
   951    719
   952    719
   953    719
   954    719
   955    719
   956    719
   957    719
   958    719
   959    719
   960    719
   961    719
  1464    719
  1467    719
  1468    719
  1469    719
  1470    719
  1471    719
  1472    719
  1473    719
  1478    719
  1479    719
  1480    719
  1481    719
  1483    719
  1484    719
  1485    719
  1486    719
  1487    719
   827    720
   828    720
   829    720
   830    720
   831    720
   832    720
   833    720
   834    720
   835    720
   836    720
   837    720
   838    720
   839    720
   840    720
   841    720
   842    720
   843    720
   844    720
   845    720
   846    720
   847    720
   848    720
   849    720
   850    720
   851    720
   852    720
   853    720
   854    720
   855    720
   856    720
   857    720
   858    720
   859    720
   860    720
   861    720
   862    720
   863    720
   864    720
   865    720
   866    720
   867    720
   868    720
   869    720
   870    720
   871    720
   872    720
   873    720
   874    720
   875    720
   876    720
   877    720
   878    720
   879    720
   880    720
   881    720
   882    720
   883    720
   884    720
   885    720
   886    720
   887    720
   888    720
   889    720
   890    720
   891    720
   892    720
   893    720
   894    720
   895    720
   896    720
   897    720
   898    720
   899    720
   900    720
   901    720
   902    720
   903    720
   904    720
   905    720
   906    720
   907    720
   908    720
   909    720
   910    720
   911    720
   912    720
   913    720
   914    720
   915    720
   916    720
   917    720
   918    720
   919    720
   920    720
   921    720
   922    720
   923    720
   924    720
   925    720
   926    720
   927    720
   928    720
   929    720
   930    720
   931    720
   932    720
   933    720
   934    720
   935    720
   936    720
   938    720
   939    720
   950    720
   951    720
   952    720
   953    720
   954    720
   955    720
   956    720
   957    720
   958    720
   959    720
   960    720
   961    720
   962    720
   963    720
   964    720
   965    720
   966    720
   967    720
   968    720
   969    720
   970    720
   971    720
   972    720
   973    720
   974    720
   975    720
   976    720
   977    720
   978    720
   979    720
   980    720
   981    720
   982    720
   983    720
   984    720
   985    720
   986    720
   987    720
   988    720
   989    720
   990    720
   991    720
   992    720
   993    720
   994    720
   995    720
   996    720
   997    720
   998    720
   999    720
  1457    720
  1458    720
  1459    720
  1460    720
  1461    720
  1471    720
  1472    720
  1473    720
  1474    720
   826    721
   827    721
   828    721
   829    721
   830    721
   831    721
   832    721
   833    721
   834    721
   835    721
   836    721
   837    721
   838    721
   839    721
   840    721
   841    721
   842    721
   843    721
   844    721
   845    721
   846    721
   847    721
   848    721
   849    721
   850    721
   851    721
   852    721
   853    721
   854    721
   855    721
   856    721
   857    721
   858    721
   859    721
   860    721
   861    721
   862    721
   863    721
   864    721
   865    721
   866    721
   867    721
   868    721
   869    721
   870    721
   871    721
   872    721
   873    721
   874    721
   875    721
   876    721
   877    721
   878    721
   879    721
   880    721
   881    721
   882    721
   883    721
   884    721
   885    721
   886    721
   887    721
   888    721
   889    721
   890    721
   891    721
   892    721
   893    721
   894    721
   895    721
   896    721
   897    721
   898    721
   899    721
   900    721
   901    721
   902    721
   903    721
   904    721
   905    721
   906    721
   907    721
   908    721
   909    721
   910    721
   911    721
   912    721
   913    721
   914    721
   915    721
   916    721
   917    721
   918    721
   919    721
   920    721
   921    721
   922    721
   923    721
   924    721
   925    721
   926    721
   927    721
   928    721
   929    721
   930    721
   931    721
   932    721
   933    721
   934    721
   935    721
   936    721
   948    721
   949    721
   950    721
   951    721
   952    721
   953    721
   954    721
   955    721
   956    721
   957    721
   958    721
   959    721
   960    721
   961    721
   962    721
   963    721
   964    721
   965    721
   966    721
   967    721
   968    721
   969    721
   970    721
   971    721
   972    721
   973    721
   974    721
   975    721
   976    721
   977    721
   979    721
   980    721
   981    721
   982    721
   983    721
   984    721
   985    721
   986    721
   987    721
  1004    721
  1014    721
  1016    721
  1017    721
  1018    721
  1019    721
  1422    721
  1423    721
  1424    721
  1425    721
  1426    721
  1427    721
  1428    721
  1429    721
  1430    721
  1438    721
  1439    721
  1440    721
  1441    721
  1442    721
  1443    721
  1444    721
  1445    721
  1446    721
  1447    721
  1448    721
  1449    721
  1450    721
  1458    721
  1459    721
  1460    721
   835    722
   836    722
   837    722
   838    722
   841    722
   842    722
   843    722
   844    722
   845    722
   846    722
   847    722
   848    722
   849    722
   850    722
   851    722
   852    722
   853    722
   854    722
   855    722
   856    722
   857    722
   858    722
   859    722
   860    722
   861    722
   862    722
   863    722
   864    722
   865    722
   866    722
   867    722
   868    722
   869    722
   870    722
   871    722
   872    722
   873    722
   874    722
   875    722
   876    722
   877    722
   878    722
   879    722
   880    722
   881    722
   882    722
   883    722
   884    722
   885    722
   886    722
   887    722
   888    722
   889    722
   890    722
   891    722
   892    722
   893    722
   894    722
   895    722
   896    722
   897    722
   898    722
   899    722
   900    722
   901    722
   902    722
   903    722
   904    722
   905    722
   906    722
   907    722
   908    722
   909    722
   910    722
   911    722
   912    722
   913    722
   914    722
   915    722
   916    722
   917    722
   918    722
   919    722
   920    722
   921    722
   922    722
   923    722
   924    722
   925    722
   926    722
   927    722
   928    722
   929    722
   930    722
   931    722
   932    722
   933    722
   934    722
   935    722
   936    722
   937    722
   943    722
   944    722
   945    722
   946    722
   947    722
   948    722
   949    722
   950    722
   951    722
   953    722
   954    722
   956    722
   957    722
   958    722
   959    722
   960    722
   961    722
   962    722
   963    722
   964    722
   965    722
   966    722
   967    722
   968    722
   969    722
   970    722
   971    722
   972    722
   973    722
   974    722
   975    722
   976    722
   977    722
   978    722
   979    722
   980    722
   981    722
   982    722
   983    722
   984    722
   985    722
   986    722
   987    722
   993    722
   994    722
   995    722
   996    722
   997    722
  1007    722
  1008    722
  1009    722
  1010    722
  1011    722
  1012    722
  1014    722
  1015    722
  1016    722
  1043    722
  1044    722
  1045    722
  1046    722
  1047    722
  1048    722
  1049    722
  1050    722
  1051    722
  1058    722
  1059    722
  1060    722
  1061    722
  1062    722
  1063    722
  1064    722
  1065    722
  1066    722
  1067    722
  1068    722
  1069    722
  1070    722
  1071    722
  1072    722
  1073    722
  1074    722
  1075    722
  1076    722
  1077    722
  1078    722
  1079    722
  1080    722
  1081    722
  1082    722
  1083    722
  1084    722
  1085    722
  1086    722
  1087    722
  1088    722
  1089    722
  1090    722
  1091    722
  1092    722
  1388    722
  1389    722
  1390    722
  1391    722
  1392    722
  1393    722
  1394    722
  1395    722
  1396    722
  1397    722
  1398    722
  1399    722
  1400    722
  1401    722
  1402    722
  1403    722
  1404    722
  1405    722
  1406    722
  1407    722
  1408    722
  1409    722
  1410    722
  1411    722
  1412    722
  1413    722
  1415    722
  1416    722
  1417    722
  1418    722
  1419    722
  1420    722
  1421    722
  1422    722
  1423    722
  1424    722
  1425    722
  1426    722
  1427    722
  1428    722
  1429    722
  1430    722
  1431    722
  1432    722
  1433    722
  1434    722
  1435    722
  1436    722
  1437    722
  1438    722
  1439    722
  1440    722
  1441    722
  1442    722
  1443    722
  1444    722
  1445    722
  1446    722
  1447    722
  1448    722
  1449    722
   833    723
   834    723
   835    723
   839    723
   840    723
   841    723
   842    723
   845    723
   846    723
   847    723
   848    723
   850    723
   853    723
   854    723
   855    723
   856    723
   857    723
   858    723
   859    723
   860    723
   861    723
   862    723
   863    723
   864    723
   865    723
   866    723
   867    723
   868    723
   869    723
   870    723
   871    723
   872    723
   873    723
   874    723
   875    723
   876    723
   877    723
   878    723
   879    723
   880    723
   881    723
   882    723
   883    723
   884    723
   885    723
   886    723
   887    723
   888    723
   889    723
   890    723
   891    723
   892    723
   893    723
   894    723
   895    723
   896    723
   897    723
   898    723
   899    723
   900    723
   901    723
   902    723
   903    723
   904    723
   905    723
   906    723
   907    723
   908    723
   909    723
   910    723
   911    723
   912    723
   913    723
   914    723
   915    723
   916    723
   917    723
   918    723
   919    723
   920    723
   921    723
   922    723
   923    723
   924    723
   925    723
   926    723
   927    723
   928    723
   929    723
   930    723
   931    723
   932    723
   933    723
   934    723
   935    723
   936    723
   937    723
   938    723
   939    723
   940    723
   943    723
   944    723
   945    723
   946    723
   947    723
   948    723
   949    723
   950    723
   951    723
   952    723
   953    723
   954    723
   955    723
   956    723
   957    723
   958    723
   959    723
   960    723
   961    723
   962    723
   963    723
   964    723
   965    723
   966    723
   967    723
   968    723
   969    723
   970    723
   971    723
   972    723
   973    723
   974    723
   975    723
   976    723
   977    723
   978    723
   979    723
   980    723
   981    723
   982    723
   983    723
   984    723
   985    723
   986    723
   987    723
   988    723
   989    723
   990    723
   991    723
   992    723
   993    723
   994    723
   995    723
   996    723
   997    723
   998    723
  1009    723
  1010    723
  1011    723
  1012    723
  1013    723
  1014    723
  1015    723
  1016    723
  1021    723
  1022    723
  1023    723
  1024    723
  1025    723
  1027    723
  1028    723
  1029    723
  1030    723
  1031    723
  1032    723
  1034    723
  1035    723
  1036    723
  1037    723
  1038    723
  1039    723
  1040    723
  1041    723
  1042    723
  1043    723
  1044    723
  1045    723
  1046    723
  1047    723
  1048    723
  1049    723
  1050    723
  1051    723
  1052    723
  1053    723
  1054    723
  1060    723
  1061    723
  1062    723
  1063    723
  1064    723
  1065    723
  1066    723
  1067    723
  1068    723
  1071    723
  1072    723
  1073    723
  1074    723
  1075    723
  1076    723
  1077    723
  1078    723
  1079    723
  1080    723
  1081    723
  1082    723
  1083    723
  1084    723
  1086    723
  1087    723
  1088    723
  1089    723
  1090    723
  1091    723
  1092    723
  1093    723
  1094    723
  1095    723
  1096    723
  1097    723
  1098    723
  1099    723
  1100    723
  1101    723
  1102    723
  1103    723
  1121    723
  1122    723
  1123    723
  1135    723
  1136    723
  1137    723
  1138    723
  1139    723
  1140    723
  1141    723
  1142    723
  1143    723
  1144    723
  1145    723
  1146    723
  1147    723
  1148    723
  1149    723
  1150    723
  1151    723
  1152    723
  1153    723
  1154    723
  1155    723
  1156    723
  1157    723
  1158    723
  1159    723
  1160    723
  1161    723
  1162    723
  1163    723
  1164    723
  1165    723
  1166    723
  1172    723
  1173    723
  1174    723
  1175    723
  1176    723
  1177    723
  1178    723
  1179    723
  1180    723
  1181    723
  1330    723
  1331    723
  1332    723
  1333    723
  1334    723
  1335    723
  1336    723
  1338    723
  1339    723
  1340    723
  1341    723
  1342    723
  1343    723
  1344    723
  1345    723
  1346    723
  1347    723
  1348    723
  1349    723
  1350    723
  1351    723
  1352    723
  1353    723
  1354    723
  1355    723
  1356    723
  1357    723
  1358    723
  1359    723
  1360    723
  1361    723
  1362    723
  1363    723
  1364    723
  1365    723
  1366    723
  1367    723
  1368    723
  1369    723
  1370    723
  1371    723
  1372    723
  1373    723
  1374    723
  1375    723
  1376    723
  1377    723
  1378    723
  1379    723
  1380    723
  1381    723
  1382    723
  1383    723
  1384    723
  1385    723
  1386    723
  1387    723
  1388    723
  1389    723
  1390    723
  1391    723
  1392    723
  1393    723
  1394    723
  1395    723
  1396    723
  1397    723
  1398    723
  1399    723
  1400    723
  1401    723
  1402    723
  1403    723
  1404    723
  1405    723
  1406    723
  1407    723
  1408    723
  1409    723
  1410    723
  1411    723
  1412    723
  1413    723
  1414    723
  1415    723
  1416    723
  1417    723
  1418    723
  1419    723
  1420    723
  1421    723
  1422    723
  1423    723
  1424    723
  1425    723
  1426    723
  1427    723
  1428    723
  1429    723
  1430    723
  1431    723
  1432    723
  1434    723
  1435    723
  1436    723
  1437    723
  1438    723
  1439    723
  1440    723
   822    724
   823    724
   824    724
   825    724
   845    724
   846    724
   847    724
   878    724
   879    724
   880    724
   881    724
   882    724
   883    724
   884    724
   885    724
   886    724
   887    724
   888    724
   889    724
   890    724
   891    724
   892    724
   893    724
   894    724
   895    724
   896    724
   897    724
   898    724
   899    724
   900    724
   901    724
   902    724
   903    724
   904    724
   905    724
   906    724
   907    724
   908    724
   909    724
   910    724
   911    724
   912    724
   913    724
   914    724
   915    724
   916    724
   917    724
   918    724
   919    724
   920    724
   921    724
   922    724
   923    724
   924    724
   925    724
   926    724
   927    724
   928    724
   929    724
   930    724
   931    724
   932    724
   933    724
   934    724
   935    724
   936    724
   937    724
   938    724
   939    724
   940    724
   943    724
   944    724
   945    724
   946    724
   947    724
   948    724
   949    724
   950    724
   951    724
   952    724
   953    724
   954    724
   955    724
   956    724
   957    724
   958    724
   959    724
   960    724
   961    724
   962    724
   963    724
   964    724
   965    724
   966    724
   967    724
   968    724
   969    724
   970    724
   971    724
   972    724
   973    724
   974    724
   975    724
   976    724
   977    724
   978    724
   979    724
   980    724
   981    724
   982    724
   983    724
   984    724
   985    724
   986    724
   987    724
   988    724
   989    724
   990    724
   991    724
   992    724
   993    724
   994    724
  1007    724
  1008    724
  1009    724
  1010    724
  1011    724
  1012    724
  1013    724
  1014    724
  1015    724
  1016    724
  1017    724
  1018    724
  1019    724
  1020    724
  1021    724
  1022    724
  1023    724
  1024    724
  1025    724
  1026    724
  1027    724
  1028    724
  1029    724
  1030    724
  1031    724
  1032    724
  1033    724
  1034    724
  1035    724
  1036    724
  1037    724
  1038    724
  1039    724
  1040    724
  1041    724
  1042    724
  1043    724
  1044    724
  1045    724
  1046    724
  1047    724
  1048    724
  1049    724
  1050    724
  1051    724
  1052    724
  1053    724
  1054    724
  1055    724
  1056    724
  1058    724
  1059    724
  1060    724
  1061    724
  1062    724
  1063    724
  1064    724
  1065    724
  1066    724
  1071    724
  1072    724
  1073    724
  1074    724
  1075    724
  1076    724
  1077    724
  1078    724
  1079    724
  1080    724
  1081    724
  1082    724
  1083    724
  1084    724
  1085    724
  1086    724
  1087    724
  1088    724
  1089    724
  1090    724
  1091    724
  1092    724
  1093    724
  1094    724
  1095    724
  1096    724
  1097    724
  1098    724
  1099    724
  1100    724
  1101    724
  1102    724
  1103    724
  1104    724
  1105    724
  1106    724
  1107    724
  1108    724
  1125    724
  1126    724
  1127    724
  1128    724
  1129    724
  1135    724
  1136    724
  1137    724
  1138    724
  1139    724
  1140    724
  1141    724
  1142    724
  1143    724
  1144    724
  1145    724
  1147    724
  1148    724
  1149    724
  1150    724
  1151    724
  1152    724
  1153    724
  1154    724
  1155    724
  1156    724
  1157    724
  1158    724
  1159    724
  1160    724
  1163    724
  1166    724
  1167    724
  1168    724
  1169    724
  1170    724
  1171    724
  1172    724
  1173    724
  1174    724
  1175    724
  1176    724
  1177    724
  1178    724
  1179    724
  1180    724
  1181    724
  1182    724
  1183    724
  1184    724
  1185    724
  1186    724
  1187    724
  1189    724
  1190    724
  1191    724
  1201    724
  1202    724
  1203    724
  1204    724
  1205    724
  1206    724
  1207    724
  1208    724
  1209    724
  1210    724
  1211    724
  1212    724
  1213    724
  1214    724
  1215    724
  1216    724
  1217    724
  1218    724
  1219    724
  1220    724
  1221    724
  1222    724
  1223    724
  1224    724
  1225    724
  1226    724
  1227    724
  1231    724
  1232    724
  1233    724
  1234    724
  1235    724
  1236    724
  1237    724
  1238    724
  1239    724
  1240    724
  1241    724
  1243    724
  1245    724
  1246    724
  1247    724
  1248    724
  1249    724
  1250    724
  1251    724
  1252    724
  1253    724
  1254    724
  1255    724
  1256    724
  1257    724
  1258    724
  1259    724
  1260    724
  1261    724
  1263    724
  1264    724
  1265    724
  1266    724
  1267    724
  1268    724
  1269    724
  1270    724
  1271    724
  1272    724
  1274    724
  1275    724
  1276    724
  1277    724
  1278    724
  1286    724
  1287    724
  1288    724
  1289    724
  1290    724
  1291    724
  1292    724
  1293    724
  1294    724
  1295    724
  1296    724
  1297    724
  1298    724
  1299    724
  1300    724
  1301    724
  1302    724
  1303    724
  1312    724
  1318    724
  1321    724
  1322    724
  1326    724
  1328    724
  1329    724
  1330    724
  1331    724
  1332    724
  1333    724
  1334    724
  1335    724
  1336    724
  1337    724
  1338    724
  1339    724
  1340    724
  1341    724
  1342    724
  1343    724
  1353    724
  1354    724
  1355    724
  1356    724
  1357    724
  1358    724
  1359    724
  1360    724
  1361    724
  1362    724
  1363    724
  1364    724
  1365    724
  1366    724
  1367    724
  1368    724
  1369    724
  1370    724
  1371    724
  1372    724
  1373    724
  1374    724
  1375    724
  1376    724
  1377    724
  1378    724
  1379    724
  1380    724
  1381    724
  1382    724
  1383    724
  1384    724
  1385    724
  1386    724
  1387    724
  1388    724
  1389    724
  1390    724
  1391    724
  1392    724
  1393    724
  1394    724
  1395    724
  1398    724
  1399    724
  1400    724
  1401    724
  1409    724
  1410    724
  1411    724
  1412    724
  1413    724
  1414    724
  1415    724
  1416    724
  1417    724
  1418    724
  1419    724
   820    725
   827    725
   828    725
   829    725
   845    725
   846    725
   847    725
   871    725
   872    725
   873    725
   883    725
   884    725
   885    725
   886    725
   887    725
   888    725
   895    725
   896    725
   897    725
   898    725
   899    725
   900    725
   901    725
   902    725
   903    725
   904    725
   905    725
   906    725
   907    725
   908    725
   909    725
   910    725
   911    725
   912    725
   913    725
   914    725
   915    725
   916    725
   917    725
   918    725
   919    725
   920    725
   921    725
   922    725
   923    725
   924    725
   925    725
   926    725
   927    725
   928    725
   929    725
   930    725
   931    725
   932    725
   933    725
   934    725
   935    725
   936    725
   937    725
   938    725
   939    725
   940    725
   943    725
   944    725
   945    725
   946    725
   947    725
   948    725
   949    725
   950    725
   951    725
   952    725
   953    725
   954    725
   955    725
   956    725
   957    725
   958    725
   959    725
   960    725
   961    725
   962    725
   963    725
   964    725
   965    725
   966    725
   967    725
   968    725
   969    725
   970    725
   971    725
   972    725
   973    725
   974    725
   975    725
   976    725
   977    725
   978    725
   979    725
   980    725
   981    725
   982    725
   983    725
   984    725
   985    725
   986    725
   987    725
   988    725
   989    725
   990    725
   991    725
   992    725
   993    725
   994    725
  1007    725
  1008    725
  1009    725
  1010    725
  1011    725
  1012    725
  1013    725
  1014    725
  1015    725
  1016    725
  1017    725
  1018    725
  1019    725
  1020    725
  1021    725
  1022    725
  1023    725
  1024    725
  1025    725
  1026    725
  1027    725
  1028    725
  1029    725
  1030    725
  1031    725
  1032    725
  1033    725
  1034    725
  1035    725
  1036    725
  1037    725
  1038    725
  1039    725
  1040    725
  1041    725
  1042    725
  1043    725
  1044    725
  1045    725
  1046    725
  1047    725
  1048    725
  1049    725
  1050    725
  1051    725
  1052    725
  1053    725
  1054    725
  1055    725
  1056    725
  1059    725
  1060    725
  1061    725
  1062    725
  1063    725
  1064    725
  1065    725
  1066    725
  1071    725
  1072    725
  1073    725
  1074    725
  1075    725
  1076    725
  1077    725
  1078    725
  1079    725
  1080    725
  1081    725
  1082    725
  1083    725
  1084    725
  1085    725
  1086    725
  1087    725
  1088    725
  1089    725
  1090    725
  1091    725
  1092    725
  1093    725
  1094    725
  1095    725
  1096    725
  1097    725
  1098    725
  1099    725
  1100    725
  1101    725
  1102    725
  1103    725
  1104    725
  1105    725
  1106    725
  1107    725
  1108    725
  1109    725
  1110    725
  1111    725
  1112    725
  1125    725
  1126    725
  1127    725
  1128    725
  1129    725
  1130    725
  1134    725
  1135    725
  1136    725
  1137    725
  1138    725
  1139    725
  1140    725
  1141    725
  1142    725
  1143    725
  1144    725
  1145    725
  1146    725
  1147    725
  1148    725
  1149    725
  1150    725
  1151    725
  1152    725
  1153    725
  1154    725
  1155    725
  1156    725
  1157    725
  1158    725
  1159    725
  1160    725
  1161    725
  1162    725
  1163    725
  1164    725
  1165    725
  1166    725
  1167    725
  1168    725
  1169    725
  1170    725
  1171    725
  1172    725
  1173    725
  1174    725
  1175    725
  1176    725
  1177    725
  1178    725
  1179    725
  1180    725
  1181    725
  1182    725
  1183    725
  1184    725
  1185    725
  1186    725
  1187    725
  1188    725
  1189    725
  1190    725
  1191    725
  1192    725
  1193    725
  1194    725
  1199    725
  1200    725
  1201    725
  1202    725
  1203    725
  1204    725
  1205    725
  1206    725
  1207    725
  1208    725
  1209    725
  1210    725
  1211    725
  1212    725
  1213    725
  1214    725
  1215    725
  1216    725
  1217    725
  1218    725
  1219    725
  1220    725
  1221    725
  1222    725
  1223    725
  1224    725
  1225    725
  1226    725
  1227    725
  1228    725
  1229    725
  1230    725
  1231    725
  1232    725
  1233    725
  1234    725
  1235    725
  1236    725
  1237    725
  1238    725
  1239    725
  1240    725
  1241    725
  1242    725
  1243    725
  1244    725
  1245    725
  1246    725
  1247    725
  1248    725
  1249    725
  1250    725
  1251    725
  1252    725
  1253    725
  1254    725
  1255    725
  1256    725
  1257    725
  1258    725
  1259    725
  1260    725
  1261    725
  1262    725
  1263    725
  1264    725
  1265    725
  1266    725
  1267    725
  1268    725
  1269    725
  1270    725
  1271    725
  1272    725
  1273    725
  1274    725
  1275    725
  1276    725
  1277    725
  1278    725
  1279    725
  1285    725
  1286    725
  1287    725
  1288    725
  1289    725
  1290    725
  1291    725
  1292    725
  1293    725
  1294    725
  1295    725
  1296    725
  1297    725
  1298    725
  1299    725
  1300    725
  1301    725
  1302    725
  1303    725
  1304    725
  1305    725
  1306    725
  1307    725
  1308    725
  1309    725
  1310    725
  1311    725
  1312    725
  1313    725
  1314    725
  1315    725
  1316    725
  1317    725
  1318    725
  1319    725
  1320    725
  1321    725
  1322    725
  1323    725
  1324    725
  1325    725
  1326    725
  1327    725
  1328    725
  1329    725
  1330    725
  1331    725
  1332    725
  1333    725
  1334    725
  1335    725
  1336    725
  1337    725
  1338    725
  1339    725
  1340    725
  1353    725
  1354    725
  1355    725
  1358    725
  1359    725
  1360    725
  1361    725
  1362    725
  1363    725
  1364    725
  1365    725
  1366    725
  1367    725
  1368    725
  1369    725
  1370    725
  1371    725
  1372    725
  1373    725
  1396    725
  1397    725
  1398    725
  1407    725
  1408    725
  1409    725
  1415    725
  1416    725
  1417    725
  1418    725
   818    726
   819    726
   820    726
   821    726
   822    726
   823    726
   824    726
   831    726
   832    726
   833    726
   900    726
   901    726
   902    726
   905    726
   906    726
   907    726
   908    726
   909    726
   910    726
   911    726
   919    726
   920    726
   921    726
   922    726
   923    726
   924    726
   925    726
   926    726
   927    726
   928    726
   929    726
   930    726
   931    726
   932    726
   933    726
   934    726
   935    726
   936    726
   937    726
   938    726
   943    726
   944    726
   945    726
   946    726
   947    726
   959    726
   960    726
   961    726
   962    726
   963    726
   964    726
   965    726
   966    726
   967    726
   968    726
   969    726
   970    726
   971    726
   972    726
   973    726
   974    726
   975    726
   976    726
   977    726
   978    726
   979    726
   980    726
   981    726
   982    726
   983    726
   984    726
   985    726
   986    726
   987    726
   988    726
   989    726
   990    726
   991    726
   992    726
   993    726
   994    726
   995    726
   996    726
   997    726
   998    726
  1003    726
  1004    726
  1005    726
  1006    726
  1007    726
  1008    726
  1009    726
  1010    726
  1011    726
  1012    726
  1013    726
  1014    726
  1015    726
  1016    726
  1017    726
  1018    726
  1019    726
  1020    726
  1021    726
  1022    726
  1023    726
  1024    726
  1025    726
  1026    726
  1027    726
  1028    726
  1029    726
  1030    726
  1031    726
  1032    726
  1033    726
  1034    726
  1035    726
  1036    726
  1037    726
  1038    726
  1039    726
  1040    726
  1041    726
  1042    726
  1043    726
  1044    726
  1045    726
  1046    726
  1047    726
  1048    726
  1049    726
  1050    726
  1051    726
  1052    726
  1053    726
  1054    726
  1057    726
  1058    726
  1059    726
  1060    726
  1061    726
  1062    726
  1063    726
  1064    726
  1065    726
  1066    726
  1071    726
  1072    726
  1073    726
  1074    726
  1075    726
  1076    726
  1077    726
  1078    726
  1079    726
  1080    726
  1081    726
  1082    726
  1083    726
  1084    726
  1085    726
  1086    726
  1087    726
  1088    726
  1089    726
  1090    726
  1091    726
  1092    726
  1093    726
  1094    726
  1095    726
  1096    726
  1097    726
  1098    726
  1099    726
  1100    726
  1101    726
  1102    726
  1103    726
  1104    726
  1105    726
  1106    726
  1107    726
  1108    726
  1109    726
  1110    726
  1111    726
  1112    726
  1113    726
  1114    726
  1121    726
  1122    726
  1123    726
  1124    726
  1125    726
  1126    726
  1127    726
  1128    726
  1129    726
  1130    726
  1131    726
  1132    726
  1133    726
  1134    726
  1135    726
  1136    726
  1137    726
  1138    726
  1139    726
  1140    726
  1141    726
  1142    726
  1143    726
  1144    726
  1145    726
  1146    726
  1147    726
  1148    726
  1149    726
  1150    726
  1151    726
  1152    726
  1153    726
  1154    726
  1155    726
  1156    726
  1157    726
  1158    726
  1159    726
  1160    726
  1161    726
  1162    726
  1163    726
  1164    726
  1165    726
  1166    726
  1167    726
  1168    726
  1169    726
  1170    726
  1171    726
  1172    726
  1173    726
  1174    726
  1175    726
  1176    726
  1177    726
  1178    726
  1179    726
  1180    726
  1181    726
  1182    726
  1183    726
  1184    726
  1185    726
  1186    726
  1187    726
  1188    726
  1189    726
  1190    726
  1191    726
  1192    726
  1193    726
  1194    726
  1200    726
  1201    726
  1202    726
  1203    726
  1204    726
  1205    726
  1206    726
  1207    726
  1208    726
  1209    726
  1210    726
  1211    726
  1212    726
  1213    726
  1214    726
  1215    726
  1216    726
  1217    726
  1218    726
  1219    726
  1220    726
  1221    726
  1222    726
  1223    726
  1224    726
  1225    726
  1226    726
  1227    726
  1228    726
  1229    726
  1230    726
  1231    726
  1232    726
  1233    726
  1234    726
  1235    726
  1236    726
  1237    726
  1238    726
  1239    726
  1240    726
  1241    726
  1242    726
  1243    726
  1244    726
  1245    726
  1246    726
  1247    726
  1248    726
  1249    726
  1250    726
  1251    726
  1252    726
  1253    726
  1254    726
  1255    726
  1256    726
  1257    726
  1258    726
  1259    726
  1260    726
  1262    726
  1263    726
  1264    726
  1265    726
  1266    726
  1267    726
  1268    726
  1269    726
  1270    726
  1271    726
  1272    726
  1274    726
  1275    726
  1276    726
  1277    726
  1278    726
  1287    726
  1288    726
  1289    726
  1290    726
  1291    726
  1292    726
  1293    726
  1294    726
  1295    726
  1296    726
  1297    726
  1298    726
  1299    726
  1300    726
  1301    726
  1302    726
  1303    726
  1304    726
  1305    726
  1306    726
  1307    726
  1308    726
  1309    726
  1314    726
  1315    726
  1316    726
  1317    726
  1318    726
  1319    726
  1320    726
  1321    726
  1322    726
  1323    726
  1324    726
  1325    726
  1326    726
  1327    726
  1328    726
  1329    726
  1330    726
  1331    726
  1362    726
  1363    726
  1364    726
  1365    726
   818    727
   819    727
   820    727
   821    727
   822    727
   823    727
   824    727
   825    727
   826    727
   827    727
   828    727
   829    727
   946    727
   947    727
   948    727
   949    727
   950    727
   951    727
   952    727
   959    727
   960    727
   961    727
   962    727
   963    727
   964    727
   965    727
   966    727
   967    727
   968    727
   969    727
   970    727
   971    727
   972    727
   973    727
   974    727
   975    727
   976    727
   977    727
   978    727
   979    727
   980    727
   981    727
   982    727
   983    727
   984    727
   985    727
   986    727
   987    727
   988    727
   989    727
   990    727
   991    727
   992    727
   993    727
   994    727
   995    727
   996    727
   997    727
   998    727
  1002    727
  1003    727
  1004    727
  1005    727
  1006    727
  1007    727
  1008    727
  1009    727
  1010    727
  1011    727
  1012    727
  1013    727
  1014    727
  1015    727
  1016    727
  1017    727
  1018    727
  1019    727
  1020    727
  1021    727
  1022    727
  1023    727
  1024    727
  1025    727
  1026    727
  1027    727
  1028    727
  1029    727
  1030    727
  1031    727
  1032    727
  1033    727
  1034    727
  1035    727
  1036    727
  1037    727
  1038    727
  1039    727
  1040    727
  1041    727
  1042    727
  1043    727
  1044    727
  1045    727
  1046    727
  1047    727
  1048    727
  1049    727
  1050    727
  1051    727
  1052    727
  1053    727
  1054    727
  1055    727
  1056    727
  1057    727
  1058    727
  1059    727
  1060    727
  1061    727
  1062    727
  1063    727
  1064    727
  1065    727
  1066    727
  1067    727
  1068    727
  1071    727
  1072    727
  1073    727
  1074    727
  1075    727
  1076    727
  1077    727
  1078    727
  1079    727
  1080    727
  1081    727
  1082    727
  1083    727
  1084    727
  1085    727
  1086    727
  1087    727
  1088    727
  1089    727
  1090    727
  1091    727
  1092    727
  1093    727
  1094    727
  1095    727
  1096    727
  1097    727
  1098    727
  1099    727
  1100    727
  1101    727
  1102    727
  1103    727
  1104    727
  1105    727
  1106    727
  1107    727
  1108    727
  1109    727
  1110    727
  1111    727
  1112    727
  1113    727
  1114    727
  1115    727
  1116    727
  1117    727
  1118    727
  1123    727
  1124    727
  1125    727
  1126    727
  1127    727
  1128    727
  1129    727
  1130    727
  1131    727
  1132    727
  1133    727
  1134    727
  1135    727
  1136    727
  1137    727
  1138    727
  1139    727
  1140    727
  1141    727
  1142    727
  1143    727
  1144    727
  1145    727
  1146    727
  1147    727
  1148    727
  1149    727
  1150    727
  1151    727
  1152    727
  1153    727
  1154    727
  1155    727
  1156    727
  1157    727
  1158    727
  1159    727
  1160    727
  1161    727
  1162    727
  1163    727
  1164    727
  1167    727
  1168    727
  1169    727
  1170    727
  1171    727
  1172    727
  1173    727
  1174    727
  1175    727
  1176    727
  1177    727
  1178    727
  1179    727
  1180    727
  1181    727
  1182    727
  1183    727
  1184    727
  1185    727
  1186    727
  1187    727
  1188    727
  1189    727
  1190    727
  1191    727
  1192    727
  1193    727
  1194    727
  1195    727
  1196    727
  1198    727
  1199    727
  1200    727
  1201    727
  1202    727
  1203    727
  1204    727
  1205    727
  1206    727
  1207    727
  1208    727
  1209    727
  1210    727
  1211    727
  1212    727
  1213    727
  1214    727
  1215    727
  1216    727
  1217    727
  1218    727
  1219    727
  1220    727
  1221    727
  1222    727
  1223    727
  1224    727
  1225    727
  1226    727
  1227    727
  1228    727
  1230    727
  1231    727
  1232    727
  1233    727
  1234    727
  1235    727
  1236    727
  1237    727
  1238    727
  1239    727
  1240    727
  1241    727
  1242    727
  1243    727
  1244    727
  1245    727
  1246    727
  1247    727
  1248    727
  1249    727
  1250    727
  1251    727
  1252    727
  1253    727
  1254    727
  1255    727
  1256    727
  1257    727
  1258    727
  1259    727
  1264    727
  1265    727
  1266    727
  1267    727
  1268    727
  1269    727
  1270    727
  1271    727
  1272    727
  1273    727
  1274    727
  1275    727
  1276    727
  1277    727
  1292    727
  1293    727
  1294    727
  1295    727
  1296    727
  1297    727
  1298    727
  1299    727
  1300    727
  1301    727
  1302    727
  1303    727
  1304    727
  1310    727
  1311    727
  1312    727
  1313    727
  1315    727
  1316    727
  1317    727
  1318    727
  1393    727
  1394    727
  1395    727
  1396    727
  1397    727
  1401    727
  1402    727
  1403    727
  1426    727
  1427    727
  1428    727
  1476    727
  1477    727
  1478    727
  1479    727
   821    728
   822    728
   823    728
   824    728
   825    728
   826    728
   827    728
   828    728
   829    728
   830    728
   831    728
   832    728
   840    728
   841    728
   842    728
   959    728
   960    728
   961    728
   962    728
   963    728
   964    728
   965    728
   966    728
   967    728
   968    728
   969    728
   970    728
   971    728
   972    728
   973    728
   974    728
   975    728
   976    728
   977    728
   978    728
   979    728
   980    728
   981    728
   982    728
   983    728
   984    728
   985    728
   986    728
   987    728
   988    728
   989    728
   990    728
   991    728
   992    728
   993    728
   994    728
   995    728
   996    728
   997    728
   998    728
   999    728
  1000    728
  1001    728
  1002    728
  1003    728
  1004    728
  1005    728
  1006    728
  1007    728
  1008    728
  1009    728
  1010    728
  1011    728
  1012    728
  1013    728
  1014    728
  1015    728
  1016    728
  1017    728
  1018    728
  1019    728
  1020    728
  1021    728
  1022    728
  1023    728
  1024    728
  1025    728
  1026    728
  1027    728
  1028    728
  1029    728
  1030    728
  1031    728
  1032    728
  1033    728
  1034    728
  1035    728
  1036    728
  1038    728
  1039    728
  1040    728
  1041    728
  1042    728
  1043    728
  1044    728
  1045    728
  1046    728
  1047    728
  1048    728
  1049    728
  1050    728
  1051    728
  1052    728
  1053    728
  1054    728
  1055    728
  1056    728
  1057    728
  1058    728
  1059    728
  1060    728
  1061    728
  1062    728
  1063    728
  1064    728
  1065    728
  1066    728
  1067    728
  1068    728
  1069    728
  1070    728
  1071    728
  1072    728
  1073    728
  1074    728
  1075    728
  1076    728
  1077    728
  1078    728
  1079    728
  1081    728
  1082    728
  1083    728
  1084    728
  1085    728
  1086    728
  1087    728
  1088    728
  1089    728
  1090    728
  1091    728
  1092    728
  1093    728
  1094    728
  1095    728
  1096    728
  1097    728
  1098    728
  1099    728
  1100    728
  1101    728
  1102    728
  1103    728
  1104    728
  1105    728
  1106    728
  1107    728
  1108    728
  1109    728
  1110    728
  1111    728
  1112    728
  1113    728
  1114    728
  1115    728
  1116    728
  1117    728
  1118    728
  1119    728
  1120    728
  1121    728
  1122    728
  1123    728
  1124    728
  1125    728
  1126    728
  1127    728
  1128    728
  1129    728
  1130    728
  1131    728
  1132    728
  1133    728
  1134    728
  1135    728
  1136    728
  1137    728
  1138    728
  1139    728
  1140    728
  1141    728
  1142    728
  1143    728
  1144    728
  1145    728
  1146    728
  1147    728
  1148    728
  1149    728
  1150    728
  1151    728
  1152    728
  1153    728
  1154    728
  1155    728
  1156    728
  1157    728
  1158    728
  1159    728
  1160    728
  1161    728
  1162    728
  1167    728
  1168    728
  1169    728
  1170    728
  1171    728
  1172    728
  1175    728
  1177    728
  1178    728
  1179    728
  1180    728
  1181    728
  1182    728
  1183    728
  1184    728
  1185    728
  1186    728
  1187    728
  1188    728
  1189    728
  1190    728
  1191    728
  1192    728
  1193    728
  1194    728
  1195    728
  1196    728
  1200    728
  1201    728
  1205    728
  1206    728
  1207    728
  1208    728
  1209    728
  1210    728
  1211    728
  1212    728
  1213    728
  1214    728
  1215    728
  1216    728
  1217    728
  1218    728
  1219    728
  1220    728
  1221    728
  1222    728
  1223    728
  1224    728
  1225    728
  1226    728
  1227    728
  1228    728
  1229    728
  1230    728
  1231    728
  1232    728
  1233    728
  1234    728
  1235    728
  1236    728
  1237    728
  1239    728
  1240    728
  1241    728
  1242    728
  1243    728
  1244    728
  1245    728
  1246    728
  1247    728
  1248    728
  1255    728
  1256    728
  1257    728
  1258    728
  1259    728
  1260    728
  1268    728
  1269    728
  1270    728
  1271    728
  1275    728
  1276    728
  1277    728
  1278    728
  1279    728
  1287    728
  1288    728
  1289    728
  1290    728
  1291    728
  1293    728
  1294    728
  1295    728
  1296    728
  1297    728
  1298    728
  1299    728
  1300    728
  1301    728
  1302    728
  1303    728
  1304    728
  1305    728
  1308    728
  1309    728
  1310    728
  1337    728
  1338    728
  1339    728
  1340    728
  1366    728
  1367    728
  1368    728
  1369    728
  1370    728
  1387    728
  1388    728
  1389    728
  1393    728
  1394    728
  1395    728
  1396    728
  1397    728
  1398    728
  1399    728
  1400    728
  1407    728
  1408    728
  1409    728
  1415    728
  1416    728
  1417    728
  1418    728
  1419    728
  1420    728
  1421    728
  1422    728
  1423    728
  1424    728
  1425    728
  1426    728
  1427    728
  1428    728
  1429    728
  1432    728
  1433    728
  1434    728
  1435    728
  1436    728
  1438    728
  1439    728
  1440    728
  1447    728
  1448    728
  1449    728
  1450    728
  1452    728
  1453    728
  1454    728
  1455    728
  1456    728
  1457    728
  1458    728
  1459    728
   825    729
   826    729
   827    729
   828    729
   829    729
   830    729
   831    729
   832    729
   833    729
   834    729
   835    729
   836    729
   841    729
   842    729
   843    729
   844    729
   959    729
   960    729
   964    729
   965    729
   966    729
   967    729
   968    729
   971    729
   972    729
   973    729
   974    729
   975    729
   976    729
   979    729
   980    729
   981    729
   982    729
   983    729
   984    729
   985    729
   986    729
   987    729
   988    729
   989    729
   990    729
   991    729
   992    729
   993    729
   994    729
   995    729
   996    729
  1001    729
  1002    729
  1003    729
  1004    729
  1005    729
  1006    729
  1007    729
  1008    729
  1009    729
  1010    729
  1011    729
  1012    729
  1013    729
  1014    729
  1015    729
  1016    729
  1017    729
  1018    729
  1019    729
  1020    729
  1021    729
  1022    729
  1023    729
  1024    729
  1025    729
  1026    729
  1027    729
  1028    729
  1029    729
  1030    729
  1031    729
  1032    729
  1033    729
  1034    729
  1035    729
  1036    729
  1037    729
  1038    729
  1039    729
  1040    729
  1041    729
  1042    729
  1043    729
  1044    729
  1045    729
  1046    729
  1047    729
  1048    729
  1049    729
  1050    729
  1051    729
  1052    729
  1053    729
  1054    729
  1055    729
  1056    729
  1057    729
  1058    729
  1059    729
  1060    729
  1061    729
  1062    729
  1063    729
  1064    729
  1065    729
  1066    729
  1067    729
  1068    729
  1069    729
  1070    729
  1071    729
  1072    729
  1073    729
  1074    729
  1075    729
  1076    729
  1081    729
  1082    729
  1083    729
  1084    729
  1085    729
  1086    729
  1087    729
  1088    729
  1089    729
  1090    729
  1091    729
  1092    729
  1093    729
  1094    729
  1095    729
  1096    729
  1097    729
  1098    729
  1099    729
  1100    729
  1101    729
  1102    729
  1103    729
  1104    729
  1105    729
  1106    729
  1107    729
  1108    729
  1109    729
  1110    729
  1111    729
  1112    729
  1113    729
  1114    729
  1115    729
  1116    729
  1117    729
  1118    729
  1119    729
  1120    729
  1121    729
  1122    729
  1123    729
  1124    729
  1125    729
  1126    729
  1127    729
  1128    729
  1129    729
  1130    729
  1131    729
  1132    729
  1133    729
  1134    729
  1135    729
  1136    729
  1137    729
  1138    729
  1139    729
  1140    729
  1141    729
  1142    729
  1143    729
  1144    729
  1145    729
  1146    729
  1147    729
  1148    729
  1149    729
  1150    729
  1151    729
  1152    729
  1155    729
  1156    729
  1157    729
  1158    729
  1159    729
  1160    729
  1161    729
  1162    729
  1167    729
  1168    729
  1169    729
  1170    729
  1171    729
  1172    729
  1183    729
  1184    729
  1185    729
  1186    729
  1187    729
  1188    729
  1189    729
  1190    729
  1191    729
  1192    729
  1193    729
  1194    729
  1195    729
  1196    729
  1197    729
  1198    729
  1199    729
  1200    729
  1201    729
  1202    729
  1203    729
  1204    729
  1209    729
  1210    729
  1211    729
  1212    729
  1213    729
  1214    729
  1215    729
  1216    729
  1217    729
  1218    729
  1219    729
  1220    729
  1221    729
  1222    729
  1223    729
  1224    729
  1225    729
  1226    729
  1227    729
  1228    729
  1229    729
  1230    729
  1231    729
  1232    729
  1241    729
  1242    729
  1243    729
  1244    729
  1245    729
  1246    729
  1247    729
  1248    729
  1249    729
  1250    729
  1251    729
  1252    729
  1253    729
  1254    729
  1255    729
  1256    729
  1257    729
  1258    729
  1259    729
  1260    729
  1261    729
  1262    729
  1271    729
  1272    729
  1273    729
  1274    729
  1275    729
  1276    729
  1277    729
  1278    729
  1279    729
  1280    729
  1295    729
  1296    729
  1297    729
  1298    729
  1311    729
  1312    729
  1313    729
  1341    729
  1342    729
  1343    729
  1344    729
  1345    729
  1346    729
  1347    729
  1348    729
  1349    729
  1435    729
  1436    729
  1437    729
  1438    729
  1449    729
  1450    729
  1451    729
  1452    729
  1484    729
  1485    729
  1486    729
  1487    729
  1488    729
  1489    729
  1490    729
  1491    729
  1492    729
  1493    729
  1494    729
  1495    729
  1496    729
  1497    729
  1498    729
  1499    729
  1500    729
  1501    729
  1502    729
  1503    729
  1504    729
  1505    729
  1506    729
  1507    729
  1508    729
  1509    729
  1510    729
  1511    729
  1512    729
  1513    729
  1514    729
  1515    729
  1516    729
  1517    729
  1518    729
  1519    729
  1520    729
  1521    729
  1522    729
  1523    729
  1524    729
   827    730
   828    730
   829    730
   830    730
   831    730
   832    730
   833    730
   834    730
   835    730
   836    730
   837    730
   846    730
   847    730
   848    730
   964    730
   965    730
   966    730
   984    730
   985    730
   986    730
   987    730
   990    730
   991    730
   992    730
   993    730
   994    730
  1002    730
  1003    730
  1004    730
  1005    730
  1006    730
  1007    730
  1008    730
  1009    730
  1010    730
  1011    730
  1012    730
  1013    730
  1014    730
  1015    730
  1016    730
  1017    730
  1018    730
  1019    730
  1022    730
  1023    730
  1024    730
  1031    730
  1032    730
  1033    730
  1034    730
  1035    730
  1036    730
  1037    730
  1038    730
  1039    730
  1040    730
  1041    730
  1042    730
  1043    730
  1044    730
  1045    730
  1046    730
  1047    730
  1048    730
  1049    730
  1050    730
  1051    730
  1052    730
  1053    730
  1054    730
  1055    730
  1056    730
  1057    730
  1058    730
  1059    730
  1060    730
  1061    730
  1062    730
  1063    730
  1064    730
  1065    730
  1066    730
  1067    730
  1068    730
  1069    730
  1070    730
  1071    730
  1072    730
  1073    730
  1074    730
  1075    730
  1076    730
  1082    730
  1083    730
  1084    730
  1085    730
  1086    730
  1087    730
  1088    730
  1089    730
  1090    730
  1091    730
  1092    730
  1093    730
  1094    730
  1095    730
  1096    730
  1097    730
  1098    730
  1099    730
  1100    730
  1101    730
  1102    730
  1103    730
  1104    730
  1105    730
  1106    730
  1107    730
  1108    730
  1109    730
  1110    730
  1111    730
  1112    730
  1113    730
  1114    730
  1115    730
  1116    730
  1117    730
  1118    730
  1119    730
  1120    730
  1121    730
  1122    730
  1123    730
  1124    730
  1125    730
  1126    730
  1127    730
  1128    730
  1129    730
  1130    730
  1131    730
  1132    730
  1133    730
  1134    730
  1135    730
  1136    730
  1137    730
  1138    730
  1139    730
  1140    730
  1141    730
  1142    730
  1143    730
  1144    730
  1146    730
  1147    730
  1148    730
  1149    730
  1171    730
  1172    730
  1173    730
  1174    730
  1183    730
  1184    730
  1185    730
  1186    730
  1191    730
  1192    730
  1193    730
  1194    730
  1223    730
  1224    730
  1225    730
  1226    730
  1227    730
  1228    730
  1229    730
  1230    730
  1231    730
  1232    730
  1247    730
  1248    730
  1249    730
  1262    730
  1263    730
  1264    730
  1274    730
  1275    730
  1276    730
  1277    730
  1278    730
  1279    730
  1280    730
  1281    730
  1282    730
  1283    730
  1286    730
  1287    730
  1288    730
  1289    730
  1290    730
  1333    730
  1334    730
  1335    730
  1336    730
  1337    730
  1340    730
  1341    730
  1342    730
  1343    730
  1344    730
  1345    730
  1346    730
  1347    730
  1348    730
  1349    730
  1392    730
  1393    730
  1394    730
  1458    730
  1459    730
  1460    730
  1461    730
  1462    730
  1463    730
  1464    730
  1465    730
  1466    730
  1467    730
  1468    730
  1469    730
  1470    730
  1471    730
  1472    730
  1473    730
  1474    730
  1475    730
  1476    730
  1477    730
  1478    730
  1479    730
  1480    730
  1481    730
  1482    730
  1483    730
  1484    730
  1485    730
  1486    730
  1487    730
  1488    730
  1489    730
  1490    730
  1491    730
  1492    730
  1493    730
  1494    730
  1495    730
  1496    730
  1497    730
  1498    730
  1499    730
  1500    730
  1501    730
  1502    730
  1503    730
  1504    730
  1505    730
  1506    730
  1507    730
  1508    730
  1509    730
  1510    730
  1511    730
  1512    730
  1513    730
  1514    730
  1515    730
  1516    730
  1517    730
  1518    730
  1519    730
  1520    730
   830    731
   831    731
   832    731
   833    731
   834    731
   835    731
   836    731
   837    731
   838    731
   839    731
   840    731
   846    731
   847    731
   848    731
   964    731
   965    731
   966    731
   969    731
   970    731
   971    731
   972    731
   982    731
   983    731
   984    731
   985    731
   986    731
   996    731
   997    731
   998    731
   999    731
  1000    731
  1001    731
  1006    731
  1007    731
  1008    731
  1009    731
  1010    731
  1011    731
  1012    731
  1013    731
  1014    731
  1015    731
  1016    731
  1017    731
  1023    731
  1024    731
  1025    731
  1026    731
  1027    731
  1028    731
  1029    731
  1030    731
  1031    731
  1032    731
  1036    731
  1037    731
  1038    731
  1039    731
  1040    731
  1041    731
  1042    731
  1043    731
  1044    731
  1045    731
  1046    731
  1047    731
  1051    731
  1052    731
  1055    731
  1056    731
  1057    731
  1058    731
  1059    731
  1060    731
  1061    731
  1062    731
  1063    731
  1064    731
  1065    731
  1066    731
  1067    731
  1068    731
  1069    731
  1070    731
  1071    731
  1072    731
  1073    731
  1074    731
  1075    731
  1076    731
  1082    731
  1083    731
  1084    731
  1085    731
  1086    731
  1087    731
  1088    731
  1089    731
  1090    731
  1091    731
  1092    731
  1093    731
  1094    731
  1095    731
  1096    731
  1097    731
  1098    731
  1099    731
  1100    731
  1101    731
  1102    731
  1103    731
  1104    731
  1105    731
  1106    731
  1107    731
  1108    731
  1109    731
  1110    731
  1111    731
  1112    731
  1113    731
  1114    731
  1115    731
  1116    731
  1117    731
  1118    731
  1119    731
  1120    731
  1121    731
  1122    731
  1123    731
  1124    731
  1125    731
  1126    731
  1127    731
  1128    731
  1129    731
  1130    731
  1131    731
  1132    731
  1133    731
  1134    731
  1135    731
  1136    731
  1137    731
  1138    731
  1139    731
  1140    731
  1141    731
  1142    731
  1143    731
  1144    731
  1147    731
  1148    731
  1149    731
  1150    731
  1151    731
  1152    731
  1153    731
  1154    731
  1155    731
  1156    731
  1157    731
  1158    731
  1159    731
  1160    731
  1161    731
  1162    731
  1163    731
  1164    731
  1166    731
  1167    731
  1176    731
  1177    731
  1216    731
  1217    731
  1218    731
  1219    731
  1220    731
  1221    731
  1222    731
  1231    731
  1232    731
  1233    731
  1234    731
  1235    731
  1236    731
  1237    731
  1238    731
  1239    731
  1240    731
  1241    731
  1249    731
  1250    731
  1251    731
  1271    731
  1272    731
  1273    731
  1274    731
  1275    731
  1276    731
  1277    731
  1278    731
  1279    731
  1280    731
  1420    731
  1421    731
  1422    731
  1423    731
  1424    731
  1425    731
  1426    731
  1427    731
  1428    731
  1429    731
  1430    731
  1431    731
  1432    731
  1433    731
  1434    731
  1435    731
  1436    731
  1437    731
  1438    731
  1439    731
  1440    731
  1441    731
  1442    731
  1443    731
  1444    731
  1445    731
  1446    731
  1447    731
  1448    731
  1449    731
  1450    731
  1451    731
  1452    731
  1453    731
  1454    731
  1455    731
  1456    731
  1457    731
  1458    731
  1459    731
  1460    731
  1461    731
  1462    731
  1463    731
  1464    731
  1465    731
  1466    731
  1467    731
  1468    731
  1469    731
  1470    731
  1471    731
  1472    731
  1473    731
  1474    731
  1475    731
  1476    731
  1477    731
  1478    731
  1479    731
  1480    731
  1481    731
  1482    731
  1483    731
  1484    731
  1485    731
  1486    731
  1487    731
  1488    731
  1489    731
  1490    731
  1491    731
  1492    731
  1493    731
  1494    731
  1495    731
  1496    731
  1497    731
  1498    731
  1499    731
  1500    731
  1501    731
  1502    731
  1503    731
  1504    731
  1505    731
  1506    731
  1507    731
  1508    731
  1509    731
  1510    731
  1511    731
  1512    731
  1513    731
  1514    731
  1515    731
  1516    731
  1517    731
  1518    731
  1519    731
  1520    731
   834    732
   835    732
   836    732
   837    732
   838    732
   839    732
   840    732
   841    732
   842    732
   843    732
   844    732
   845    732
   849    732
   850    732
   851    732
   999    732
  1000    732
  1001    732
  1044    732
  1045    732
  1049    732
  1050    732
  1051    732
  1052    732
  1053    732
  1056    732
  1057    732
  1062    732
  1063    732
  1064    732
  1065    732
  1066    732
  1067    732
  1068    732
  1069    732
  1070    732
  1083    732
  1084    732
  1085    732
  1086    732
  1087    732
  1088    732
  1089    732
  1090    732
  1091    732
  1092    732
  1096    732
  1097    732
  1098    732
  1099    732
  1100    732
  1101    732
  1102    732
  1104    732
  1105    732
  1107    732
  1108    732
  1109    732
  1110    732
  1111    732
  1112    732
  1113    732
  1114    732
  1115    732
  1116    732
  1117    732
  1118    732
  1119    732
  1120    732
  1121    732
  1122    732
  1123    732
  1124    732
  1125    732
  1126    732
  1127    732
  1128    732
  1129    732
  1130    732
  1131    732
  1132    732
  1133    732
  1134    732
  1135    732
  1136    732
  1137    732
  1138    732
  1139    732
  1140    732
  1141    732
  1142    732
  1143    732
  1170    732
  1171    732
  1172    732
  1174    732
  1175    732
  1176    732
  1177    732
  1178    732
  1179    732
  1180    732
  1181    732
  1182    732
  1183    732
  1184    732
  1185    732
  1186    732
  1187    732
  1188    732
  1189    732
  1190    732
  1191    732
  1192    732
  1193    732
  1194    732
  1195    732
  1196    732
  1197    732
  1198    732
  1199    732
  1200    732
  1201    732
  1202    732
  1203    732
  1204    732
  1205    732
  1206    732
  1207    732
  1208    732
  1209    732
  1210    732
  1211    732
  1212    732
  1213    732
  1214    732
  1215    732
  1216    732
  1217    732
  1218    732
  1219    732
  1220    732
  1221    732
  1222    732
  1223    732
  1224    732
  1225    732
  1226    732
  1227    732
  1228    732
  1229    732
  1230    732
  1231    732
  1232    732
  1233    732
  1234    732
  1235    732
  1236    732
  1237    732
  1238    732
  1239    732
  1240    732
  1241    732
  1242    732
  1243    732
  1244    732
  1245    732
  1246    732
  1247    732
  1248    732
  1273    732
  1274    732
  1275    732
  1276    732
  1290    732
  1291    732
  1304    732
  1305    732
  1306    732
  1308    732
  1309    732
  1310    732
  1311    732
  1328    732
  1329    732
  1330    732
  1345    732
  1346    732
  1347    732
  1348    732
  1349    732
  1391    732
  1392    732
  1393    732
  1394    732
  1395    732
  1396    732
  1397    732
  1398    732
  1399    732
  1400    732
  1401    732
  1402    732
  1403    732
  1404    732
  1405    732
  1406    732
  1407    732
  1408    732
  1409    732
  1410    732
  1411    732
  1412    732
  1413    732
  1414    732
  1415    732
  1416    732
  1417    732
  1418    732
  1419    732
  1420    732
  1421    732
  1422    732
  1423    732
  1424    732
  1425    732
  1426    732
  1427    732
  1428    732
  1429    732
  1430    732
  1431    732
  1432    732
  1433    732
  1434    732
  1435    732
  1436    732
  1437    732
  1438    732
  1439    732
  1440    732
  1441    732
  1442    732
  1443    732
  1444    732
  1445    732
  1446    732
  1447    732
  1448    732
  1449    732
  1450    732
  1451    732
  1452    732
  1453    732
  1454    732
  1455    732
  1456    732
  1457    732
  1458    732
  1459    732
  1460    732
  1461    732
  1462    732
  1463    732
  1464    732
  1465    732
  1466    732
  1467    732
  1468    732
  1469    732
  1470    732
  1471    732
  1472    732
  1473    732
  1474    732
  1475    732
  1476    732
  1477    732
  1478    732
  1479    732
  1480    732
  1481    732
  1482    732
  1483    732
  1484    732
  1485    732
  1486    732
  1487    732
  1488    732
  1489    732
  1490    732
  1491    732
  1492    732
  1493    732
  1494    732
  1495    732
  1496    732
  1497    732
   837    733
   838    733
   839    733
   840    733
   841    733
   842    733
   843    733
   844    733
   845    733
   846    733
   847    733
  1002    733
  1003    733
  1004    733
  1005    733
  1049    733
  1050    733
  1051    733
  1052    733
  1057    733
  1058    733
  1065    733
  1066    733
  1067    733
  1068    733
  1083    733
  1084    733
  1085    733
  1086    733
  1087    733
  1088    733
  1089    733
  1090    733
  1091    733
  1092    733
  1115    733
  1116    733
  1117    733
  1118    733
  1119    733
  1120    733
  1121    733
  1124    733
  1125    733
  1126    733
  1127    733
  1128    733
  1129    733
  1130    733
  1131    733
  1136    733
  1137    733
  1138    733
  1139    733
  1140    733
  1141    733
  1142    733
  1143    733
  1144    733
  1145    733
  1163    733
  1164    733
  1165    733
  1166    733
  1167    733
  1168    733
  1170    733
  1171    733
  1172    733
  1173    733
  1174    733
  1175    733
  1176    733
  1177    733
  1178    733
  1179    733
  1180    733
  1181    733
  1182    733
  1183    733
  1184    733
  1185    733
  1186    733
  1187    733
  1188    733
  1189    733
  1190    733
  1191    733
  1192    733
  1193    733
  1194    733
  1195    733
  1196    733
  1197    733
  1198    733
  1199    733
  1200    733
  1201    733
  1202    733
  1203    733
  1204    733
  1205    733
  1206    733
  1207    733
  1208    733
  1209    733
  1210    733
  1216    733
  1217    733
  1218    733
  1219    733
  1220    733
  1221    733
  1222    733
  1223    733
  1224    733
  1225    733
  1226    733
  1243    733
  1244    733
  1245    733
  1246    733
  1247    733
  1248    733
  1249    733
  1250    733
  1251    733
  1252    733
  1253    733
  1254    733
  1255    733
  1256    733
  1257    733
  1258    733
  1259    733
  1260    733
  1261    733
  1262    733
  1263    733
  1264    733
  1265    733
  1266    733
  1267    733
  1268    733
  1269    733
  1270    733
  1271    733
  1272    733
  1273    733
  1274    733
  1275    733
  1276    733
  1277    733
  1278    733
  1279    733
  1280    733
  1281    733
  1282    733
  1283    733
  1284    733
  1285    733
  1286    733
  1287    733
  1288    733
  1289    733
  1290    733
  1291    733
  1292    733
  1293    733
  1294    733
  1295    733
  1296    733
  1297    733
  1298    733
  1299    733
  1300    733
  1301    733
  1302    733
  1303    733
  1304    733
  1305    733
  1306    733
  1307    733
  1308    733
  1309    733
  1310    733
  1311    733
  1312    733
  1313    733
  1314    733
  1315    733
  1316    733
  1317    733
  1318    733
  1319    733
  1320    733
  1321    733
  1322    733
  1323    733
  1324    733
  1325    733
  1326    733
  1327    733
  1328    733
  1329    733
  1330    733
  1331    733
  1332    733
  1333    733
  1334    733
  1335    733
  1336    733
  1337    733
  1338    733
  1339    733
  1340    733
  1341    733
  1342    733
  1343    733
  1344    733
  1345    733
  1346    733
  1347    733
  1348    733
  1349    733
  1350    733
  1351    733
  1352    733
  1363    733
  1364    733
  1365    733
  1366    733
  1367    733
  1368    733
  1369    733
  1370    733
  1371    733
  1372    733
  1373    733
  1386    733
  1387    733
  1388    733
  1389    733
  1390    733
  1391    733
  1392    733
  1393    733
  1394    733
  1395    733
  1396    733
  1397    733
  1398    733
  1399    733
  1400    733
  1401    733
  1402    733
  1403    733
  1404    733
  1405    733
  1406    733
  1407    733
  1408    733
  1409    733
  1410    733
  1411    733
  1412    733
  1413    733
  1414    733
  1415    733
  1416    733
  1417    733
  1418    733
  1419    733
  1420    733
  1421    733
  1422    733
  1423    733
  1424    733
  1425    733
  1426    733
  1427    733
  1428    733
  1429    733
  1430    733
  1431    733
  1432    733
  1433    733
  1434    733
  1435    733
  1436    733
  1437    733
  1438    733
  1439    733
  1440    733
  1441    733
  1442    733
  1443    733
  1444    733
  1445    733
  1446    733
  1447    733
  1448    733
  1449    733
  1450    733
  1451    733
  1452    733
  1453    733
  1454    733
  1455    733
  1456    733
  1457    733
  1458    733
  1459    733
  1460    733
  1461    733
  1462    733
  1463    733
  1464    733
   839    734
   840    734
   841    734
   842    734
   843    734
   844    734
   845    734
   846    734
   847    734
   848    734
   849    734
  1085    734
  1086    734
  1087    734
  1088    734
  1112    734
  1113    734
  1114    734
  1115    734
  1116    734
  1117    734
  1118    734
  1119    734
  1120    734
  1121    734
  1122    734
  1123    734
  1130    734
  1135    734
  1136    734
  1137    734
  1138    734
  1195    734
  1196    734
  1197    734
  1198    734
  1199    734
  1200    734
  1201    734
  1202    734
  1203    734
  1204    734
  1205    734
  1206    734
  1207    734
  1208    734
  1209    734
  1210    734
  1211    734
  1212    734
  1213    734
  1214    734
  1215    734
  1216    734
  1217    734
  1218    734
  1219    734
  1220    734
  1221    734
  1222    734
  1223    734
  1224    734
  1225    734
  1226    734
  1227    734
  1228    734
  1229    734
  1230    734
  1231    734
  1232    734
  1233    734
  1234    734
  1235    734
  1236    734
  1237    734
  1238    734
  1239    734
  1240    734
  1241    734
  1242    734
  1243    734
  1244    734
  1245    734
  1246    734
  1247    734
  1248    734
  1249    734
  1250    734
  1251    734
  1252    734
  1253    734
  1254    734
  1255    734
  1256    734
  1257    734
  1258    734
  1259    734
  1260    734
  1261    734
  1262    734
  1263    734
  1264    734
  1265    734
  1266    734
  1267    734
  1268    734
  1269    734
  1270    734
  1271    734
  1272    734
  1273    734
  1274    734
  1275    734
  1276    734
  1277    734
  1278    734
  1279    734
  1280    734
  1281    734
  1282    734
  1283    734
  1284    734
  1285    734
  1286    734
  1287    734
  1288    734
  1289    734
  1290    734
  1291    734
  1292    734
  1293    734
  1294    734
  1295    734
  1296    734
  1297    734
  1298    734
  1299    734
  1300    734
  1301    734
  1302    734
  1303    734
  1304    734
  1305    734
  1306    734
  1307    734
  1308    734
  1309    734
  1310    734
  1311    734
  1312    734
  1313    734
  1314    734
  1315    734
  1316    734
  1317    734
  1318    734
  1319    734
  1320    734
  1321    734
  1322    734
  1323    734
  1324    734
  1325    734
  1326    734
  1327    734
  1328    734
  1329    734
  1330    734
  1331    734
  1332    734
  1333    734
  1334    734
  1335    734
  1336    734
  1337    734
  1338    734
  1339    734
  1340    734
  1341    734
  1342    734
  1343    734
  1344    734
  1345    734
  1346    734
  1347    734
  1348    734
  1349    734
  1350    734
  1351    734
  1352    734
  1353    734
  1354    734
  1355    734
  1356    734
  1357    734
  1358    734
  1359    734
  1361    734
  1362    734
  1363    734
  1364    734
  1365    734
  1366    734
  1367    734
  1370    734
  1371    734
  1372    734
  1373    734
  1374    734
  1375    734
  1376    734
  1385    734
  1386    734
  1387    734
  1388    734
  1389    734
  1390    734
  1391    734
  1392    734
  1393    734
  1394    734
  1395    734
  1396    734
  1397    734
  1398    734
  1399    734
  1400    734
  1401    734
  1402    734
  1403    734
  1404    734
  1405    734
  1406    734
  1407    734
  1408    734
  1409    734
  1410    734
  1411    734
  1412    734
  1413    734
  1414    734
  1415    734
  1416    734
  1417    734
  1418    734
  1419    734
  1459    734
  1460    734
  1461    734
   841    735
   842    735
   843    735
   844    735
   845    735
   846    735
   847    735
   848    735
   849    735
   850    735
   851    735
  1086    735
  1122    735
  1123    735
  1124    735
  1125    735
  1134    735
  1135    735
  1136    735
  1161    735
  1162    735
  1163    735
  1166    735
  1167    735
  1168    735
  1173    735
  1174    735
  1175    735
  1176    735
  1177    735
  1179    735
  1180    735
  1181    735
  1182    735
  1183    735
  1184    735
  1185    735
  1186    735
  1187    735
  1188    735
  1189    735
  1190    735
  1191    735
  1192    735
  1193    735
  1259    735
  1260    735
  1261    735
  1262    735
  1263    735
  1264    735
  1265    735
  1266    735
  1267    735
  1268    735
  1269    735
  1270    735
  1271    735
  1272    735
  1273    735
  1274    735
  1275    735
  1276    735
  1277    735
  1278    735
  1279    735
  1280    735
  1281    735
  1282    735
  1283    735
  1284    735
  1285    735
  1286    735
  1287    735
  1288    735
  1289    735
  1290    735
  1291    735
  1292    735
  1293    735
  1294    735
  1295    735
  1296    735
  1297    735
  1298    735
  1299    735
  1300    735
  1301    735
  1302    735
  1303    735
  1304    735
  1305    735
  1306    735
  1307    735
  1308    735
  1309    735
  1310    735
  1311    735
  1312    735
  1313    735
  1314    735
  1315    735
  1316    735
  1317    735
  1318    735
  1319    735
  1320    735
  1321    735
  1322    735
  1323    735
  1324    735
  1325    735
  1326    735
  1327    735
  1328    735
  1329    735
  1330    735
  1331    735
  1332    735
  1333    735
  1334    735
  1335    735
  1336    735
  1337    735
  1338    735
  1339    735
  1340    735
  1341    735
  1342    735
  1343    735
  1344    735
   843    736
   844    736
   845    736
   846    736
   847    736
   848    736
   849    736
   850    736
   851    736
   852    736
   853    736
   854    736
   855    736
   856    736
  1345    736
  1346    736
  1347    736
  1348    736
  1349    736
  1350    736
  1351    736
  1352    736
  1353    736
   845    737
   846    737
   847    737
   848    737
   849    737
   850    737
   851    737
   852    737
   853    737
   854    737
   855    737
   856    737
   857    737
  1271    737
  1272    737
  1273    737
  1274    737
  1275    737
  1276    737
  1277    737
  1278    737
  1285    737
  1286    737
  1287    737
  1288    737
  1301    737
  1302    737
  1303    737
  1304    737
  1344    737
  1345    737
  1346    737
  1347    737
   842    738
   843    738
   844    738
   845    738
   846    738
   847    738
   848    738
   849    738
   850    738
   851    738
   852    738
   853    738
   854    738
   855    738
   856    738
  1276    738
  1311    738
  1312    738
  1313    738
  1336    738
  1337    738
  1338    738
   848    739
   849    739
   850    739
   851    739
   852    739
   853    739
   854    739
   855    739
   856    739
   857    739
   849    740
   850    740
   851    740
   852    740
   853    740
   854    740
   855    740
   856    740
   857    740
   858    740
   850    741
   851    741
   852    741
   853    741
   854    741
   855    741
   856    741
   857    741
   858    741
   859    741
   851    742
   852    742
   853    742
   854    742
   855    742
   856    742
   857    742
   858    742
   859    742
   860    742
   852    743
   853    743
   854    743
   855    743
   856    743
   857    743
   858    743
   859    743
   860    743
   861    743
   852    744
   853    744
   854    744
   855    744
   856    744
   857    744
   858    744
   859    744
   860    744
   861    744
   862    744
   853    745
   854    745
   855    745
   856    745
   857    745
   858    745
   859    745
   860    745
   861    745
   862    745
   863    745
   854    746
   855    746
   856    746
   857    746
   858    746
   859    746
   860    746
   861    746
   862    746
   863    746
   854    747
   855    747
   856    747
   857    747
   858    747
   859    747
   860    747
   861    747
   862    747
   863    747
   854    748
   855    748
   856    748
   857    748
   858    748
   859    748
   860    748
   861    748
   862    748
   863    748
   852    749
   853    749
   854    749
   855    749
   856    749
   857    749
   858    749
   859    749
   860    749
   861    749
   862    749
   863    749
   864    749
   851    750
   852    750
   853    750
   854    750
   855    750
   856    750
   857    750
   858    750
   859    750
   860    750
   861    750
   862    750
   863    750
   853    751
   854    751
   855    751
   856    751
   857    751
   858    751
   859    751
   860    751
   861    751
   862    751
   863    751
   853    752
   854    752
   855    752
   856    752
   857    752
   858    752
   859    752
   860    752
   861    752
   862    752
   850    753
   851    753
   852    753
   853    753
   854    753
   855    753
   856    753
   857    753
   858    753
   859    753
   860    753
   861    753
   862    753
   852    754
   853    754
   854    754
   855    754
   856    754
   857    754
   858    754
   859    754
   860    754
   861    754
   862    754
   847    755
   848    755
   849    755
   851    755
   852    755
   853    755
   854    755
   855    755
   856    755
   857    755
   858    755
   859    755
   860    755
   861    755
   844    756
   845    756
   846    756
   847    756
   848    756
   849    756
   850    756
   851    756
   852    756
   853    756
   854    756
   855    756
   856    756
   857    756
   858    756
   859    756
   848    757
   849    757
   850    757
   851    757
   852    757
   853    757
   854    757
   855    757
   856    757
   857    757
   858    757
   842    758
   843    758
   844    758
   847    758
   848    758
   849    758
   850    758
   851    758
   852    758
   853    758
   854    758
   855    758
   856    758
   857    758
   846    759
   847    759
   848    759
   849    759
   850    759
   851    759
   852    759
   853    759
   854    759
   855    759
   844    760
   845    760
   846    760
   847    760
   848    760
   849    760
   850    760
   851    760
   852    760
   853    760
   840    761
   841    761
   842    761
   843    761
   844    761
   845    761
   846    761
   847    761
   848    761
   849    761
   850    761
   851    761
   852    761
   838    762
   839    762
   840    762
   841    762
   842    762
   843    762
   844    762
   845    762
   846    762
   847    762
   848    762
   849    762
   835    763
   836    763
   837    763
   838    763
   839    763
   840    763
   841    763
   842    763
   843    763
   844    763
   845    763
   846    763
   847    763
   833    764
   834    764
   835    764
   836    764
   837    764
   838    764
   839    764
   840    764
   841    764
   842    764
   843    764
   844    764
   830    765
   831    765
   832    765
   833    765
   834    765
   835    765
   836    765
   837    765
   838    765
   839    765
   840    765
   841    765
   842    765
   828    766
   829    766
   830    766
   831    766
   832    766
   833    766
   834    766
   835    766
   836    766
   837    766
   838    766
   839    766
   825    767
   826    767
   827    767
   828    767
   829    767
   830    767
   831    767
   832    767
   833    767
   834    767
   835    767
   836    767
   837    767
   822    768
   823    768
   824    768
   825    768
   826    768
   827    768
   828    768
   829    768
   830    768
   831    768
   832    768
   833    768
   834    768
   819    769
   820    769
   821    769
   822    769
   823    769
   824    769
   825    769
   826    769
   827    769
   828    769
   829    769
   830    769
   831    769
   832    769
   817    770
   818    770
   819    770
   820    770
   821    770
   822    770
   823    770
   824    770
   825    770
   826    770
   827    770
   828    770
   813    771
   814    771
   815    771
   816    771
   817    771
   818    771
   819    771
   820    771
   821    771
   822    771
   823    771
   824    771
   825    771
   809    772
   810    772
   811    772
   812    772
   813    772
   814    772
   815    772
   816    772
   817    772
   818    772
   819    772
   820    772
   821    772
   822    772
   805    773
   806    773
   807    773
   808    773
   809    773
   810    773
   811    773
   812    773
   813    773
   814    773
   815    773
   816    773
   817    773
   818    773
   801    774
   802    774
   803    774
   804    774
   805    774
   806    774
   807    774
   808    774
   809    774
   810    774
   811    774
   812    774
   813    774
   814    774
   815    774
   816    774
   799    775
   800    775
   801    775
   802    775
   803    775
   804    775
   805    775
   806    775
   807    775
   808    775
   809    775
   810    775
   811    775
   812    775
   795    776
   796    776
   797    776
   798    776
   799    776
   800    776
   801    776
   802    776
   803    776
   804    776
   805    776
   806    776
   807    776
   808    776
   790    777
   791    777
   792    777
   793    777
   794    777
   795    777
   796    777
   797    777
   798    777
   799    777
   800    777
   801    777
   802    777
   803    777
   804    777
   805    777
   806    777
   807    777
   786    778
   787    778
   788    778
   789    778
   790    778
   791    778
   792    778
   793    778
   794    778
   795    778
   796    778
   797    778
   798    778
   799    778
   800    778
   783    779
   784    779
   785    779
   786    779
   787    779
   788    779
   789    779
   790    779
   791    779
   792    779
   793    779
   794    779
   795    779
   796    779
   778    780
   779    780
   780    780
   781    780
   782    780
   783    780
   784    780
   785    780
   786    780
   787    780
   788    780
   789    780
   790    780
   791    780
   774    781
   775    781
   776    781
   777    781
   778    781
   779    781
   780    781
   781    781
   782    781
   783    781
   784    781
   785    781
   786    781
   787    781
   795    781
   796    781
   769    782
   770    782
   771    782
   772    782
   773    782
   774    782
   775    782
   776    782
   777    782
   778    782
   779    782
   780    782
   781    782
   782    782
   783    782
   784    782
   785    782
   786    782
   787    782
   788    782
   789    782
   790    782
   791    782
   792    782
   793    782
   794    782
   766    783
   767    783
   768    783
   769    783
   770    783
   771    783
   772    783
   773    783
   774    783
   775    783
   776    783
   777    783
   778    783
   779    783
   780    783
   781    783
   782    783
   783    783
   784    783
   785    783
   786    783
   787    783
   788    783
   765    784
   766    784
   767    784
   768    784
   769    784
   770    784
   771    784
   772    784
   773    784
   774    784
   775    784
   776    784
   777    784
   778    784
   779    784
   780    784
   781    784
   782    784
   764    785
   765    785
   766    785
   767    785
   768    785
   769    785
   770    785
   771    785
   772    785
   773    785
