   961    703
   962    703
   963    703
   961    704
   962    704
   963    704
   964    704
   965    704
   966    704
   962    705
   963    705
   964    705
   965    705
   966    705
   967    705
   968    705
   960    706
   961    706
   962    706
   963    706
   964    706
   965    706
   966    706
   967    706
   968    706
   969    706
   970    706
   963    707
   964    707
   965    707
   966    707
   967    707
   968    707
   969    707
   970    707
   971    707
   972    707
   973    707
   961    708
   963    708
   964    708
   965    708
   966    708
   967    708
   968    708
   969    708
   970    708
   971    708
   972    708
   973    708
   974    708
   975    708
   976    708
   961    709
   962    709
   963    709
   964    709
   965    709
   966    709
   967    709
   968    709
   969    709
   970    709
   974    709
   975    709
   976    709
   977    709
   961    710
   962    710
   963    710
   964    710
   965    710
   966    710
   967    710
   968    710
   969    710
   970    710
   971    710
   972    710
   973    710
   977    710
   978    710
   979    710
   961    711
   962    711
   963    711
   964    711
   965    711
   966    711
   967    711
   968    711
   969    711
   970    711
   971    711
   972    711
   979    711
   980    711
   981    711
   982    711
   983    711
   984    711
   985    711
   960    712
   961    712
   962    712
   963    712
   964    712
   965    712
   982    712
   983    712
   984    712
   985    712
   986    712
   987    712
   988    712
   959    713
   960    713
   961    713
   962    713
   963    713
   964    713
   988    713
   989    713
   956    714
   957    714
   958    714
   959    714
   960    714
   961    714
   962    714
   963    714
   964    714
   981    714
   982    714
   956    715
   957    715
   958    715
   959    715
   960    715
   962    715
   963    715
   964    715
   982    715
   983    715
   984    715
   985    715
   991    715
   992    715
   993    715
   995    715
   996    715
   997    715
   998    715
   955    716
   956    716
   957    716
   961    716
   962    716
   963    716
   964    716
   985    716
   986    716
   987    716
   998    716
   999    716
  1000    716
  1001    716
  1002    716
  1003    716
   959    717
   960    717
   987    717
   988    717
   989    717
   996    717
   997    717
   998    717
   999    717
  1000    717
  1001    717
  1002    717
  1003    717
  1004    717
  1005    717
  1006    717
  1007    717
  1005    718
  1006    718
  1007    718
  1008    718
  1009    718
   961    719
   962    719
   963    719
   964    719
   976    719
   977    719
   978    719
   979    719
  1000    719
  1001    719
  1002    719
  1003    719
  1007    719
  1008    719
  1009    719
  1010    719
  1011    719
  1012    719
  1013    719
  1014    719
  1015    719
  1016    719
  1005    720
  1006    720
  1007    720
  1015    720
  1016    720
  1017    720
   997    721
  1019    721
  1020    721
  1021    721
  1022    721
  1009    722
  1010    722
  1011    722
  1020    722
  1021    722
  1022    722
  1023    722
  1024    722
  1000    723
  1002    723
  1003    723
  1004    723
  1009    723
  1010    723
  1011    723
  1014    723
  1015    723
  1016    723
  1018    723
  1019    723
  1020    723
  1021    723
  1022    723
  1023    723
  1024    723
  1025    723
  1026    723
  1027    723
  1028    723
  1029    723
   999    724
  1000    724
  1001    724
  1002    724
  1004    724
  1005    724
  1006    724
  1025    724
  1026    724
   999    725
  1000    725
  1001    725
  1002    725
  1003    725
  1004    725
  1007    725
  1008    725
  1009    725
  1001    726
  1002    726
  1003    726
  1004    726
  1005    726
  1006    726
  1007    726
  1008    726
  1009    726
  1001    727
  1002    727
  1003    727
  1009    727
  1010    727
  1002    728
  1005    728
  1006    728
  1007    728
  1008    728
  1009    728
  1005    729
  1006    729
  1007    729
  1008    729
