  1174    750
  1175    750
  1176    750
  1171    751
  1172    751
  1173    751
  1174    751
  1168    752
  1169    752
  1170    752
  1171    752
  1172    752
  1173    752
  1174    752
  1166    753
  1167    753
  1168    753
  1169    753
  1170    753
  1171    753
  1172    753
  1163    754
  1164    754
  1165    754
  1166    754
  1167    754
  1169    754
  1160    755
  1161    755
  1162    755
  1163    755
  1164    755
  1165    755
  1166    755
  1167    755
  1157    756
  1158    756
  1159    756
  1160    756
  1161    756
  1164    756
  1155    757
  1156    757
  1157    757
  1158    757
  1159    757
  1160    757
  1161    757
  1162    757
  1153    758
  1154    758
  1155    758
  1156    758
  1157    758
  1158    758
  1159    758
  1160    758
  1152    759
  1153    759
  1154    759
  1155    759
  1156    759
  1157    759
  1153    760
