  1202    738
  1203    738
  1204    738
  1205    738
  1198    739
  1199    739
  1200    739
  1192    740
  1193    740
  1194    740
  1195    740
  1196    740
  1188    741
  1189    741
  1191    741
  1184    742
  1185    742
  1187    742
  1179    743
  1180    743
  1182    743
  1183    743
  1175    744
  1176    744
  1177    744
  1178    744
  1171    745
  1172    745
  1173    745
  1174    745
  1168    746
  1169    746
  1170    746
  1171    746
  1172    746
  1163    747
  1164    747
  1165    747
  1166    747
  1167    747
  1168    747
  1163    748
  1164    748
  1157    749
  1160    749
  1161    749
  1162    749
  1156    750
  1157    750
  1158    750
  1159    750
  1150    751
  1151    751
  1154    751
  1155    751
  1156    751
  1147    752
  1148    752
  1149    752
  1150    752
  1151    752
  1152    752
  1144    753
  1145    753
  1146    753
  1147    753
  1148    753
  1149    753
  1141    754
  1142    754
  1144    754
  1145    754
  1146    754
  1147    754
  1138    755
  1139    755
  1135    756
  1136    756
  1133    757
  1134    757
  1135    757
  1136    757
  1130    758
  1131    758
  1132    758
  1133    758
  1134    758
  1135    758
  1127    759
  1128    759
  1129    759
  1130    759
  1131    759
  1132    759
  1133    759
  1134    759
  1125    760
  1126    760
  1127    760
  1128    760
  1129    760
  1130    760
  1131    760
  1123    761
  1124    761
  1125    761
  1126    761
  1127    761
  1128    761
  1129    761
  1121    762
  1122    762
  1123    762
  1124    762
  1125    762
  1126    762
  1127    762
  1119    763
  1120    763
  1121    763
  1122    763
  1124    763
  1116    764
  1117    764
  1118    764
  1119    764
  1120    764
  1121    764
  1122    764
  1123    764
  1113    765
  1114    765
  1115    765
  1116    765
  1117    765
  1118    765
  1119    765
  1120    765
  1111    766
  1112    766
  1113    766
  1114    766
  1115    766
  1116    766
  1117    766
  1118    766
  1108    767
  1109    767
  1110    767
  1111    767
  1112    767
  1113    767
  1114    767
  1115    767
  1116    767
  1107    768
  1108    768
  1109    768
  1110    768
  1111    768
  1112    768
  1113    768
  1104    769
  1105    769
  1106    769
  1107    769
  1108    769
  1109    769
  1110    769
  1111    769
  1102    770
  1103    770
  1104    770
  1105    770
  1106    770
  1107    770
  1108    770
  1109    770
  1100    771
  1101    771
  1102    771
  1103    771
  1104    771
  1105    771
  1106    771
  1107    771
  1108    771
  1098    772
  1099    772
  1100    772
  1101    772
  1102    772
  1103    772
  1104    772
  1105    772
  1096    773
  1097    773
  1098    773
  1099    773
  1100    773
  1101    773
  1102    773
  1103    773
  1104    773
  1094    774
  1095    774
  1096    774
  1097    774
  1098    774
  1099    774
  1100    774
  1101    774
  1102    774
  1091    775
  1092    775
  1093    775
  1094    775
  1095    775
  1096    775
  1097    775
  1098    775
  1099    775
  1100    775
  1090    776
  1091    776
  1092    776
  1093    776
  1094    776
  1095    776
  1096    776
  1097    776
  1098    776
  1088    777
  1089    777
  1090    777
  1091    777
  1092    777
  1093    777
  1094    777
  1095    777
  1096    777
  1086    778
  1087    778
  1088    778
  1089    778
  1092    778
  1093    778
  1094    778
  1084    779
  1085    779
  1086    779
  1087    779
  1088    779
  1089    779
  1090    779
  1091    779
  1092    779
  1083    780
  1084    780
  1085    780
  1087    780
  1088    780
  1089    780
  1090    780
  1091    780
  1081    781
  1082    781
  1083    781
  1084    781
  1087    781
  1088    781
  1089    781
  1081    782
  1082    782
  1085    782
  1086    782
  1087    782
  1088    782
  1077    783
  1078    783
  1079    783
  1083    783
  1084    783
  1085    783
  1076    784
  1077    784
  1078    784
  1079    784
  1080    784
  1081    784
  1082    784
  1083    784
  1073    785
  1074    785
  1075    785
  1076    785
  1077    785
  1081    785
  1073    786
  1074    786
  1075    786
  1071    787
  1072    787
  1073    787
  1071    788
  1072    788
  1073    788
  1075    788
  1076    788
  1077    788
  1069    789
  1070    789
  1075    789
  1076    789
  1066    790
  1067    790
  1068    790
  1069    790
  1070    790
  1073    790
  1074    790
  1064    791
  1065    791
  1066    791
  1068    791
  1063    792
  1064    792
  1065    792
  1066    792
  1061    793
  1062    793
  1064    793
  1065    793
  1066    793
