  1223    734
  1224    734
  1225    734
  1226    734
  1217    735
  1218    735
  1221    735
  1222    735
  1213    736
  1214    736
  1215    736
  1216    736
  1217    736
  1208    737
  1209    737
  1210    737
  1211    737
  1204    738
  1205    738
  1206    738
  1207    738
  1199    739
  1200    739
  1201    739
  1202    739
  1203    739
  1194    740
  1195    740
  1196    740
  1197    740
  1198    740
  1190    741
  1193    741
  1186    742
  1181    743
  1176    744
  1177    744
  1180    744
  1173    745
  1174    745
  1175    745
  1176    745
  1169    746
  1170    746
  1171    746
  1172    746
  1173    746
  1165    747
  1166    747
  1167    747
  1168    747
  1169    747
  1164    748
  1165    748
  1166    748
  1167    748
  1158    749
  1162    749
  1163    749
  1155    750
  1156    750
  1157    750
  1158    750
  1159    750
  1160    750
  1152    751
  1155    751
  1156    751
  1157    751
  1149    752
  1150    752
  1151    752
  1154    752
  1146    753
  1147    753
  1148    753
  1149    753
  1150    753
  1151    753
  1143    754
  1144    754
  1145    754
  1147    754
  1148    754
  1149    754
  1140    755
  1141    755
  1142    755
  1145    755
  1137    756
  1138    756
  1134    757
  1135    757
  1136    757
  1137    757
  1132    758
  1133    758
  1134    758
  1135    758
  1129    759
  1130    759
  1131    759
  1132    759
  1133    759
  1134    759
  1135    759
  1126    760
  1127    760
  1128    760
  1129    760
  1130    760
  1131    760
  1132    760
  1133    760
  1124    761
  1125    761
  1126    761
  1127    761
  1128    761
  1129    761
  1130    761
  1131    761
  1122    762
  1123    762
  1124    762
  1125    762
  1126    762
  1127    762
  1128    762
  1121    763
  1122    763
  1123    763
  1124    763
  1125    763
  1126    763
  1118    764
  1119    764
  1120    764
  1121    764
  1122    764
  1123    764
  1124    764
  1115    765
  1116    765
  1117    765
  1118    765
  1119    765
  1120    765
  1121    765
  1122    765
  1113    766
  1114    766
  1115    766
  1116    766
  1117    766
  1118    766
  1119    766
  1120    766
  1110    767
  1111    767
  1112    767
  1113    767
  1114    767
  1115    767
  1116    767
  1117    767
  1118    767
  1107    768
  1108    768
  1109    768
  1110    768
  1111    768
  1112    768
  1113    768
  1114    768
  1115    768
  1106    769
  1107    769
  1108    769
  1109    769
  1110    769
  1111    769
  1112    769
  1113    769
  1104    770
  1105    770
  1106    770
  1107    770
  1108    770
  1109    770
  1110    770
  1111    770
  1101    771
  1102    771
  1103    771
  1104    771
  1105    771
  1106    771
  1107    771
  1108    771
  1109    771
  1099    772
  1100    772
  1101    772
  1102    772
  1103    772
  1104    772
  1105    772
  1106    772
  1107    772
  1097    773
  1098    773
  1099    773
  1100    773
  1101    773
  1102    773
  1103    773
  1104    773
  1105    773
  1096    774
  1097    774
  1098    774
  1099    774
  1100    774
  1101    774
  1102    774
  1103    774
  1104    774
  1093    775
  1094    775
  1095    775
  1096    775
  1097    775
  1098    775
  1099    775
  1100    775
  1101    775
  1102    775
  1091    776
  1092    776
  1093    776
  1094    776
  1095    776
  1096    776
  1097    776
  1098    776
  1099    776
  1100    776
  1090    777
  1091    777
  1092    777
  1093    777
  1094    777
  1095    777
  1096    777
  1097    777
  1098    777
  1088    778
  1089    778
  1090    778
  1091    778
  1092    778
  1093    778
  1094    778
  1095    778
  1096    778
  1086    779
  1087    779
  1088    779
  1089    779
  1090    779
  1091    779
  1092    779
  1093    779
  1094    779
  1084    780
  1085    780
  1086    780
  1087    780
  1088    780
  1089    780
  1090    780
  1091    780
  1092    780
  1093    780
  1082    781
  1083    781
  1084    781
  1085    781
  1086    781
  1087    781
  1088    781
  1089    781
  1090    781
  1091    781
  1082    782
  1083    782
  1084    782
  1085    782
  1086    782
  1087    782
  1088    782
  1089    782
  1079    783
  1080    783
  1081    783
  1082    783
  1083    783
  1086    783
  1087    783
  1077    784
  1078    784
  1079    784
  1080    784
  1081    784
  1082    784
  1083    784
  1084    784
  1076    785
  1077    785
  1078    785
  1082    785
  1083    785
  1084    785
  1075    786
  1076    786
  1077    786
  1079    786
  1080    786
  1081    786
  1082    786
  1080    787
  1081    787
