  1228    734
  1229    734
  1230    734
  1231    734
  1232    734
  1223    735
  1224    735
  1226    735
  1227    735
  1218    736
  1219    736
  1220    736
  1221    736
  1222    736
  1213    737
  1214    737
  1215    737
  1216    737
  1217    737
  1218    737
  1209    738
  1210    738
  1211    738
  1212    738
  1213    738
  1205    739
  1206    739
  1207    739
  1208    739
  1199    740
  1200    740
  1201    740
  1202    740
  1203    740
  1204    740
  1194    741
  1195    741
  1196    741
  1197    741
  1198    741
  1199    741
  1200    741
  1191    742
  1192    742
  1194    742
  1195    742
  1186    743
  1187    743
  1188    743
  1182    744
  1183    744
  1184    744
  1179    745
  1180    745
  1181    745
  1182    745
  1183    745
  1175    746
  1176    746
  1177    746
  1178    746
  1179    746
  1172    747
  1173    747
  1174    747
  1175    747
  1176    747
  1167    748
  1168    748
  1169    748
  1170    748
  1171    748
  1172    748
  1173    748
  1164    749
  1168    749
  1169    749
  1160    750
  1165    750
  1166    750
  1157    751
  1162    751
  1163    751
  1154    752
  1155    752
  1159    752
  1160    752
  1151    753
  1152    753
  1153    753
  1156    753
  1157    753
  1148    754
  1149    754
  1153    754
  1154    754
  1145    755
  1146    755
  1147    755
  1148    755
  1150    755
  1151    755
  1142    756
  1143    756
  1148    756
  1139    757
  1140    757
  1141    757
  1142    757
  1137    758
  1138    758
  1139    758
  1134    759
  1135    759
  1136    759
  1137    759
  1132    760
  1133    760
  1134    760
  1135    760
  1136    760
  1130    761
  1131    761
  1132    761
  1133    761
  1134    761
  1135    761
  1128    762
  1129    762
  1130    762
  1131    762
  1132    762
  1133    762
  1134    762
  1126    763
  1127    763
  1128    763
  1129    763
  1130    763
  1131    763
  1132    763
  1124    764
  1125    764
  1126    764
  1127    764
  1128    764
  1129    764
  1120    765
  1121    765
  1122    765
  1123    765
  1124    765
  1125    765
  1126    765
  1127    765
  1128    765
  1118    766
  1119    766
  1120    766
  1121    766
  1122    766
  1123    766
  1124    766
  1125    766
  1116    767
  1117    767
  1118    767
  1119    767
  1120    767
  1121    767
  1122    767
  1123    767
  1113    768
  1114    768
  1115    768
  1116    768
  1117    768
  1118    768
  1119    768
  1120    768
  1121    768
  1111    769
  1112    769
  1113    769
  1114    769
  1115    769
  1116    769
  1117    769
  1118    769
  1119    769
  1109    770
  1110    770
  1111    770
  1112    770
  1113    770
  1114    770
  1115    770
  1117    770
  1107    771
  1108    771
  1109    771
  1110    771
  1111    771
  1112    771
  1113    771
  1114    771
  1115    771
  1105    772
  1106    772
  1107    772
  1108    772
  1109    772
  1110    772
  1111    772
  1112    772
  1113    772
  1103    773
  1104    773
  1105    773
  1106    773
  1107    773
  1108    773
  1109    773
  1110    773
  1111    773
  1112    773
  1101    774
  1102    774
  1103    774
  1104    774
  1105    774
  1106    774
  1107    774
  1108    774
  1109    774
  1110    774
  1099    775
  1100    775
  1101    775
  1102    775
  1103    775
  1104    775
  1105    775
  1106    775
  1107    775
  1108    775
  1097    776
  1098    776
  1099    776
  1100    776
  1101    776
  1102    776
  1103    776
  1104    776
  1105    776
  1106    776
  1095    777
  1096    777
  1097    777
  1098    777
  1099    777
  1100    777
  1101    777
  1102    777
  1103    777
  1104    777
  1093    778
  1094    778
  1095    778
  1096    778
  1097    778
  1098    778
  1099    778
  1100    778
  1101    778
  1102    778
  1103    778
  1091    779
  1092    779
  1093    779
  1094    779
  1095    779
  1096    779
  1097    779
  1098    779
  1099    779
  1100    779
  1090    780
  1091    780
  1092    780
  1093    780
  1094    780
  1095    780
  1096    780
  1097    780
  1098    780
  1088    781
  1089    781
  1090    781
  1091    781
  1092    781
  1093    781
  1094    781
  1095    781
  1096    781
  1086    782
  1087    782
  1088    782
  1089    782
  1090    782
  1091    782
  1092    782
  1093    782
  1094    782
  1095    782
  1084    783
  1085    783
  1086    783
  1087    783
  1088    783
  1089    783
  1090    783
  1091    783
  1092    783
  1093    783
  1094    783
  1083    784
  1084    784
  1085    784
  1086    784
  1087    784
  1088    784
  1089    784
  1090    784
  1091    784
  1081    785
  1082    785
  1083    785
  1084    785
  1085    785
  1086    785
  1087    785
  1080    786
  1081    786
  1082    786
  1083    786
  1084    786
  1085    786
  1086    786
  1087    786
  1088    786
  1078    787
  1079    787
  1080    787
  1081    787
  1082    787
  1083    787
  1084    787
  1085    787
  1086    787
  1076    788
  1077    788
  1078    788
  1079    788
  1080    788
  1081    788
  1082    788
  1083    788
  1084    788
  1085    788
  1075    789
  1076    789
  1077    789
  1078    789
  1079    789
  1080    789
  1081    789
  1082    789
  1083    789
  1084    789
  1074    790
  1075    790
  1076    790
  1077    790
  1078    790
  1079    790
  1080    790
  1081    790
  1082    790
  1083    790
  1072    791
  1073    791
  1074    791
  1075    791
  1076    791
  1077    791
  1078    791
  1079    791
  1080    791
  1081    791
  1070    792
  1071    792
  1072    792
  1073    792
  1074    792
  1075    792
  1076    792
  1077    792
  1078    792
  1079    792
  1069    793
  1070    793
  1071    793
  1072    793
  1073    793
  1074    793
  1067    794
  1068    794
  1069    794
  1070    794
  1071    794
  1072    794
  1073    794
  1066    795
  1067    795
  1068    795
  1069    795
  1070    795
  1071    795
  1072    795
  1065    796
  1066    796
  1067    796
  1068    796
  1069    796
  1070    796
  1071    796
  1064    797
  1068    797
  1069    797
  1064    798
  1065    798
  1066    798
  1060    799
  1061    799
  1063    799
  1064    799
  1065    799
  1062    800
  1063    800
  1064    800
  1065    800
  1061    801
  1062    801
