  1232    734
  1233    734
  1234    734
  1226    735
  1227    735
  1228    735
  1229    735
  1230    735
  1220    736
  1221    736
  1222    736
  1223    736
  1224    736
  1225    736
  1216    737
  1218    737
  1219    737
  1212    738
  1213    738
  1214    738
  1215    738
  1207    739
  1208    739
  1209    739
  1210    739
  1211    739
  1202    740
  1203    740
  1204    740
  1205    740
  1206    740
  1207    740
  1198    741
  1199    741
  1200    741
  1201    741
  1202    741
  1194    742
  1195    742
  1197    742
  1189    743
  1190    743
  1184    744
  1185    744
  1181    745
  1182    745
  1177    746
  1178    746
  1179    746
  1180    746
  1181    746
  1175    747
  1176    747
  1177    747
  1169    748
  1170    748
  1173    748
  1174    748
  1175    748
  1166    749
  1171    749
  1163    750
  1164    750
  1165    750
  1166    750
  1167    750
  1168    750
  1163    751
  1164    751
  1165    751
  1156    752
  1161    752
  1152    753
  1153    753
  1154    753
  1158    753
  1159    753
  1150    754
  1151    754
  1152    754
  1155    754
  1156    754
  1147    755
  1148    755
  1149    755
  1150    755
  1151    755
  1152    755
  1153    755
  1144    756
  1145    756
  1148    756
  1149    756
  1150    756
  1141    757
  1142    757
  1143    757
  1147    757
  1148    757
  1139    758
  1140    758
  1141    758
  1142    758
  1136    759
  1137    759
  1138    759
  1139    759
  1140    759
  1141    759
  1142    759
  1134    760
  1135    760
  1136    760
  1137    760
  1138    760
  1139    760
  1140    760
  1131    761
  1132    761
  1133    761
  1134    761
  1135    761
  1136    761
  1130    762
  1131    762
  1132    762
  1133    762
  1134    762
  1135    762
  1128    763
  1129    763
  1130    763
  1131    763
  1132    763
  1133    763
  1134    763
  1125    764
  1126    764
  1127    764
  1128    764
  1129    764
  1130    764
  1131    764
  1123    765
  1124    765
  1125    765
  1126    765
  1127    765
  1128    765
  1129    765
  1120    766
  1121    766
  1122    766
  1123    766
  1124    766
  1125    766
  1126    766
  1127    766
  1117    767
  1118    767
  1119    767
  1120    767
  1121    767
  1122    767
  1123    767
  1124    767
  1125    767
  1115    768
  1116    768
  1117    768
  1118    768
  1119    768
  1120    768
  1121    768
  1122    768
  1123    768
  1113    769
  1114    769
  1115    769
  1116    769
  1117    769
  1118    769
  1119    769
  1120    769
  1121    769
  1111    770
  1112    770
  1113    770
  1114    770
  1115    770
  1116    770
  1117    770
  1118    770
  1119    770
  1109    771
  1110    771
  1111    771
  1112    771
  1113    771
  1114    771
  1115    771
  1116    771
  1117    771
  1106    772
  1107    772
  1108    772
  1109    772
  1110    772
  1111    772
  1112    772
  1113    772
  1114    772
  1105    773
  1106    773
  1107    773
  1108    773
  1109    773
  1110    773
  1111    773
  1112    773
  1113    773
  1114    773
  1103    774
  1104    774
  1105    774
  1106    774
  1107    774
  1108    774
  1109    774
  1110    774
  1111    774
  1101    775
  1102    775
  1103    775
  1104    775
  1105    775
  1106    775
  1107    775
  1108    775
  1109    775
  1100    776
  1101    776
  1102    776
  1103    776
  1104    776
  1105    776
  1106    776
  1107    776
  1108    776
  1097    777
  1098    777
  1099    777
  1100    777
  1101    777
  1102    777
  1103    777
  1104    777
  1105    777
  1106    777
  1095    778
  1096    778
  1097    778
  1098    778
  1099    778
  1100    778
  1101    778
  1102    778
  1103    778
  1104    778
  1094    779
  1095    779
  1096    779
  1097    779
  1098    779
  1099    779
  1100    779
  1101    779
  1102    779
  1092    780
  1093    780
  1094    780
  1095    780
  1096    780
  1097    780
  1098    780
  1099    780
  1100    780
  1090    781
  1091    781
  1092    781
  1093    781
  1094    781
  1095    781
  1096    781
  1097    781
  1098    781
  1099    781
  1088    782
  1089    782
  1090    782
  1091    782
  1092    782
  1093    782
  1094    782
  1095    782
  1096    782
  1097    782
  1086    783
  1087    783
  1088    783
  1089    783
  1090    783
  1091    783
  1092    783
  1093    783
  1094    783
  1095    783
  1085    784
  1086    784
  1087    784
  1088    784
  1089    784
  1090    784
  1091    784
  1092    784
  1093    784
  1083    785
  1084    785
  1085    785
  1086    785
  1087    785
  1088    785
  1090    785
  1091    785
  1092    785
  1082    786
  1083    786
  1084    786
  1085    786
  1086    786
  1080    787
  1081    787
  1082    787
  1083    787
  1084    787
  1085    787
  1086    787
  1087    787
  1079    788
  1080    788
  1081    788
  1082    788
  1083    788
  1084    788
  1085    788
  1086    788
  1087    788
  1084    789
  1085    789
  1086    789
  1081    791
  1082    791
  1069    794
  1070    794
  1068    795
  1069    795
