  1181    750
  1182    750
  1183    750
  1184    750
  1185    750
  1178    751
  1179    751
  1180    751
  1181    751
  1184    751
  1175    752
  1176    752
  1177    752
  1179    752
  1180    752
  1181    752
  1171    753
  1172    753
  1173    753
  1174    753
  1175    753
  1176    753
  1168    754
  1169    754
  1170    754
  1171    754
  1172    754
  1173    754
  1174    754
  1175    754
  1166    755
  1167    755
  1168    755
  1169    755
  1170    755
  1171    755
  1172    755
  1173    755
  1163    756
  1164    756
  1165    756
  1166    756
  1167    756
  1168    756
  1171    756
  1161    757
  1162    757
  1163    757
  1164    757
  1165    757
  1166    757
  1167    757
  1168    757
  1158    758
  1159    758
  1160    758
  1161    758
  1162    758
  1163    758
  1164    758
  1165    758
  1166    758
  1156    759
  1157    759
  1158    759
  1159    759
  1160    759
  1161    759
  1162    759
  1163    759
  1155    760
  1156    760
  1157    760
  1158    760
  1159    760
  1160    760
  1161    760
  1162    760
  1155    761
  1156    761
  1157    761
  1158    761
  1159    761
