   859    662
   860    662
   861    662
   862    662
   863    662
   864    662
   865    662
   866    662
   867    662
   868    662
   869    662
   858    663
   859    663
   860    663
   861    663
   862    663
   863    663
   864    663
   865    663
   866    663
   867    663
   868    663
   869    663
   858    664
   859    664
   860    664
   861    664
   862    664
   863    664
   864    664
   865    664
   866    664
   867    664
   868    664
   869    664
   857    665
   858    665
   859    665
   860    665
   861    665
   862    665
   863    665
   864    665
   865    665
   866    665
   867    665
   868    665
   857    666
   858    666
   859    666
   860    666
   861    666
   862    666
   863    666
   864    666
   865    666
   866    666
   867    666
   868    666
   857    667
   858    667
   859    667
   860    667
   861    667
   862    667
   863    667
   864    667
   865    667
   866    667
   867    667
   868    667
   856    668
   857    668
   858    668
   859    668
   860    668
   861    668
   862    668
   863    668
   864    668
   865    668
   866    668
   867    668
   868    668
   856    669
   857    669
   858    669
   859    669
   860    669
   861    669
   862    669
   863    669
   864    669
   865    669
   866    669
   867    669
   856    670
   857    670
   858    670
   859    670
   860    670
   861    670
   862    670
   863    670
   864    670
   865    670
   866    670
   867    670
   855    671
   856    671
   857    671
   858    671
   859    671
   860    671
   861    671
   862    671
   863    671
   864    671
   865    671
   866    671
   867    671
   855    672
   856    672
   857    672
   858    672
   859    672
   860    672
   861    672
   862    672
   863    672
   864    672
   865    672
   866    672
   854    673
   855    673
   856    673
   857    673
   858    673
   859    673
   860    673
   861    673
   862    673
   863    673
   864    673
   865    673
   866    673
   854    674
   855    674
   856    674
   857    674
   858    674
   859    674
   860    674
   861    674
   862    674
   863    674
   864    674
   865    674
   866    674
   854    675
   855    675
   856    675
   857    675
   858    675
   859    675
   860    675
   861    675
   862    675
   863    675
   864    675
   865    675
   853    676
   854    676
   855    676
   856    676
   857    676
   858    676
   859    676
   860    676
   861    676
   862    676
   863    676
   864    676
   865    676
   853    677
   854    677
   855    677
   856    677
   857    677
   858    677
   859    677
   860    677
   861    677
   862    677
   863    677
   864    677
   865    677
   852    678
   853    678
   854    678
   855    678
   856    678
   857    678
   858    678
   859    678
   860    678
   861    678
   862    678
   863    678
   864    678
   865    678
   852    679
   853    679
   854    679
   855    679
   856    679
   857    679
   858    679
   859    679
   860    679
   861    679
   862    679
   863    679
   864    679
   852    680
   853    680
   854    680
   855    680
   856    680
   857    680
   858    680
   859    680
   860    680
   861    680
   862    680
   863    680
   864    680
   852    681
   853    681
   854    681
   855    681
   856    681
   857    681
   858    681
   859    681
   860    681
   861    681
   862    681
   863    681
   864    681
   851    682
   852    682
   853    682
   854    682
   855    682
   856    682
   857    682
   858    682
   859    682
   860    682
   861    682
   862    682
   863    682
   864    682
   851    683
   852    683
   853    683
   854    683
   855    683
   856    683
   857    683
   858    683
   859    683
   860    683
   861    683
   862    683
   863    683
   850    684
   851    684
   852    684
   853    684
   854    684
   855    684
   856    684
   857    684
   858    684
   859    684
   860    684
   861    684
   862    684
   863    684
   850    685
   851    685
   852    685
   853    685
   854    685
   855    685
   856    685
   857    685
   858    685
   859    685
   860    685
   861    685
   862    685
   863    685
   850    686
   851    686
   852    686
   853    686
   854    686
   855    686
   856    686
   857    686
   858    686
   859    686
   860    686
   861    686
   862    686
   863    686
   849    687
   850    687
   851    687
   852    687
   853    687
   854    687
   855    687
   856    687
   857    687
   858    687
   859    687
   860    687
   861    687
   862    687
   849    688
   850    688
   851    688
   852    688
   853    688
   854    688
   855    688
   856    688
   857    688
   858    688
   859    688
   860    688
   861    688
   862    688
   848    689
   849    689
   850    689
   851    689
   852    689
   853    689
   854    689
   855    689
   856    689
   857    689
   858    689
   859    689
   860    689
   861    689
   862    689
   848    690
   849    690
   850    690
   851    690
   852    690
   853    690
   854    690
   855    690
   856    690
   857    690
   858    690
   859    690
   860    690
   861    690
   862    690
   848    691
   849    691
   850    691
   851    691
   852    691
   853    691
   854    691
   855    691
   856    691
   857    691
   858    691
   859    691
   860    691
   861    691
   847    692
   848    692
   849    692
   850    692
   851    692
   852    692
   853    692
   854    692
   855    692
   856    692
   857    692
   858    692
   859    692
   860    692
   861    692
   847    693
   848    693
   849    693
   850    693
   851    693
   852    693
   853    693
   854    693
   855    693
   856    693
   857    693
   858    693
   859    693
   860    693
   861    693
   846    694
   847    694
   848    694
   849    694
   850    694
   851    694
   852    694
   853    694
   854    694
   855    694
   856    694
   857    694
   858    694
   859    694
   860    694
   861    694
   846    695
   847    695
   848    695
   849    695
   850    695
   851    695
   852    695
   853    695
   854    695
   855    695
   856    695
   857    695
   858    695
   859    695
   860    695
   846    696
   847    696
   848    696
   849    696
   850    696
   851    696
   852    696
   853    696
   854    696
   855    696
   856    696
   857    696
   858    696
   859    696
   860    696
   846    697
   847    697
   848    697
   849    697
   850    697
   851    697
   852    697
   853    697
   854    697
   855    697
   856    697
   857    697
   858    697
   859    697
   860    697
   846    698
   847    698
   848    698
   849    698
   850    698
   851    698
   852    698
   853    698
   854    698
   855    698
   856    698
   857    698
   858    698
   859    698
   845    699
   846    699
   847    699
   848    699
   849    699
   850    699
   851    699
   852    699
   853    699
   854    699
   855    699
   856    699
   857    699
   858    699
   859    699
   846    700
   847    700
   848    700
   849    700
   850    700
   851    700
   852    700
   853    700
   854    700
   855    700
   856    700
   857    700
   858    700
   859    700
   846    701
   847    701
   848    701
   849    701
   850    701
   851    701
   852    701
   853    701
   854    701
   855    701
   856    701
   857    701
   858    701
   859    701
   846    702
   847    702
   848    702
   849    702
   850    702
   851    702
   852    702
   853    702
   854    702
   855    702
   856    702
   857    702
   858    702
   847    703
   848    703
   849    703
   850    703
   851    703
   852    703
   853    703
   854    703
   855    703
   856    703
   857    703
   858    703
   847    704
   848    704
   849    704
   850    704
   851    704
   852    704
   853    704
   854    704
   855    704
   856    704
   857    704
   858    704
   848    705
   849    705
   850    705
   851    705
   852    705
   853    705
   854    705
   855    705
   856    705
   857    705
   858    705
   848    706
   849    706
   850    706
   851    706
   852    706
   853    706
   854    706
   855    706
   856    706
   857    706
   848    707
   849    707
   850    707
   851    707
   852    707
   853    707
   854    707
   855    707
   856    707
   857    707
   848    708
   849    708
   850    708
   851    708
   852    708
   853    708
   854    708
   855    708
   856    708
   848    709
   849    709
   850    709
   851    709
   852    709
   853    709
   854    709
   855    709
   856    709
   857    709
   849    710
   850    710
   851    710
   852    710
   853    710
   854    710
   855    710
   856    710
   849    711
   850    711
   851    711
   852    711
   853    711
   854    711
   855    711
   856    711
   849    712
   850    712
   851    712
   852    712
   853    712
   854    712
   855    712
   856    712
   850    713
   851    713
   852    713
   853    713
   854    713
   855    713
   851    714
   852    714
   853    714
   854    714
   855    714
   851    715
   852    715
   853    715
   854    715
   855    715
   851    716
   852    716
   853    716
   854    716
   851    717
   852    717
   853    717
   854    717
   852    718
   853    718
