   820    662
   821    662
   822    662
   823    662
   824    662
   825    662
   826    662
   827    662
   828    662
   829    662
   830    662
   831    662
   832    662
   821    663
   822    663
   823    663
   824    663
   825    663
   826    663
   827    663
   828    663
   829    663
   830    663
   831    663
   832    663
   833    663
   821    664
   822    664
   823    664
   824    664
   825    664
   826    664
   827    664
   828    664
   829    664
   830    664
   831    664
   832    664
   833    664
   821    665
   822    665
   823    665
   824    665
   825    665
   826    665
   827    665
   828    665
   829    665
   830    665
   831    665
   832    665
   822    666
   823    666
   824    666
   825    666
   826    666
   827    666
   828    666
   829    666
   830    666
   831    666
   832    666
   822    667
   823    667
   824    667
   825    667
   826    667
   827    667
   828    667
   829    667
   830    667
   831    667
   832    667
   822    668
   823    668
   824    668
   825    668
   826    668
   827    668
   828    668
   829    668
   830    668
   831    668
   822    669
   823    669
   824    669
   825    669
   826    669
   827    669
   828    669
   829    669
   830    669
   831    669
   832    669
   822    670
   823    670
   824    670
   825    670
   826    670
   827    670
   828    670
   829    670
   830    670
   831    670
   823    671
   824    671
   825    671
   826    671
   827    671
   828    671
   829    671
   830    671
   831    671
   823    672
   824    672
   825    672
   826    672
   827    672
   828    672
   829    672
   830    672
   831    672
   823    673
   824    673
   825    673
   826    673
   827    673
   828    673
