   890    730
   891    730
   892    730
   893    730
   894    730
   895    730
   896    730
   897    730
   898    730
   899    730
   900    730
   890    731
   891    731
   892    731
   893    731
   894    731
   895    731
   896    731
   897    731
   898    731
   899    731
   900    731
   889    732
   890    732
   891    732
   892    732
   893    732
   894    732
   895    732
   896    732
   897    732
   898    732
   899    732
   889    733
   890    733
   891    733
   892    733
   893    733
   894    733
   895    733
   896    733
   897    733
   898    733
   899    733
   889    734
   890    734
   892    734
   893    734
   894    734
   895    734
   896    734
   897    734
   898    734
   899    734
   889    735
   890    735
   891    735
   892    735
   893    735
   894    735
   895    735
   896    735
   897    735
   898    735
   899    735
   889    736
   890    736
   892    736
   893    736
   894    736
   895    736
   896    736
   897    736
   898    736
   899    736
   889    737
   890    737
   891    737
   892    737
   893    737
   894    737
   895    737
   896    737
   897    737
   898    737
   899    737
   889    738
   890    738
   891    738
   892    738
   893    738
   894    738
   895    738
   896    738
   897    738
   898    738
   889    739
   890    739
   891    739
   892    739
   893    739
   894    739
   895    739
   896    739
   897    739
   898    739
   889    740
   890    740
   891    740
   892    740
   893    740
   894    740
   895    740
   896    740
   897    740
   888    741
   889    741
   890    741
   891    741
   892    741
   893    741
   894    741
   895    741
   896    741
   888    742
   890    742
   891    742
   892    742
   893    742
   894    742
   895    742
   896    742
   888    743
   889    743
   890    743
   891    743
   892    743
   893    743
   894    743
   895    743
   888    744
   889    744
   890    744
   891    744
   892    744
   893    744
   894    744
   895    744
   887    745
   889    745
   890    745
   891    745
   892    745
   893    745
   894    745
   888    746
   889    746
   890    746
   891    746
   892    746
   893    746
   888    747
   889    747
   890    747
   892    747
