   939    563
   940    563
   941    563
   942    563
   943    563
   944    563
   940    564
   941    564
   942    564
   943    564
   944    564
   940    565
   941    565
   942    565
   943    565
   944    565
   945    565
   940    566
   941    566
   942    566
   943    566
   944    566
   945    566
   941    567
   942    567
   943    567
   944    567
   945    567
   940    568
   941    568
   942    568
   943    568
   944    568
   945    568
   940    569
   941    569
   942    569
   943    569
   944    569
   945    569
   940    570
   941    570
   942    570
   943    570
   944    570
   945    570
   946    570
   940    571
   941    571
   942    571
   943    571
   944    571
   945    571
   946    571
   940    572
   941    572
   942    572
   943    572
   944    572
   945    572
   940    573
   941    573
   942    573
   943    573
   944    573
   945    573
   946    573
   939    574
   940    574
   941    574
   942    574
   943    574
   944    574
   945    574
   946    574
   939    575
   940    575
   941    575
   942    575
   943    575
   944    575
   945    575
   946    575
   939    576
   940    576
   941    576
   942    576
   943    576
   944    576
   945    576
   946    576
   939    577
   940    577
   941    577
   942    577
   943    577
   944    577
   945    577
   946    577
   939    578
   940    578
   941    578
   942    578
   943    578
   944    578
   945    578
   946    578
   939    579
   940    579
   941    579
   942    579
   943    579
   944    579
   945    579
   946    579
   939    580
   940    580
   941    580
   942    580
   943    580
   944    580
   945    580
   946    580
   947    580
   948    580
   949    580
   950    580
   939    581
   940    581
   941    581
   942    581
   943    581
   944    581
   945    581
   946    581
   947    581
   948    581
   949    581
   950    581
   951    581
   952    581
   939    582
   940    582
   941    582
   942    582
   943    582
   944    582
   945    582
   946    582
   947    582
   948    582
   949    582
   939    583
   940    583
   941    583
   942    583
   943    583
   944    583
   945    583
   946    583
   947    583
   939    584
   940    584
   941    584
   942    584
   943    584
   944    584
   945    584
   946    584
   938    585
   939    585
   940    585
   941    585
   942    585
   943    585
   944    585
   945    585
   946    585
   938    586
   939    586
   940    586
   941    586
   942    586
   943    586
   944    586
   945    586
   946    586
   938    587
   939    587
   940    587
   941    587
   942    587
   943    587
   944    587
   945    587
   938    588
   939    588
   940    588
   941    588
   942    588
   943    588
   944    588
   945    588
   938    589
   939    589
   940    589
   941    589
   942    589
   943    589
   944    589
   945    589
   938    590
   939    590
   940    590
   941    590
   942    590
   943    590
   944    590
   945    590
   937    591
   938    591
   939    591
   940    591
   941    591
   942    591
   943    591
   944    591
   945    591
   937    592
   938    592
   939    592
   940    592
   941    592
   942    592
   943    592
   944    592
   945    592
   937    593
   938    593
   939    593
   940    593
   941    593
   942    593
   943    593
   944    593
   945    593
   937    594
   938    594
   939    594
   940    594
   941    594
   942    594
   943    594
   944    594
   945    594
   938    595
   939    595
   940    595
   941    595
   942    595
   943    595
   944    595
   945    595
   937    596
   938    596
   939    596
   940    596
   941    596
   942    596
   943    596
   944    596
   945    596
   946    596
   937    597
   938    597
   939    597
   940    597
   941    597
   942    597
   943    597
   944    597
   945    597
   946    597
   937    598
   938    598
   939    598
   940    598
   941    598
   942    598
   943    598
   944    598
   945    598
   946    598
   937    599
   938    599
   939    599
   940    599
   941    599
   942    599
   943    599
   944    599
   945    599
   946    599
   937    600
   938    600
   939    600
   940    600
   941    600
   942    600
   943    600
   944    600
   945    600
   946    600
   937    601
   938    601
   939    601
   940    601
   941    601
   942    601
   943    601
   944    601
   945    601
   946    601
   937    602
   938    602
   939    602
   940    602
   941    602
   942    602
   943    602
   944    602
   945    602
   936    603
   937    603
   938    603
   939    603
   940    603
   941    603
   942    603
   943    603
   944    603
   945    603
   937    604
   938    604
   939    604
   940    604
   941    604
   942    604
   943    604
   944    604
   945    604
   937    605
   938    605
   939    605
   940    605
   941    605
   942    605
   943    605
   944    605
   945    605
   937    606
   938    606
   939    606
   940    606
   941    606
   942    606
   943    606
   944    606
   945    606
   937    607
   938    607
   939    607
   940    607
   941    607
   942    607
   943    607
   944    607
   945    607
   937    608
   938    608
   939    608
   940    608
   941    608
   942    608
   943    608
   944    608
   936    609
   937    609
   938    609
   939    609
   940    609
   941    609
   942    609
   943    609
   936    610
   937    610
   938    610
   939    610
   940    610
   941    610
   942    610
   943    610
   936    611
   937    611
   938    611
   939    611
   940    611
   941    611
   942    611
   943    611
   936    612
   937    612
   938    612
   939    612
   940    612
   941    612
   942    612
   936    613
   937    613
   938    613
   939    613
   940    613
   941    613
   936    614
   937    614
   938    614
   939    614
   940    614
   941    614
   936    615
   937    615
   938    615
   939    615
   940    615
   941    615
   936    616
   937    616
   938    616
   939    616
   940    616
   936    617
   937    617
   938    617
   939    617
