   817    665
   818    665
   819    665
   820    665
   821    665
   822    665
   823    665
   824    665
   825    665
   826    665
   827    665
   828    665
   829    665
   830    665
   831    665
   832    665
   833    665
   834    665
   835    665
   816    666
   817    666
   818    666
   819    666
   820    666
   821    666
   822    666
   823    666
   824    666
   825    666
   826    666
   827    666
   828    666
   829    666
   830    666
   831    666
   832    666
   833    666
   834    666
   835    666
   836    666
   818    667
   819    667
   820    667
   821    667
   822    667
   823    667
   824    667
   825    667
   826    667
   827    667
   828    667
   829    667
   830    667
   831    667
   832    667
   833    667
   834    667
   835    667
   836    667
   819    668
   820    668
   821    668
   822    668
   823    668
   824    668
   825    668
   826    668
   827    668
   828    668
   829    668
   830    668
   831    668
   832    668
   833    668
   834    668
   835    668
   819    669
   820    669
   821    669
   822    669
   823    669
   824    669
   825    669
   826    669
   827    669
   828    669
   829    669
   830    669
   831    669
   832    669
   833    669
   834    669
   835    669
   819    670
   820    670
   821    670
   822    670
   823    670
   824    670
   825    670
   826    670
   827    670
   828    670
   829    670
   830    670
   831    670
   832    670
   833    670
   834    670
   835    670
   819    671
   820    671
   821    671
   822    671
   823    671
   824    671
   825    671
   826    671
   827    671
   828    671
   829    671
   830    671
   831    671
   832    671
   833    671
   834    671
   820    672
   821    672
   822    672
   823    672
   824    672
   825    672
   826    672
   827    672
   828    672
   829    672
   830    672
   831    672
   832    672
   833    672
   816    673
   817    673
   819    673
   820    673
   821    673
   822    673
   823    673
   824    673
   825    673
   826    673
   827    673
   828    673
   829    673
   830    673
   831    673
   832    673
   833    673
   821    674
   822    674
   823    674
   824    674
   825    674
   826    674
   827    674
   828    674
   829    674
   830    674
   831    674
   832    674
   823    675
   824    675
   825    675
   826    675
   827    675
   828    675
