   905    665
   910    665
   915    665
   917    665
   924    665
   925    665
   926    665
   927    665
   928    665
   929    665
   930    665
   931    665
   932    665
   933    665
   934    665
   935    665
   936    665
   937    665
   938    665
   939    665
   940    665
   941    665
   942    665
   943    665
   944    665
   945    665
   946    665
   947    665
   949    665
   951    665
   952    665
   953    665
   954    665
   956    665
   957    665
   958    665
   959    665
   960    665
   961    665
   962    665
   904    666
   905    666
   909    666
   910    666
   915    666
   923    666
   924    666
   925    666
   926    666
   927    666
   928    666
   929    666
   930    666
   931    666
   932    666
   933    666
   934    666
   935    666
   936    666
   937    666
   938    666
   939    666
   940    666
   941    666
   942    666
   943    666
   944    666
   945    666
   946    666
   947    666
   948    666
   949    666
   951    666
   952    666
   953    666
   954    666
   957    666
   958    666
   959    666
   904    667
   905    667
   909    667
   910    667
   923    667
   924    667
   925    667
   926    667
   927    667
   928    667
   929    667
   930    667
   931    667
   932    667
   933    667
   934    667
   935    667
   936    667
   937    667
   938    667
   939    667
   940    667
   941    667
   942    667
   943    667
   944    667
   945    667
   946    667
   947    667
   949    667
   951    667
   952    667
   953    667
   954    667
   958    667
   959    667
   903    668
   904    668
   905    668
   906    668
   908    668
   910    668
   916    668
   923    668
   924    668
   925    668
   926    668
   927    668
   928    668
   929    668
   930    668
   931    668
   932    668
   933    668
   934    668
   935    668
   936    668
   937    668
   938    668
   939    668
   940    668
   941    668
   942    668
   943    668
   944    668
   945    668
   946    668
   947    668
   949    668
   951    668
   952    668
   953    668
   954    668
   955    668
   958    668
   959    668
   903    669
   904    669
   905    669
   906    669
   914    669
   915    669
   916    669
   917    669
   923    669
   924    669
   925    669
   926    669
   927    669
   928    669
   929    669
   930    669
   931    669
   932    669
   933    669
   934    669
   935    669
   936    669
   937    669
   938    669
   939    669
   940    669
   941    669
   942    669
   943    669
   944    669
   945    669
   946    669
   947    669
   949    669
   951    669
   952    669
   953    669
   954    669
   959    669
   960    669
   903    670
   904    670
   905    670
   906    670
   910    670
   916    670
   917    670
   923    670
   924    670
   925    670
   926    670
   927    670
   928    670
   929    670
   930    670
   931    670
   932    670
   933    670
   934    670
   935    670
   936    670
   937    670
   938    670
   939    670
   940    670
   941    670
   942    670
   943    670
   944    670
   945    670
   946    670
   947    670
   951    670
   952    670
   953    670
   954    670
   959    670
   960    670
   902    671
   903    671
   904    671
   905    671
   906    671
   910    671
   911    671
   914    671
   917    671
   923    671
   924    671
   925    671
   926    671
   927    671
   928    671
   929    671
   930    671
   931    671
   932    671
   933    671
   934    671
   935    671
   936    671
   937    671
   938    671
   939    671
   940    671
   941    671
   942    671
   943    671
   944    671
   945    671
   946    671
   947    671
   952    671
   953    671
   954    671
   959    671
   960    671
   902    672
   904    672
   905    672
   916    672
   917    672
   918    672
   919    672
   920    672
   921    672
   922    672
   926    672
   927    672
   928    672
   929    672
   930    672
   931    672
   932    672
   933    672
   934    672
   935    672
   936    672
   937    672
   938    672
   939    672
   940    672
   941    672
   942    672
   943    672
   944    672
   945    672
   946    672
   947    672
   949    672
   952    672
   953    672
   956    672
   957    672
   959    672
   902    673
   903    673
   916    673
   917    673
   918    673
   919    673
   920    673
   921    673
   922    673
   924    673
   926    673
   927    673
   928    673
   929    673
   930    673
   931    673
   932    673
   933    673
   934    673
   935    673
   936    673
   937    673
   938    673
   939    673
   940    673
   941    673
   942    673
   943    673
   944    673
   945    673
   946    673
   947    673
   949    673
   950    673
   951    673
   952    673
   953    673
   955    673
   956    673
   958    673
   959    673
   902    674
   903    674
   917    674
   918    674
   919    674
   920    674
   921    674
   922    674
   926    674
   927    674
   928    674
   929    674
   930    674
   931    674
   932    674
   933    674
   934    674
   935    674
   936    674
   937    674
   938    674
   939    674
   940    674
   941    674
   942    674
   943    674
   944    674
   945    674
   946    674
   947    674
   949    674
   950    674
   951    674
   952    674
   953    674
   955    674
   956    674
   959    674
   960    674
   902    675
   917    675
   919    675
   920    675
   921    675
   922    675
   926    675
   927    675
   928    675
   929    675
   930    675
   931    675
   932    675
   933    675
   934    675
   935    675
   936    675
   937    675
   938    675
   939    675
   940    675
   941    675
   942    675
   943    675
   944    675
   945    675
   946    675
   947    675
   950    675
   951    675
   952    675
   953    675
   955    675
   956    675
   959    675
   901    676
   902    676
   917    676
   918    676
   919    676
   920    676
   922    676
   926    676
   927    676
   928    676
   929    676
   930    676
   931    676
   932    676
   933    676
   934    676
   935    676
   936    676
   937    676
   938    676
   939    676
   940    676
   941    676
   942    676
   943    676
   944    676
   945    676
   946    676
   947    676
   950    676
   951    676
   952    676
   953    676
   954    676
   956    676
   959    676
   901    677
   902    677
   916    677
   917    677
   918    677
   919    677
   922    677
   925    677
   926    677
   927    677
   928    677
   929    677
   930    677
   931    677
   932    677
   933    677
   934    677
   935    677
   936    677
   937    677
   938    677
   939    677
   940    677
   941    677
   942    677
   943    677
   944    677
   945    677
   946    677
   947    677
   949    677
   950    677
   951    677
   952    677
   953    677
   954    677
   955    677
   957    677
   960    677
   902    678
   917    678
   918    678
   921    678
   922    678
   924    678
   925    678
   926    678
   927    678
   928    678
   929    678
   930    678
   931    678
   932    678
   933    678
   934    678
   935    678
   936    678
   937    678
   938    678
   939    678
   940    678
   941    678
   942    678
   943    678
   944    678
   945    678
   946    678
   947    678
   949    678
   950    678
   951    678
   952    678
   954    678
   957    678
   960    678
   961    678
   901    679
   916    679
   917    679
   918    679
   919    679
   920    679
   921    679
   922    679
   924    679
   925    679
   926    679
   927    679
   928    679
   929    679
   930    679
   931    679
   932    679
   933    679
   934    679
   935    679
   936    679
   937    679
   938    679
   939    679
   940    679
   941    679
   942    679
   943    679
   944    679
   945    679
   946    679
   947    679
   948    679
   949    679
   950    679
   951    679
   952    679
   954    679
   957    679
   961    679
   901    680
   914    680
   915    680
   916    680
   917    680
   918    680
   922    680
   924    680
   925    680
   926    680
   927    680
   928    680
   929    680
   930    680
   931    680
   932    680
   933    680
   934    680
   935    680
   936    680
   937    680
   938    680
   939    680
   940    680
   941    680
   942    680
   943    680
   944    680
   945    680
   946    680
   947    680
   948    680
   949    680
   950    680
   951    680
   952    680
   954    680
   955    680
   958    680
   960    680
   962    680
   901    681
   914    681
   915    681
   916    681
   919    681
   922    681
   923    681
   924    681
   925    681
   926    681
   927    681
   928    681
   929    681
   930    681
   931    681
   932    681
   933    681
   934    681
   935    681
   936    681
   937    681
   938    681
   939    681
   940    681
   941    681
   942    681
   943    681
   944    681
   945    681
   946    681
   947    681
   948    681
   949    681
   950    681
   951    681
   952    681
   954    681
   955    681
   914    682
   915    682
   916    682
   917    682
   922    682
   923    682
   924    682
   925    682
   926    682
   927    682
   928    682
   929    682
   930    682
   931    682
   932    682
   933    682
   934    682
   935    682
   936    682
   937    682
   938    682
   939    682
   940    682
   941    682
   942    682
   943    682
   944    682
   945    682
   946    682
   947    682
   948    682
   949    682
   950    682
   951    682
   952    682
   954    682
   955    682
   958    682
   959    682
   960    682
   961    682
   900    683
   914    683
   915    683
   916    683
   917    683
   923    683
   924    683
   925    683
   926    683
   927    683
   928    683
   929    683
   930    683
   931    683
   932    683
   933    683
   934    683
   935    683
   936    683
   937    683
   938    683
   939    683
   940    683
   941    683
   942    683
   943    683
   944    683
   945    683
   946    683
   947    683
   948    683
   949    683
   950    683
   951    683
   952    683
   954    683
   955    683
   957    683
   958    683
   959    683
   960    683
   962    683
   900    684
   914    684
   915    684
   916    684
   917    684
   923    684
   924    684
   925    684
   926    684
   927    684
   928    684
   929    684
   930    684
   931    684
   932    684
   933    684
   934    684
   935    684
   936    684
   937    684
   938    684
   939    684
   940    684
   941    684
   942    684
   943    684
   944    684
   945    684
   946    684
   947    684
   948    684
   949    684
   950    684
   951    684
   952    684
   954    684
   955    684
   957    684
   958    684
   959    684
   960    684
   961    684
   899    685
   900    685
   914    685
   915    685
   916    685
   923    685
   924    685
   925    685
   926    685
   927    685
   928    685
   929    685
   930    685
   931    685
   932    685
   933    685
   934    685
   935    685
   936    685
   937    685
   938    685
   939    685
   940    685
   941    685
   942    685
   943    685
   944    685
   945    685
   946    685
   947    685
   948    685
   949    685
   950    685
   951    685
   952    685
   954    685
   955    685
   956    685
   958    685
   959    685
   960    685
   961    685
   914    686
   915    686
   916    686
   923    686
   924    686
   925    686
   926    686
   927    686
   928    686
   929    686
   930    686
   931    686
   932    686
   933    686
   934    686
   935    686
   936    686
   937    686
   938    686
   939    686
   940    686
   941    686
   942    686
   943    686
   944    686
   945    686
   946    686
   947    686
   948    686
   949    686
   950    686
   951    686
   952    686
   953    686
   954    686
   955    686
   958    686
   959    686
   960    686
   961    686
   962    686
   899    687
   914    687
   915    687
   917    687
   922    687
   923    687
   924    687
   925    687
   926    687
   927    687
   928    687
   929    687
   930    687
   931    687
   932    687
   933    687
   934    687
   935    687
   936    687
   937    687
   938    687
   939    687
   940    687
   941    687
   942    687
   943    687
   944    687
   945    687
   946    687
   947    687
   948    687
   949    687
   950    687
   951    687
   953    687
   954    687
   955    687
   957    687
   958    687
   959    687
   960    687
   961    687
   962    687
   914    688
   915    688
   916    688
   917    688
   923    688
   924    688
   925    688
   926    688
   927    688
   928    688
   929    688
   930    688
   931    688
   932    688
   933    688
   934    688
   935    688
   936    688
   937    688
   938    688
   939    688
   940    688
   941    688
   942    688
   943    688
   944    688
   945    688
   946    688
   947    688
   949    688
   954    688
   955    688
   958    688
   959    688
   960    688
   961    688
   962    688
   914    689
   915    689
   916    689
   917    689
   922    689
   923    689
   924    689
   925    689
   926    689
   927    689
   928    689
   929    689
   930    689
   931    689
   932    689
   933    689
   934    689
   935    689
   936    689
   937    689
   938    689
   939    689
   940    689
   941    689
   942    689
   943    689
   944    689
   945    689
   946    689
   947    689
   948    689
   957    689
   958    689
   959    689
   960    689
   961    689
   962    689
   914    690
   915    690
   916    690
   917    690
   922    690
   923    690
   924    690
   925    690
   926    690
   927    690
   928    690
   929    690
   930    690
   931    690
   932    690
   933    690
   934    690
   935    690
   936    690
   937    690
   938    690
   939    690
   940    690
   941    690
   942    690
   943    690
   944    690
   945    690
   946    690
   947    690
   948    690
   958    690
   959    690
   961    690
   962    690
   914    691
   915    691
   916    691
   917    691
   918    691
   922    691
   923    691
   924    691
   925    691
   926    691
   927    691
   928    691
   929    691
   930    691
   931    691
   932    691
   933    691
   934    691
   935    691
   936    691
   937    691
   938    691
   939    691
   940    691
   941    691
   942    691
   943    691
   944    691
   945    691
   946    691
   947    691
   948    691
   958    691
   959    691
   960    691
   961    691
   962    691
   963    691
   914    692
   915    692
   916    692
   917    692
   918    692
   922    692
   923    692
   924    692
   925    692
   926    692
   927    692
   928    692
   929    692
   930    692
   931    692
   932    692
   933    692
   934    692
   935    692
   936    692
   937    692
   938    692
   939    692
   940    692
   941    692
   942    692
   943    692
   944    692
   945    692
   946    692
   947    692
   948    692
   958    692
   959    692
   960    692
   961    692
   962    692
   963    692
   914    693
   915    693
   916    693
   917    693
   922    693
   923    693
   924    693
   925    693
   926    693
   927    693
   928    693
   929    693
   930    693
   931    693
   932    693
   933    693
   934    693
   935    693
   936    693
   937    693
   938    693
   939    693
   940    693
   941    693
   942    693
   943    693
   944    693
   945    693
   946    693
   947    693
   948    693
   958    693
   959    693
   960    693
   961    693
   962    693
   963    693
   914    694
   915    694
   916    694
   919    694
   920    694
   924    694
   925    694
   926    694
   927    694
   928    694
   929    694
   930    694
   931    694
   932    694
   933    694
   934    694
   935    694
   936    694
   937    694
   938    694
   939    694
   940    694
   941    694
   942    694
   943    694
   944    694
   945    694
   946    694
   947    694
   948    694
   960    694
   961    694
   962    694
   963    694
   914    695
   915    695
   916    695
   924    695
   925    695
   926    695
   927    695
   928    695
   929    695
   930    695
   931    695
   932    695
   933    695
   934    695
   935    695
   936    695
   937    695
   938    695
   939    695
   940    695
   941    695
   942    695
   943    695
   944    695
   945    695
   946    695
   947    695
   948    695
   960    695
   961    695
   962    695
   963    695
   908    696
   914    696
   915    696
   916    696
   917    696
   920    696
   921    696
   922    696
   925    696
   926    696
   927    696
   928    696
   929    696
   930    696
   931    696
   932    696
   933    696
   934    696
   935    696
   936    696
   937    696
   938    696
   939    696
   940    696
   941    696
   942    696
   943    696
   944    696
   945    696
   946    696
   947    696
   948    696
   950    696
   959    696
   960    696
   961    696
   962    696
   963    696
   911    697
   914    697
   915    697
   916    697
   917    697
   918    697
   919    697
   920    697
   921    697
   925    697
   926    697
   927    697
   928    697
   929    697
   930    697
   931    697
   932    697
   933    697
   934    697
   935    697
   936    697
   937    697
   938    697
   939    697
   940    697
   941    697
   942    697
   943    697
   944    697
   945    697
   946    697
   947    697
   948    697
   950    697
   951    697
   959    697
   960    697
   961    697
   962    697
   963    697
   910    698
   911    698
   914    698
   915    698
   916    698
   919    698
   920    698
   921    698
   922    698
   925    698
   926    698
   927    698
   928    698
   929    698
   930    698
   931    698
   932    698
   933    698
   934    698
   935    698
   936    698
   937    698
   938    698
   939    698
   940    698
   941    698
   942    698
   943    698
   944    698
   945    698
   946    698
   947    698
   948    698
   949    698
   950    698
   951    698
   960    698
   961    698
   962    698
   963    698
   964    698
   911    699
   914    699
   915    699
   916    699
   918    699
   919    699
   920    699
   921    699
   922    699
   923    699
   925    699
   926    699
   927    699
   928    699
   929    699
   930    699
   931    699
   932    699
   933    699
   934    699
   935    699
   936    699
   937    699
   938    699
   939    699
   940    699
   941    699
   942    699
   943    699
   944    699
   945    699
   946    699
   947    699
   948    699
   949    699
   950    699
   951    699
   960    699
   961    699
   962    699
   963    699
   964    699
   907    700
   908    700
   910    700
   911    700
   914    700
   915    700
   916    700
   918    700
   919    700
   920    700
   921    700
   922    700
   923    700
   924    700
   925    700
   926    700
   927    700
   928    700
   929    700
   930    700
   931    700
   932    700
   933    700
   934    700
   935    700
   936    700
   937    700
   938    700
   939    700
   940    700
   941    700
   942    700
   943    700
   944    700
   945    700
   946    700
   947    700
   948    700
   949    700
   950    700
   951    700
   952    700
   960    700
   961    700
   962    700
   963    700
   964    700
   910    701
   911    701
   914    701
   915    701
   916    701
   918    701
   919    701
   920    701
   921    701
   922    701
   923    701
   924    701
   925    701
   926    701
   927    701
   928    701
   929    701
   930    701
   931    701
   932    701
   933    701
   934    701
   935    701
   936    701
   937    701
   938    701
   939    701
   940    701
   941    701
   942    701
   943    701
   944    701
   945    701
   946    701
   947    701
   948    701
   949    701
   950    701
   951    701
   952    701
   956    701
   957    701
   958    701
   960    701
   961    701
   962    701
   963    701
   964    701
   908    702
   910    702
   911    702
   914    702
   915    702
   916    702
   918    702
   919    702
   920    702
   921    702
   922    702
   923    702
   924    702
   925    702
   926    702
   927    702
   928    702
   929    702
   930    702
   931    702
   932    702
   933    702
   934    702
   935    702
   936    702
   937    702
   938    702
   939    702
   940    702
   941    702
   942    702
   943    702
   944    702
   945    702
   946    702
   947    702
   948    702
   949    702
   950    702
   951    702
   952    702
   956    702
   957    702
   960    702
   961    702
   962    702
   963    702
   964    702
   965    702
   915    703
   916    703
   919    703
   920    703
   921    703
   922    703
   923    703
   925    703
   926    703
   927    703
   928    703
   929    703
   930    703
   931    703
   932    703
   933    703
   934    703
   935    703
   936    703
   937    703
   938    703
   939    703
   940    703
   941    703
   942    703
   943    703
   944    703
   945    703
   946    703
   947    703
   948    703
   949    703
   950    703
   951    703
   952    703
   960    703
   961    703
   962    703
   963    703
   964    703
   965    703
   912    704
   913    704
   916    704
   917    704
   920    704
   921    704
   922    704
   923    704
   924    704
   925    704
   926    704
   927    704
   928    704
   929    704
   930    704
   931    704
   932    704
   933    704
   934    704
   935    704
   936    704
   937    704
   938    704
   939    704
   940    704
   941    704
   942    704
   943    704
   944    704
   945    704
   946    704
   947    704
   948    704
   949    704
   950    704
   953    704
   954    704
   955    704
   956    704
   911    705
   912    705
   913    705
   914    705
   920    705
   921    705
   922    705
   923    705
   924    705
   925    705
   926    705
   927    705
   928    705
   929    705
   930    705
   931    705
   932    705
   933    705
   934    705
   935    705
   936    705
   937    705
   938    705
   939    705
   940    705
   941    705
   942    705
   943    705
   944    705
   945    705
   946    705
   947    705
   948    705
   949    705
   953    705
   954    705
   955    705
   956    705
   911    706
   912    706
   913    706
   921    706
   922    706
   923    706
   924    706
   925    706
   926    706
   927    706
   928    706
   929    706
   930    706
   931    706
   932    706
   933    706
   934    706
   935    706
   936    706
   937    706
   938    706
   939    706
   940    706
   941    706
   942    706
   943    706
   944    706
   945    706
   946    706
   947    706
   948    706
   949    706
   953    706
   954    706
   955    706
   956    706
   957    706
   959    706
   911    707
   912    707
   913    707
   914    707
   921    707
   923    707
   924    707
   925    707
   926    707
   927    707
   928    707
   929    707
   930    707
   931    707
   932    707
   933    707
   934    707
   935    707
   936    707
   937    707
   938    707
   939    707
   940    707
   941    707
   942    707
   943    707
   944    707
   945    707
   946    707
   947    707
   948    707
   949    707
   952    707
   953    707
   954    707
   955    707
   956    707
   957    707
   958    707
   959    707
   911    708
   912    708
   913    708
   914    708
   920    708
   921    708
   922    708
   923    708
   924    708
   925    708
   926    708
   927    708
   928    708
   929    708
   930    708
   931    708
   932    708
   933    708
   934    708
   935    708
   936    708
   937    708
   938    708
   939    708
   940    708
   941    708
   942    708
   943    708
   944    708
   945    708
   946    708
   947    708
   948    708
   951    708
   952    708
   953    708
   954    708
   955    708
   956    708
   957    708
   958    708
   959    708
   960    708
   911    709
   912    709
   913    709
   914    709
   920    709
   921    709
   924    709
   925    709
   926    709
   927    709
   928    709
   929    709
   930    709
   931    709
   932    709
   933    709
   934    709
   935    709
   936    709
   937    709
   938    709
   939    709
   940    709
   941    709
   942    709
   943    709
   944    709
   945    709
   946    709
   947    709
   948    709
   951    709
   952    709
   953    709
   954    709
   955    709
   956    709
   957    709
   958    709
   959    709
   960    709
   925    710
   926    710
   927    710
   928    710
   929    710
   930    710
   931    710
   932    710
   933    710
   934    710
   935    710
   936    710
   937    710
   938    710
   939    710
   940    710
   941    710
   942    710
   943    710
   944    710
   945    710
   946    710
   947    710
   948    710
   952    710
   953    710
   954    710
   955    710
   956    710
   957    710
   958    710
   959    710
   960    710
   924    711
   925    711
   926    711
   927    711
   928    711
   929    711
   930    711
   931    711
   932    711
   933    711
   934    711
   935    711
   936    711
   937    711
   938    711
   939    711
   940    711
   941    711
   942    711
   943    711
   944    711
   945    711
   946    711
   947    711
   948    711
   952    711
   953    711
   954    711
   955    711
   956    711
   957    711
   958    711
   959    711
   966    711
   974    711
   924    712
   925    712
   926    712
   927    712
   928    712
   929    712
   930    712
   931    712
   932    712
   933    712
   934    712
   935    712
   936    712
   937    712
   938    712
   939    712
   940    712
   941    712
   942    712
   943    712
   944    712
   945    712
   946    712
   947    712
   948    712
   949    712
   950    712
   951    712
   958    712
   959    712
   960    712
   961    712
   962    712
   963    712
   964    712
   965    712
   966    712
   967    712
   968    712
   969    712
   970    712
   971    712
   972    712
   973    712
   974    712
   975    712
   929    713
   930    713
   931    713
   932    713
   933    713
   934    713
   935    713
   936    713
   937    713
   938    713
   939    713
   940    713
   941    713
   942    713
   943    713
   944    713
   945    713
   978    714
   979    714
   980    714
   981    714
   982    714
   983    714
   984    714
   986    714
   990    714
   991    714
   978    715
   979    715
   980    715
   981    715
   982    715
   984    715
   985    715
   986    715
   987    715
   988    715
   989    715
   990    715
   991    715
   979    716
   980    716
   981    716
   982    716
   983    716
   984    716
   985    716
   986    716
   987    716
   988    716
   989    716
   990    716
   991    716
   992    716
   993    716
   994    716
   995    716
   996    716
   997    716
   998    716
   999    716
  1000    716
  1003    716
  1008    716
  1009    716
  1011    716
  1012    716
  1013    716
  1014    716
  1015    716
  1020    716
  1021    716
  1022    716
  1023    716
  1024    716
   994    717
   995    717
   996    717
   997    717
   998    717
   999    717
  1000    717
  1003    717
  1004    717
  1007    717
  1008    717
  1009    717
  1010    717
  1011    717
  1012    717
  1013    717
  1014    717
  1015    717
  1016    717
  1017    717
  1020    717
  1021    717
  1022    717
  1023    717
  1024    717
   998    718
   999    718
  1000    718
  1001    718
  1005    718
  1006    718
  1007    718
  1008    718
  1009    718
  1010    718
  1011    718
  1012    718
  1013    718
  1014    718
  1015    718
  1016    718
  1020    718
  1021    718
  1022    718
  1023    718
   999    719
  1000    719
  1005    719
  1006    719
  1007    719
  1008    719
  1009    719
  1011    719
  1012    719
  1013    719
  1014    719
  1015    719
  1016    719
  1017    719
  1018    719
  1021    719
  1022    719
  1023    719
   999    720
  1000    720
  1001    720
  1002    720
  1006    720
  1007    720
  1010    720
  1012    720
  1013    720
  1014    720
  1015    720
  1016    720
  1017    720
  1018    720
  1019    720
  1020    720
  1021    720
  1022    720
  1000    721
  1001    721
  1002    721
  1006    721
  1007    721
  1008    721
  1009    721
  1010    721
  1011    721
  1012    721
  1013    721
  1014    721
  1015    721
  1016    721
  1017    721
  1018    721
  1019    721
  1020    721
  1021    721
  1022    721
  1023    721
  1001    722
  1007    722
  1008    722
  1009    722
  1010    722
  1013    722
  1014    722
  1016    722
  1017    722
  1018    722
  1019    722
  1020    722
  1021    722
  1022    722
  1023    722
  1001    723
  1002    723
  1003    723
  1004    723
  1008    723
  1009    723
  1011    723
  1012    723
  1013    723
  1014    723
  1015    723
  1016    723
  1017    723
  1018    723
  1019    723
  1020    723
  1021    723
  1022    723
  1023    723
  1002    724
  1003    724
  1004    724
  1008    724
  1009    724
  1010    724
  1011    724
  1012    724
  1013    724
  1014    724
  1015    724
  1016    724
  1017    724
  1018    724
  1019    724
  1020    724
  1021    724
  1022    724
  1023    724
  1024    724
  1025    724
  1003    725
  1004    725
  1005    725
  1009    725
  1010    725
  1011    725
  1013    725
  1016    725
  1017    725
  1018    725
  1019    725
  1020    725
  1021    725
  1022    725
  1023    725
  1024    725
  1025    725
  1026    725
  1027    725
  1003    726
  1004    726
  1005    726
  1010    726
  1011    726
  1012    726
  1017    726
  1018    726
  1019    726
  1020    726
  1023    726
  1024    726
  1026    726
  1027    726
  1028    726
  1029    726
  1004    727
  1005    727
  1006    727
  1011    727
  1012    727
  1013    727
  1014    727
  1015    727
  1025    727
  1026    727
  1027    727
  1028    727
  1029    727
  1034    727
  1035    727
  1036    727
  1037    727
  1004    728
  1005    728
  1006    728
  1010    728
  1011    728
  1012    728
  1013    728
  1014    728
  1015    728
  1016    728
  1017    728
  1026    728
  1027    728
  1028    728
  1029    728
  1030    728
  1031    728
  1033    728
  1034    728
  1035    728
  1036    728
  1037    728
  1038    728
  1039    728
  1040    728
  1041    728
  1042    728
  1043    728
  1044    728
  1045    728
  1005    729
  1006    729
  1007    729
  1011    729
  1012    729
  1013    729
  1014    729
  1015    729
  1016    729
  1017    729
  1027    729
  1028    729
  1029    729
  1030    729
  1031    729
  1032    729
  1033    729
  1034    729
  1035    729
  1036    729
  1037    729
  1038    729
  1039    729
  1040    729
  1041    729
  1043    729
  1044    729
  1045    729
  1006    730
  1013    730
  1015    730
  1016    730
  1017    730
  1033    730
  1034    730
  1037    730
  1039    730
  1044    730
  1045    730
