  1104    730
  1105    730
  1106    730
  1107    730
  1108    730
  1109    730
  1110    730
  1111    730
  1098    731
  1099    731
  1100    731
  1101    731
  1102    731
  1103    731
  1104    731
  1105    731
  1092    732
  1093    732
  1094    732
  1095    732
  1096    732
  1097    732
  1098    732
  1099    732
  1087    733
  1088    733
  1089    733
  1090    733
  1091    733
  1092    733
  1093    733
  1081    734
  1082    734
  1083    734
  1084    734
  1085    734
  1086    734
  1087    734
  1088    734
  1089    734
  1076    735
  1077    735
  1078    735
  1079    735
  1080    735
  1081    735
  1082    735
  1083    735
  1070    736
  1071    736
  1072    736
  1073    736
  1074    736
  1075    736
  1076    736
  1077    736
  1065    737
  1066    737
  1067    737
  1068    737
  1069    737
  1070    737
  1071    737
  1072    737
  1073    737
  1061    738
  1062    738
  1063    738
  1064    738
  1065    738
  1066    738
  1067    738
  1068    738
  1069    738
  1056    739
  1057    739
  1058    739
  1059    739
  1060    739
  1061    739
  1062    739
  1063    739
  1064    739
  1051    740
  1052    740
  1053    740
  1054    740
  1055    740
  1056    740
  1057    740
  1058    740
  1059    740
  1046    741
  1047    741
  1048    741
  1049    741
  1050    741
  1051    741
  1052    741
  1053    741
  1054    741
  1055    741
  1042    742
  1043    742
  1044    742
  1045    742
  1046    742
  1047    742
  1048    742
  1049    742
  1050    742
  1037    743
  1038    743
  1039    743
  1040    743
  1041    743
  1042    743
  1043    743
  1044    743
  1045    743
  1046    743
  1033    744
  1034    744
  1035    744
  1036    744
  1037    744
  1038    744
  1039    744
  1040    744
  1041    744
  1028    745
  1029    745
  1030    745
  1031    745
  1032    745
  1033    745
  1034    745
  1035    745
  1036    745
  1037    745
  1038    745
  1024    746
  1025    746
  1026    746
  1027    746
  1028    746
  1029    746
  1030    746
  1031    746
  1032    746
  1033    746
  1020    747
  1021    747
  1022    747
  1023    747
  1024    747
  1025    747
  1026    747
  1027    747
  1028    747
  1029    747
  1016    748
  1017    748
  1018    748
  1019    748
  1020    748
  1021    748
  1022    748
  1023    748
  1024    748
  1025    748
  1013    749
  1014    749
  1015    749
  1016    749
  1017    749
  1018    749
  1019    749
  1020    749
  1021    749
  1022    749
  1009    750
  1010    750
  1011    750
  1012    750
  1013    750
  1014    750
  1015    750
  1016    750
  1017    750
  1018    750
  1005    751
  1006    751
  1007    751
  1008    751
  1009    751
  1010    751
  1011    751
  1012    751
  1013    751
  1014    751
  1001    752
  1002    752
  1003    752
  1004    752
  1005    752
  1006    752
  1007    752
  1008    752
  1009    752
  1010    752
  1011    752
   998    753
   999    753
  1000    753
  1001    753
  1002    753
  1003    753
  1004    753
  1005    753
  1006    753
  1007    753
  1008    753
   994    754
   995    754
   996    754
   997    754
   998    754
   999    754
  1000    754
  1001    754
  1002    754
  1003    754
  1004    754
  1005    754
   992    755
   993    755
   994    755
   995    755
   996    755
   997    755
   998    755
   999    755
  1000    755
  1001    755
  1002    755
   989    756
   990    756
   991    756
   992    756
   993    756
   994    756
   995    756
   996    756
   997    756
   998    756
   999    756
   986    757
   987    757
   988    757
   989    757
   990    757
   991    757
   992    757
   993    757
   994    757
   995    757
   996    757
   983    758
   984    758
   985    758
   986    758
   987    758
   988    758
   989    758
   990    758
   991    758
   992    758
   993    758
   980    759
   981    759
   982    759
   983    759
   984    759
   985    759
   986    759
   987    759
   988    759
   989    759
   990    759
   991    759
   977    760
   978    760
   979    760
   980    760
   981    760
   982    760
   983    760
   984    760
   985    760
   986    760
   987    760
   988    760
   974    761
   975    761
   976    761
   977    761
   978    761
   979    761
   980    761
   981    761
   982    761
   983    761
   984    761
   985    761
   986    761
   971    762
   972    762
   973    762
   974    762
   975    762
   976    762
   977    762
   978    762
   979    762
   980    762
   981    762
   982    762
   983    762
   969    763
   970    763
   971    763
   972    763
   973    763
   974    763
   975    763
   976    763
   977    763
   978    763
   979    763
   980    763
   966    764
   967    764
   968    764
   969    764
   970    764
   971    764
   972    764
   973    764
   974    764
   975    764
   976    764
   977    764
   978    764
   964    765
   965    765
   966    765
   967    765
   968    765
   969    765
   970    765
   971    765
   972    765
   973    765
   974    765
   975    765
   960    766
   961    766
   962    766
   963    766
   964    766
   965    766
   966    766
   967    766
   968    766
   969    766
   970    766
   971    766
   972    766
   973    766
   959    767
   960    767
   961    767
   962    767
   963    767
   964    767
   965    767
   966    767
   967    767
   968    767
   969    767
   970    767
   971    767
   956    768
   957    768
   958    768
   959    768
   960    768
   961    768
   962    768
   963    768
   964    768
   965    768
   966    768
   967    768
   968    768
   969    768
   954    769
   955    769
   956    769
   957    769
   958    769
   959    769
   960    769
   961    769
   962    769
   963    769
   964    769
   965    769
   966    769
   952    770
   953    770
   954    770
   955    770
   956    770
   957    770
   958    770
   959    770
   960    770
   961    770
   962    770
   963    770
   964    770
   965    770
   949    771
   950    771
   951    771
   952    771
   953    771
   954    771
   955    771
   956    771
   957    771
   958    771
   959    771
   960    771
   961    771
   962    771
   947    772
   948    772
   949    772
   950    772
   951    772
   952    772
   953    772
   954    772
   955    772
   956    772
   957    772
   958    772
   959    772
   960    772
   945    773
   946    773
   947    773
   948    773
   949    773
   950    773
   951    773
   952    773
   953    773
   954    773
   955    773
   956    773
   957    773
   958    773
   943    774
   944    774
   945    774
   946    774
   947    774
   948    774
   949    774
   950    774
   951    774
   952    774
   953    774
   954    774
   955    774
   956    774
   941    775
   942    775
   943    775
   944    775
   945    775
   946    775
   947    775
   948    775
   949    775
   950    775
   951    775
   952    775
   953    775
   954    775
   939    776
   940    776
   941    776
   942    776
   943    776
   944    776
   945    776
   946    776
   947    776
   948    776
   949    776
   950    776
   951    776
   952    776
   937    777
   938    777
   939    777
   940    777
   941    777
   942    777
   943    777
   944    777
   945    777
   946    777
   947    777
   948    777
   949    777
   950    777
   935    778
   936    778
   937    778
   938    778
   939    778
   940    778
   941    778
   942    778
   943    778
   944    778
   945    778
   946    778
   947    778
   948    778
   949    778
   934    779
   935    779
   936    779
   937    779
   938    779
   939    779
   940    779
   941    779
   942    779
   943    779
   944    779
   945    779
   946    779
   947    779
   931    780
   932    780
   933    780
   934    780
   935    780
   936    780
   937    780
   938    780
   939    780
   940    780
   941    780
   942    780
   943    780
   944    780
   945    780
   930    781
   931    781
   932    781
   933    781
   934    781
   935    781
   936    781
   937    781
   938    781
   939    781
   940    781
   941    781
   942    781
   943    781
   928    782
   929    782
   930    782
   931    782
   932    782
   933    782
   934    782
   935    782
   936    782
   937    782
   938    782
   939    782
   940    782
   941    782
   927    783
   928    783
   929    783
   930    783
   931    783
   932    783
   933    783
   934    783
   935    783
   936    783
   937    783
   938    783
   939    783
   940    783
   925    784
   926    784
   927    784
   928    784
   929    784
   930    784
   931    784
   932    784
   933    784
   934    784
   935    784
   936    784
   937    784
   938    784
   772    785
   773    785
   774    785
   775    785
   776    785
   777    785
   778    785
   779    785
   780    785
   799    785
   800    785
   804    785
   807    785
   808    785
   809    785
   810    785
   811    785
   812    785
   813    785
   814    785
   815    785
   816    785
   817    785
   818    785
   819    785
   820    785
   925    785
   926    785
   927    785
   928    785
   929    785
   930    785
   931    785
   932    785
   933    785
   934    785
   935    785
   936    785
   763    786
   764    786
   766    786
   767    786
   768    786
   769    786
   770    786
   771    786
   772    786
   773    786
   774    786
   775    786
   776    786
   777    786
   778    786
   779    786
   780    786
   781    786
   782    786
   783    786
   784    786
   785    786
   786    786
   787    786
   788    786
   789    786
   790    786
   791    786
   792    786
   793    786
   794    786
   795    786
   796    786
   797    786
   798    786
   799    786
   800    786
   801    786
   802    786
   803    786
   804    786
   805    786
   806    786
   807    786
   808    786
   809    786
   810    786
   811    786
   812    786
   813    786
   814    786
   815    786
   816    786
   817    786
   818    786
   819    786
   820    786
   821    786
   822    786
   823    786
   824    786
   825    786
   826    786
   827    786
   828    786
   829    786
   830    786
   831    786
   832    786
   833    786
   834    786
   835    786
   836    786
   837    786
   838    786
   839    786
   840    786
   841    786
   842    786
   843    786
   844    786
   845    786
   846    786
   847    786
   848    786
   924    786
   925    786
   926    786
   927    786
   928    786
   929    786
   930    786
   931    786
   932    786
   933    786
   934    786
   935    786
   751    787
   752    787
   753    787
   754    787
   755    787
   756    787
   757    787
   758    787
   759    787
   760    787
   761    787
   762    787
   763    787
   764    787
   765    787
   766    787
   767    787
   768    787
   769    787
   770    787
   771    787
   772    787
   773    787
   774    787
   775    787
   776    787
   777    787
   778    787
   779    787
   780    787
   781    787
   782    787
   783    787
   784    787
   785    787
   786    787
   787    787
   788    787
   789    787
   790    787
   791    787
   792    787
   793    787
   794    787
   795    787
   796    787
   797    787
   798    787
   799    787
   800    787
   801    787
   802    787
   803    787
   804    787
   805    787
   806    787
   807    787
   808    787
   809    787
   810    787
   811    787
   812    787
   813    787
   814    787
   815    787
   816    787
   817    787
   818    787
   819    787
   820    787
   821    787
   822    787
   823    787
   824    787
   825    787
   826    787
   827    787
   828    787
   829    787
   830    787
   831    787
   832    787
   833    787
   834    787
   835    787
   836    787
   837    787
   838    787
   839    787
   840    787
   841    787
   842    787
   843    787
   844    787
   845    787
   846    787
   847    787
   848    787
   849    787
   850    787
   851    787
   852    787
   853    787
   854    787
   855    787
   856    787
   857    787
   858    787
   859    787
   860    787
   929    787
   930    787
   931    787
   932    787
   933    787
   934    787
   739    788
   740    788
   741    788
   742    788
   743    788
   744    788
   745    788
   746    788
   747    788
   748    788
   749    788
   750    788
   751    788
   752    788
   753    788
   754    788
   755    788
   756    788
   757    788
   758    788
   759    788
   760    788
   761    788
   762    788
   763    788
   764    788
   765    788
   766    788
   767    788
   768    788
   769    788
   770    788
   771    788
   772    788
   773    788
   774    788
   775    788
   776    788
   777    788
   778    788
   779    788
   780    788
   781    788
   782    788
   783    788
   784    788
   785    788
   786    788
   787    788
   788    788
   789    788
   790    788
   791    788
   792    788
   793    788
   794    788
   795    788
   796    788
   797    788
   798    788
   799    788
   800    788
   801    788
   802    788
   803    788
   804    788
   805    788
   806    788
   807    788
   808    788
   809    788
   810    788
   811    788
   812    788
   813    788
   814    788
   815    788
   816    788
   817    788
   818    788
   819    788
   820    788
   821    788
   822    788
   823    788
   824    788
   825    788
   826    788
   827    788
   828    788
   829    788
   830    788
   831    788
   832    788
   833    788
   834    788
   835    788
   836    788
   837    788
   838    788
   839    788
   840    788
   841    788
   842    788
   843    788
   844    788
   845    788
   846    788
   847    788
   848    788
   849    788
   850    788
   851    788
   852    788
   853    788
   854    788
   855    788
   856    788
   857    788
   858    788
   859    788
   860    788
   861    788
   862    788
   863    788
   864    788
   865    788
   866    788
   867    788
   925    788
   926    788
   927    788
   928    788
   929    788
   930    788
   931    788
   932    788
   735    789
   736    789
   737    789
   738    789
   739    789
   740    789
   741    789
   742    789
   743    789
   744    789
   745    789
   746    789
   747    789
   748    789
   749    789
   750    789
   751    789
   752    789
   753    789
   754    789
   755    789
   756    789
   757    789
   758    789
   759    789
   760    789
   761    789
   762    789
   763    789
   764    789
   765    789
   766    789
   767    789
   768    789
   769    789
   770    789
   771    789
   772    789
   773    789
   774    789
   775    789
   776    789
   777    789
   778    789
   779    789
   780    789
   781    789
   782    789
   783    789
   784    789
   785    789
   786    789
   787    789
   788    789
   789    789
   790    789
   791    789
   792    789
   793    789
   794    789
   795    789
   796    789
   797    789
   798    789
   799    789
   800    789
   801    789
   802    789
   803    789
   804    789
   805    789
   806    789
   807    789
   808    789
   809    789
   810    789
   811    789
   812    789
   813    789
   814    789
   815    789
   816    789
   817    789
   818    789
   819    789
   820    789
   821    789
   822    789
   823    789
   824    789
   825    789
   826    789
   827    789
   828    789
   829    789
   830    789
   831    789
   832    789
   833    789
   834    789
   835    789
   836    789
   837    789
   838    789
   839    789
   840    789
   841    789
   842    789
   843    789
   844    789
   845    789
   846    789
   847    789
   848    789
   849    789
   850    789
   851    789
   852    789
   853    789
   854    789
   855    789
   856    789
   857    789
   858    789
   859    789
   860    789
   861    789
   862    789
   863    789
   864    789
   865    789
   866    789
   867    789
   868    789
   869    789
   870    789
   871    789
   872    789
   873    789
   874    789
   875    789
   876    789
   877    789
   878    789
   879    789
   880    789
   924    789
   925    789
   928    789
   730    790
   731    790
   732    790
   733    790
   734    790
   735    790
   736    790
   737    790
   738    790
   739    790
   740    790
   741    790
   742    790
   743    790
   744    790
   745    790
   746    790
   747    790
   748    790
   749    790
   750    790
   751    790
   752    790
   753    790
   754    790
   755    790
   756    790
   757    790
   758    790
   759    790
   760    790
   761    790
   762    790
   763    790
   764    790
   765    790
   766    790
   767    790
   768    790
   769    790
   770    790
   771    790
   772    790
   773    790
   774    790
   775    790
   776    790
   777    790
   778    790
   779    790
   780    790
   781    790
   782    790
   783    790
   784    790
   785    790
   786    790
   787    790
   788    790
   789    790
   790    790
   791    790
   792    790
   793    790
   794    790
   795    790
   796    790
   797    790
   798    790
   799    790
   800    790
   801    790
   802    790
   803    790
   804    790
   805    790
   806    790
   807    790
   808    790
   809    790
   810    790
   811    790
   812    790
   813    790
   814    790
   815    790
   816    790
   817    790
   818    790
   819    790
   820    790
   821    790
   822    790
   823    790
   824    790
   825    790
   826    790
   827    790
   828    790
   829    790
   830    790
   831    790
   832    790
   833    790
   834    790
   835    790
   836    790
   837    790
   838    790
   839    790
   840    790
   841    790
   842    790
   843    790
   844    790
   845    790
   846    790
   847    790
   848    790
   849    790
   850    790
   851    790
   852    790
   853    790
   854    790
   855    790
   856    790
   857    790
   858    790
   859    790
   860    790
   861    790
   862    790
   863    790
   864    790
   865    790
   866    790
   867    790
   868    790
   869    790
   870    790
   871    790
   872    790
   873    790
   874    790
   875    790
   876    790
   877    790
   878    790
   879    790
   880    790
   881    790
   882    790
   883    790
   884    790
   885    790
   886    790
   887    790
   726    791
   727    791
   728    791
   729    791
   730    791
   731    791
   732    791
   733    791
   734    791
   735    791
   736    791
   737    791
   738    791
   739    791
   740    791
   741    791
   742    791
   743    791
   744    791
   745    791
   746    791
   747    791
   748    791
   749    791
   750    791
   751    791
   752    791
   753    791
   754    791
   755    791
   756    791
   757    791
   758    791
   759    791
   760    791
   761    791
   762    791
   763    791
   764    791
   765    791
   766    791
   767    791
   768    791
   769    791
   770    791
   771    791
   772    791
   773    791
   774    791
   775    791
   776    791
   777    791
   778    791
   779    791
   780    791
   781    791
   782    791
   783    791
   784    791
   785    791
   786    791
   787    791
   788    791
   789    791
   790    791
   791    791
   792    791
   793    791
   794    791
   795    791
   796    791
   797    791
   798    791
   799    791
   800    791
   801    791
   802    791
   803    791
   804    791
   805    791
   806    791
   807    791
   808    791
   809    791
   810    791
   811    791
   812    791
   813    791
   814    791
   815    791
   816    791
   817    791
   818    791
   819    791
   820    791
   821    791
   822    791
   823    791
   824    791
   825    791
   826    791
   827    791
   828    791
   829    791
   830    791
   831    791
   832    791
   833    791
   834    791
   835    791
   836    791
   837    791
   838    791
   839    791
   840    791
   841    791
   842    791
   843    791
   844    791
   845    791
   846    791
   847    791
   848    791
   849    791
   850    791
   851    791
   852    791
   853    791
   854    791
   855    791
   856    791
   857    791
   858    791
   859    791
   860    791
   861    791
   862    791
   863    791
   864    791
   865    791
   866    791
   867    791
   868    791
   869    791
   870    791
   871    791
   872    791
   873    791
   874    791
   875    791
   876    791
   877    791
   878    791
   879    791
   880    791
   881    791
   882    791
   883    791
   884    791
   885    791
   886    791
   887    791
   888    791
   889    791
   890    791
   891    791
   892    791
   893    791
   894    791
   925    791
   926    791
   927    791
   721    792
   722    792
   723    792
   724    792
   725    792
   726    792
   727    792
   728    792
   729    792
   730    792
   731    792
   732    792
   733    792
   734    792
   735    792
   736    792
   737    792
   738    792
   739    792
   740    792
   741    792
   742    792
   743    792
   744    792
   745    792
   746    792
   747    792
   748    792
   749    792
   750    792
   751    792
   752    792
   753    792
   754    792
   755    792
   756    792
   757    792
   758    792
   759    792
   760    792
   761    792
   762    792
   763    792
   764    792
   765    792
   766    792
   767    792
   768    792
   769    792
   770    792
   771    792
   772    792
   773    792
   774    792
   775    792
   776    792
   777    792
   778    792
   779    792
   780    792
   781    792
   782    792
   783    792
   784    792
   785    792
   786    792
   787    792
   788    792
   789    792
   790    792
   791    792
   792    792
   793    792
   794    792
   795    792
   796    792
   797    792
   798    792
   799    792
   800    792
   801    792
   802    792
   803    792
   804    792
   805    792
   806    792
   807    792
   808    792
   809    792
   810    792
   811    792
   812    792
   813    792
   814    792
   815    792
   816    792
   817    792
   818    792
   819    792
   820    792
   821    792
   822    792
   823    792
   824    792
   825    792
   826    792
   827    792
   828    792
   829    792
   830    792
   831    792
   832    792
   833    792
   834    792
   835    792
   836    792
   837    792
   838    792
   839    792
   840    792
   841    792
   842    792
   843    792
   844    792
   845    792
   846    792
   847    792
   848    792
   849    792
   850    792
   851    792
   852    792
   853    792
   854    792
   855    792
   856    792
   857    792
   858    792
   859    792
   860    792
   861    792
   862    792
   863    792
   864    792
   865    792
   866    792
   867    792
   868    792
   869    792
   870    792
   871    792
   872    792
   873    792
   874    792
   875    792
   876    792
   877    792
   878    792
   879    792
   880    792
   881    792
   882    792
   883    792
   884    792
   885    792
   886    792
   887    792
   888    792
   889    792
   890    792
   891    792
   892    792
   893    792
   894    792
   895    792
   896    792
   897    792
   898    792
   899    792
   925    792
   717    793
   718    793
   719    793
   720    793
   721    793
   722    793
   723    793
   724    793
   725    793
   726    793
   727    793
   728    793
   729    793
   730    793
   731    793
   732    793
   733    793
   734    793
   735    793
   736    793
   737    793
   738    793
   739    793
   740    793
   741    793
   742    793
   743    793
   744    793
   745    793
   746    793
   747    793
   748    793
   749    793
   750    793
   751    793
   752    793
   753    793
   754    793
   755    793
   756    793
   757    793
   758    793
   759    793
   760    793
   761    793
   762    793
   763    793
   764    793
   765    793
   766    793
   767    793
   768    793
   769    793
   770    793
   771    793
   772    793
   773    793
   774    793
   775    793
   776    793
   777    793
   778    793
   779    793
   780    793
   781    793
   782    793
   783    793
   784    793
   785    793
   786    793
   787    793
   788    793
   789    793
   790    793
   791    793
   792    793
   793    793
   794    793
   795    793
   796    793
   797    793
   798    793
   799    793
   800    793
   801    793
   802    793
   803    793
   804    793
   805    793
   806    793
   807    793
   808    793
   809    793
   810    793
   811    793
   812    793
   813    793
   814    793
   815    793
   816    793
   817    793
   818    793
   819    793
   820    793
   821    793
   822    793
   823    793
   824    793
   825    793
   826    793
   827    793
   828    793
   829    793
   830    793
   831    793
   832    793
   833    793
   834    793
   835    793
   836    793
   837    793
   838    793
   839    793
   840    793
   841    793
   842    793
   843    793
   844    793
   845    793
   846    793
   847    793
   848    793
   849    793
   850    793
   851    793
   852    793
   853    793
   854    793
   855    793
   856    793
   857    793
   858    793
   859    793
   860    793
   861    793
   862    793
   863    793
   864    793
   865    793
   866    793
   867    793
   868    793
   869    793
   870    793
   871    793
   872    793
   873    793
   874    793
   875    793
   876    793
   877    793
   878    793
   879    793
   880    793
   881    793
   882    793
   883    793
   884    793
   885    793
   886    793
   887    793
   888    793
   889    793
   890    793
   891    793
   892    793
   893    793
   894    793
   895    793
   896    793
   897    793
   898    793
   899    793
   900    793
   901    793
   902    793
   903    793
   904    793
   905    793
   923    793
   924    793
   925    793
   712    794
   713    794
   714    794
   715    794
   716    794
   717    794
   718    794
   719    794
   720    794
   721    794
   722    794
   723    794
   724    794
   725    794
   726    794
   727    794
   728    794
   729    794
   730    794
   731    794
   732    794
   733    794
   734    794
   735    794
   736    794
   737    794
   738    794
   739    794
   740    794
   741    794
   742    794
   743    794
   744    794
   745    794
   746    794
   747    794
   748    794
   749    794
   750    794
   751    794
   752    794
   753    794
   754    794
   755    794
   756    794
   757    794
   758    794
   759    794
   760    794
   761    794
   762    794
   763    794
   764    794
   765    794
   766    794
   767    794
   768    794
   769    794
   770    794
   771    794
   772    794
   773    794
   774    794
   775    794
   776    794
   777    794
   778    794
   779    794
   780    794
   781    794
   782    794
   783    794
   784    794
   785    794
   786    794
   787    794
   788    794
   789    794
   790    794
   791    794
   792    794
   793    794
   794    794
   795    794
   796    794
   797    794
   798    794
   799    794
   800    794
   801    794
   802    794
   803    794
   804    794
   805    794
   806    794
   807    794
   808    794
   809    794
   810    794
   811    794
   812    794
   813    794
   814    794
   815    794
   816    794
   817    794
   818    794
   819    794
   820    794
   821    794
   822    794
   823    794
   824    794
   825    794
   826    794
   827    794
   828    794
   829    794
   830    794
   831    794
   832    794
   833    794
   834    794
   835    794
   836    794
   837    794
   838    794
   839    794
   840    794
   841    794
   842    794
   843    794
   844    794
   845    794
   846    794
   847    794
   848    794
   849    794
   850    794
   851    794
   852    794
   853    794
   854    794
   855    794
   856    794
   857    794
   858    794
   859    794
   860    794
   861    794
   862    794
   863    794
   864    794
   865    794
   866    794
   867    794
   868    794
   869    794
   870    794
   871    794
   872    794
   873    794
   874    794
   875    794
   876    794
   877    794
   878    794
   879    794
   880    794
   881    794
   882    794
   883    794
   884    794
   885    794
   886    794
   887    794
   888    794
   889    794
   890    794
   891    794
   892    794
   893    794
   894    794
   895    794
   896    794
   897    794
   898    794
   899    794
   900    794
   901    794
   902    794
   903    794
   904    794
   905    794
   906    794
   907    794
   908    794
   909    794
   910    794
   911    794
   912    794
   913    794
   914    794
   915    794
   916    794
   917    794
   918    794
   708    795
   709    795
   711    795
   712    795
   713    795
   714    795
   715    795
   716    795
   717    795
   718    795
   719    795
   720    795
   721    795
   722    795
   723    795
   724    795
   725    795
   726    795
   727    795
   728    795
   729    795
   730    795
   731    795
   732    795
   733    795
   734    795
   735    795
   736    795
   737    795
   738    795
   739    795
   740    795
   741    795
   742    795
   743    795
   744    795
   745    795
   746    795
   747    795
   748    795
   749    795
   750    795
   751    795
   752    795
   753    795
   754    795
   755    795
   756    795
   757    795
   758    795
   759    795
   760    795
   761    795
   762    795
   763    795
   764    795
   765    795
   766    795
   767    795
   768    795
   769    795
   770    795
   771    795
   772    795
   773    795
   774    795
   775    795
   776    795
   777    795
   778    795
   779    795
   780    795
   781    795
   782    795
   783    795
   784    795
   785    795
   786    795
   787    795
   788    795
   789    795
   790    795
   791    795
   792    795
   793    795
   794    795
   795    795
   796    795
   797    795
   798    795
   799    795
   800    795
   801    795
   802    795
   803    795
   804    795
   805    795
   806    795
   807    795
   808    795
   809    795
   810    795
   811    795
   812    795
   813    795
   814    795
   815    795
   816    795
   817    795
   818    795
   819    795
   820    795
   821    795
   822    795
   823    795
   824    795
   825    795
   826    795
   827    795
   828    795
   829    795
   830    795
   831    795
   832    795
   833    795
   834    795
   835    795
   836    795
   837    795
   838    795
   839    795
   840    795
   841    795
   842    795
   843    795
   844    795
   845    795
   846    795
   847    795
   848    795
   849    795
   850    795
   851    795
   852    795
   853    795
   854    795
   855    795
   856    795
   857    795
   858    795
   859    795
   860    795
   861    795
   862    795
   863    795
   864    795
   865    795
   866    795
   867    795
   868    795
   869    795
   870    795
   871    795
   872    795
   873    795
   874    795
   875    795
   876    795
   877    795
   878    795
   879    795
   880    795
   881    795
   882    795
   883    795
   884    795
   885    795
   886    795
   887    795
   888    795
   889    795
   890    795
   891    795
   892    795
   893    795
   894    795
   895    795
   896    795
   897    795
   898    795
   899    795
   900    795
   901    795
   902    795
   903    795
   904    795
   905    795
   906    795
   907    795
   908    795
   909    795
   910    795
   911    795
   912    795
   913    795
   914    795
   915    795
   916    795
   917    795
