  1103    730
  1104    730
  1105    730
  1106    730
  1107    730
  1108    730
  1109    730
  1110    730
  1111    730
  1098    731
  1099    731
  1100    731
  1101    731
  1102    731
  1103    731
  1104    731
  1092    732
  1093    732
  1094    732
  1095    732
  1096    732
  1097    732
  1098    732
  1099    732
  1085    733
  1086    733
  1087    733
  1088    733
  1089    733
  1090    733
  1091    733
  1092    733
  1093    733
  1080    734
  1081    734
  1082    734
  1083    734
  1084    734
  1085    734
  1086    734
  1087    734
  1075    735
  1076    735
  1077    735
  1078    735
  1079    735
  1080    735
  1081    735
  1082    735
  1070    736
  1071    736
  1072    736
  1073    736
  1074    736
  1075    736
  1076    736
  1077    736
  1065    737
  1066    737
  1067    737
  1068    737
  1069    737
  1070    737
  1071    737
  1072    737
  1061    738
  1062    738
  1063    738
  1064    738
  1065    738
  1066    738
  1067    738
  1068    738
  1069    738
  1055    739
  1056    739
  1057    739
  1058    739
  1059    739
  1060    739
  1061    739
  1062    739
  1063    739
  1051    740
  1052    740
  1053    740
  1054    740
  1055    740
  1056    740
  1057    740
  1058    740
  1046    741
  1047    741
  1048    741
  1049    741
  1050    741
  1051    741
  1052    741
  1053    741
  1054    741
  1042    742
  1043    742
  1044    742
  1045    742
  1046    742
  1047    742
  1048    742
  1038    743
  1039    743
  1040    743
  1041    743
  1042    743
  1043    743
  1044    743
  1033    744
  1034    744
  1035    744
  1036    744
  1037    744
  1038    744
  1039    744
  1040    744
  1041    744
  1029    745
  1030    745
  1031    745
  1032    745
  1033    745
  1034    745
  1035    745
  1036    745
  1025    746
  1026    746
  1027    746
  1028    746
  1029    746
  1030    746
  1031    746
  1032    746
  1021    747
  1022    747
  1023    747
  1024    747
  1025    747
  1026    747
  1027    747
  1028    747
  1029    747
  1017    748
  1018    748
  1019    748
  1020    748
  1021    748
  1022    748
  1023    748
  1024    748
  1025    748
  1013    749
  1014    749
  1015    749
  1016    749
  1017    749
  1018    749
  1019    749
  1020    749
  1021    749
  1022    749
  1009    750
  1010    750
  1011    750
  1012    750
  1013    750
  1014    750
  1015    750
  1016    750
  1017    750
  1006    751
  1007    751
  1008    751
  1009    751
  1010    751
  1011    751
  1012    751
  1013    751
  1014    751
  1002    752
  1003    752
  1004    752
  1005    752
  1006    752
  1007    752
  1008    752
  1009    752
  1010    752
   999    753
  1000    753
  1001    753
  1002    753
  1003    753
  1004    753
  1005    753
  1006    753
   996    754
   997    754
   998    754
   999    754
  1000    754
  1001    754
  1002    754
  1003    754
  1004    754
   993    755
   994    755
   995    755
   996    755
   997    755
   998    755
   999    755
  1000    755
  1001    755
   989    756
   990    756
   991    756
   992    756
   993    756
   994    756
   995    756
   996    756
   997    756
   998    756
   986    757
   987    757
   988    757
   989    757
   990    757
   991    757
   992    757
   993    757
   994    757
   995    757
   984    758
   985    758
   986    758
   987    758
   988    758
   989    758
   990    758
   991    758
   992    758
   993    758
   981    759
   982    759
   983    759
   984    759
   985    759
   986    759
   987    759
   988    759
   989    759
   990    759
   978    760
   979    760
   980    760
   981    760
   982    760
   983    760
   984    760
   985    760
   986    760
   987    760
   988    760
   975    761
   976    761
   977    761
   978    761
   979    761
   980    761
   981    761
   982    761
   983    761
   984    761
   985    761
   972    762
   973    762
   974    762
   975    762
   976    762
   977    762
   978    762
   979    762
   980    762
   981    762
   982    762
   969    763
   970    763
   971    763
   972    763
   973    763
   974    763
   975    763
   976    763
   977    763
   978    763
   979    763
   980    763
   967    764
   968    764
   969    764
   970    764
   971    764
   972    764
   973    764
   974    764
   975    764
   976    764
   977    764
   964    765
   965    765
   966    765
   967    765
   968    765
   969    765
   970    765
   971    765
   972    765
   973    765
   974    765
   975    765
   961    766
   962    766
   963    766
   964    766
   965    766
   966    766
   967    766
   968    766
   969    766
   970    766
   971    766
   972    766
   960    767
   961    767
   962    767
   963    767
   964    767
   965    767
   966    767
   967    767
   968    767
   969    767
   970    767
   971    767
   957    768
   958    768
   959    768
   960    768
   961    768
   962    768
   963    768
   964    768
   965    768
   966    768
   967    768
   968    768
   969    768
   955    769
   956    769
   957    769
   958    769
   959    769
   960    769
   961    769
   962    769
   963    769
   964    769
   965    769
   952    770
   953    770
   954    770
   955    770
   956    770
   957    770
   958    770
   959    770
   960    770
   961    770
   962    770
   963    770
   964    770
   950    771
   951    771
   952    771
   953    771
   954    771
   955    771
   956    771
   957    771
   958    771
   959    771
   960    771
   961    771
   948    772
   949    772
   950    772
   951    772
   952    772
   953    772
   954    772
   955    772
   956    772
   957    772
   958    772
   959    772
   947    773
   948    773
   949    773
   950    773
   951    773
   952    773
   953    773
   954    773
   955    773
   956    773
   957    773
   958    773
   943    774
   944    774
   945    774
   946    774
   947    774
   948    774
   949    774
   950    774
   951    774
   952    774
   953    774
   954    774
   955    774
   942    775
   943    775
   944    775
   945    775
   946    775
   947    775
   948    775
   949    775
   950    775
   951    775
   952    775
   953    775
   954    775
   824    776
   827    776
   828    776
   829    776
   831    776
   832    776
   940    776
   941    776
   942    776
   943    776
   944    776
   945    776
   946    776
   947    776
   948    776
   949    776
   950    776
   951    776
   952    776
   791    777
   792    777
   793    777
   794    777
   795    777
   796    777
   797    777
   798    777
   799    777
   800    777
   801    777
   802    777
   803    777
   804    777
   805    777
   806    777
   807    777
   808    777
   809    777
   810    777
   811    777
   812    777
   813    777
   814    777
   815    777
   816    777
   817    777
   818    777
   819    777
   820    777
   821    777
   822    777
   823    777
   824    777
   825    777
   826    777
   827    777
   828    777
   829    777
   830    777
   831    777
   832    777
   833    777
   834    777
   835    777
   836    777
   837    777
   838    777
   849    777
   850    777
   851    777
   938    777
   939    777
   940    777
   941    777
   942    777
   943    777
   944    777
   945    777
   946    777
   947    777
   948    777
   949    777
   784    778
   785    778
   786    778
   787    778
   788    778
   789    778
   790    778
   791    778
   792    778
   793    778
   794    778
   795    778
   796    778
   797    778
   798    778
   799    778
   800    778
   801    778
   802    778
   803    778
   804    778
   805    778
   806    778
   807    778
   808    778
   809    778
   810    778
   811    778
   812    778
   813    778
   814    778
   815    778
   816    778
   817    778
   818    778
   819    778
   820    778
   821    778
   822    778
   823    778
   824    778
   825    778
   826    778
   827    778
   828    778
   829    778
   830    778
   831    778
   832    778
   833    778
   834    778
   835    778
   836    778
   837    778
   838    778
   839    778
   840    778
   841    778
   842    778
   843    778
   844    778
   845    778
   846    778
   847    778
   848    778
   849    778
   850    778
   851    778
   852    778
   853    778
   854    778
   855    778
   856    778
   857    778
   858    778
   859    778
   860    778
   936    778
   937    778
   938    778
   939    778
   940    778
   941    778
   942    778
   943    778
   944    778
   945    778
   946    778
   947    778
   948    778
   780    779
   781    779
   783    779
   785    779
   786    779
   787    779
   788    779
   789    779
   790    779
   791    779
   792    779
   793    779
   794    779
   795    779
   796    779
   797    779
   798    779
   799    779
   800    779
   801    779
   802    779
   803    779
   804    779
   805    779
   806    779
   807    779
   808    779
   809    779
   810    779
   811    779
   812    779
   813    779
   814    779
   815    779
   816    779
   817    779
   818    779
   819    779
   820    779
   821    779
   822    779
   823    779
   824    779
   825    779
   826    779
   827    779
   828    779
   829    779
   830    779
   831    779
   832    779
   833    779
   834    779
   835    779
   836    779
   837    779
   838    779
   839    779
   840    779
   841    779
   842    779
   843    779
   844    779
   845    779
   846    779
   847    779
   848    779
   849    779
   850    779
   851    779
   852    779
   853    779
   854    779
   855    779
   856    779
   857    779
   858    779
   859    779
   860    779
   861    779
   862    779
   863    779
   864    779
   865    779
   866    779
   867    779
   868    779
   869    779
   870    779
   871    779
   934    779
   935    779
   936    779
   937    779
   938    779
   939    779
   940    779
   941    779
   942    779
   943    779
   944    779
   945    779
   946    779
   775    780
   776    780
   777    780
   778    780
   779    780
   780    780
   781    780
   782    780
   783    780
   784    780
   785    780
   786    780
   787    780
   788    780
   789    780
   790    780
   791    780
   792    780
   793    780
   794    780
   795    780
   796    780
   797    780
   798    780
   799    780
   800    780
   801    780
   802    780
   803    780
   804    780
   805    780
   806    780
   807    780
   808    780
   809    780
   810    780
   811    780
   812    780
   813    780
   814    780
   815    780
   816    780
   817    780
   818    780
   819    780
   820    780
   821    780
   822    780
   823    780
   824    780
   825    780
   826    780
   827    780
   828    780
   829    780
   830    780
   831    780
   832    780
   833    780
   834    780
   835    780
   836    780
   837    780
   838    780
   839    780
   840    780
   841    780
   842    780
   843    780
   844    780
   845    780
   846    780
   847    780
   848    780
   849    780
   850    780
   851    780
   852    780
   853    780
   854    780
   855    780
   856    780
   857    780
   858    780
   859    780
   860    780
   861    780
   862    780
   863    780
   864    780
   865    780
   866    780
   867    780
   868    780
   869    780
   870    780
   871    780
   872    780
   873    780
   874    780
   875    780
   876    780
   877    780
   878    780
   879    780
   880    780
   933    780
   934    780
   935    780
   936    780
   937    780
   938    780
   939    780
   940    780
   941    780
   942    780
   943    780
   944    780
   771    781
   772    781
   773    781
   774    781
   775    781
   776    781
   777    781
   778    781
   779    781
   780    781
   781    781
   782    781
   783    781
   784    781
   785    781
   786    781
   787    781
   788    781
   789    781
   790    781
   791    781
   792    781
   793    781
   794    781
   795    781
   796    781
   797    781
   798    781
   799    781
   800    781
   801    781
   802    781
   803    781
   804    781
   805    781
   806    781
   807    781
   808    781
   809    781
   810    781
   811    781
   812    781
   813    781
   814    781
   815    781
   816    781
   817    781
   818    781
   819    781
   820    781
   821    781
   822    781
   823    781
   824    781
   825    781
   826    781
   827    781
   828    781
   829    781
   830    781
   831    781
   832    781
   833    781
   834    781
   835    781
   836    781
   837    781
   838    781
   839    781
   840    781
   841    781
   842    781
   843    781
   844    781
   845    781
   846    781
   847    781
   848    781
   849    781
   850    781
   851    781
   852    781
   853    781
   854    781
   855    781
   856    781
   857    781
   858    781
   859    781
   860    781
   861    781
   862    781
   863    781
   864    781
   865    781
   866    781
   867    781
   868    781
   869    781
   870    781
   871    781
   872    781
   873    781
   874    781
   875    781
   876    781
   877    781
   878    781
   879    781
   880    781
   881    781
   882    781
   883    781
   884    781
   885    781
   886    781
   887    781
   888    781
   889    781
   890    781
   931    781
   932    781
   933    781
   934    781
   935    781
   936    781
   937    781
   938    781
   939    781
   940    781
   941    781
   942    781
   766    782
   767    782
   768    782
   769    782
   770    782
   771    782
   772    782
   773    782
   774    782
   775    782
   776    782
   777    782
   778    782
   779    782
   780    782
   781    782
   782    782
   783    782
   784    782
   785    782
   786    782
   787    782
   788    782
   789    782
   790    782
   791    782
   792    782
   793    782
   794    782
   795    782
   796    782
   797    782
   798    782
   799    782
   800    782
   801    782
   802    782
   803    782
   804    782
   805    782
   806    782
   807    782
   808    782
   809    782
   810    782
   811    782
   812    782
   813    782
   814    782
   815    782
   816    782
   817    782
   818    782
   819    782
   820    782
   821    782
   822    782
   823    782
   824    782
   825    782
   826    782
   827    782
   828    782
   829    782
   830    782
   831    782
   832    782
   833    782
   834    782
   835    782
   836    782
   837    782
   838    782
   839    782
   840    782
   841    782
   842    782
   843    782
   844    782
   845    782
   846    782
   847    782
   848    782
   849    782
   850    782
   851    782
   852    782
   853    782
   854    782
   855    782
   856    782
   857    782
   858    782
   859    782
   860    782
   861    782
   862    782
   863    782
   864    782
   865    782
   866    782
   867    782
   868    782
   869    782
   870    782
   871    782
   872    782
   873    782
   874    782
   875    782
   876    782
   877    782
   878    782
   879    782
   880    782
   881    782
   882    782
   883    782
   884    782
   885    782
   886    782
   887    782
   888    782
   889    782
   890    782
   891    782
   892    782
   893    782
   894    782
   895    782
   929    782
   930    782
   931    782
   932    782
   933    782
   934    782
   935    782
   936    782
   937    782
   938    782
   939    782
   940    782
   941    782
   762    783
   763    783
   764    783
   765    783
   766    783
   767    783
   768    783
   769    783
   770    783
   771    783
   772    783
   773    783
   774    783
   775    783
   776    783
   777    783
   778    783
   779    783
   780    783
   781    783
   782    783
   783    783
   784    783
   785    783
   786    783
   787    783
   788    783
   789    783
   790    783
   791    783
   792    783
   793    783
   794    783
   795    783
   796    783
   797    783
   798    783
   799    783
   800    783
   801    783
   802    783
   803    783
   804    783
   805    783
   806    783
   807    783
   808    783
   809    783
   810    783
   811    783
   812    783
   813    783
   814    783
   815    783
   816    783
   817    783
   818    783
   819    783
   820    783
   821    783
   822    783
   823    783
   824    783
   825    783
   826    783
   827    783
   828    783
   829    783
   830    783
   831    783
   832    783
   833    783
   834    783
   835    783
   836    783
   837    783
   838    783
   839    783
   840    783
   841    783
   842    783
   843    783
   844    783
   845    783
   846    783
   847    783
   848    783
   849    783
   850    783
   851    783
   852    783
   853    783
   854    783
   855    783
   856    783
   857    783
   858    783
   859    783
   860    783
   861    783
   862    783
   863    783
   864    783
   865    783
   866    783
   867    783
   868    783
   869    783
   870    783
   871    783
   872    783
   873    783
   874    783
   875    783
   876    783
   877    783
   878    783
   879    783
   880    783
   881    783
   882    783
   883    783
   884    783
   885    783
   886    783
   887    783
   888    783
   889    783
   890    783
   891    783
   892    783
   893    783
   894    783
   895    783
   896    783
   897    783
   898    783
   899    783
   900    783
   901    783
   902    783
   903    783
   904    783
   927    783
   928    783
   929    783
   930    783
   931    783
   932    783
   933    783
   934    783
   935    783
   936    783
   937    783
   938    783
   939    783
   757    784
   758    784
   759    784
   760    784
   761    784
   762    784
   763    784
   764    784
   765    784
   766    784
   767    784
   768    784
   769    784
   770    784
   771    784
   772    784
   773    784
   774    784
   775    784
   776    784
   777    784
   778    784
   779    784
   780    784
   781    784
   782    784
   783    784
   784    784
   785    784
   786    784
   787    784
   788    784
   789    784
   790    784
   791    784
   792    784
   793    784
   794    784
   795    784
   796    784
   797    784
   798    784
   799    784
   800    784
   801    784
   802    784
   803    784
   804    784
   805    784
   806    784
   807    784
   808    784
   809    784
   810    784
   811    784
   812    784
   813    784
   814    784
   815    784
   816    784
   817    784
   818    784
   819    784
   820    784
   821    784
   822    784
   823    784
   824    784
   825    784
   826    784
   827    784
   828    784
   829    784
   830    784
   831    784
   832    784
   833    784
   834    784
   835    784
   836    784
   837    784
   838    784
   839    784
   840    784
   841    784
   842    784
   843    784
   844    784
   845    784
   846    784
   847    784
   848    784
   849    784
   850    784
   851    784
   852    784
   853    784
   854    784
   855    784
   856    784
   857    784
   858    784
   859    784
   860    784
   861    784
   862    784
   863    784
   864    784
   865    784
   866    784
   867    784
   868    784
   869    784
   870    784
   871    784
   872    784
   873    784
   874    784
   875    784
   876    784
   877    784
   878    784
   879    784
   880    784
   881    784
   882    784
   883    784
   884    784
   885    784
   886    784
   887    784
   888    784
   889    784
   890    784
   891    784
   892    784
   893    784
   894    784
   895    784
   896    784
   897    784
   898    784
   899    784
   900    784
   901    784
   902    784
   903    784
   904    784
   905    784
   906    784
   907    784
   908    784
   909    784
   910    784
   911    784
   925    784
   926    784
   927    784
   928    784
   929    784
   930    784
   931    784
   932    784
   933    784
   934    784
   935    784
   936    784
   937    784
   753    785
   754    785
   755    785
   756    785
   757    785
   758    785
   759    785
   760    785
   761    785
   762    785
   763    785
   764    785
   765    785
   766    785
   767    785
   768    785
   769    785
   770    785
   771    785
   772    785
   773    785
   774    785
   775    785
   776    785
   777    785
   778    785
   779    785
   780    785
   781    785
   782    785
   783    785
   784    785
   785    785
   786    785
   787    785
   788    785
   789    785
   790    785
   791    785
   792    785
   793    785
   794    785
   795    785
   796    785
   797    785
   798    785
   799    785
   800    785
   801    785
   802    785
   803    785
   804    785
   805    785
   806    785
   807    785
   808    785
   809    785
   810    785
   811    785
   812    785
   813    785
   814    785
   815    785
   816    785
   817    785
   818    785
   819    785
   820    785
   821    785
   822    785
   823    785
   824    785
   825    785
   826    785
   827    785
   828    785
   829    785
   830    785
   831    785
   832    785
   833    785
   834    785
   835    785
   836    785
   837    785
   838    785
   839    785
   840    785
   841    785
   842    785
   843    785
   844    785
   845    785
   846    785
   847    785
   848    785
   849    785
   850    785
   851    785
   852    785
   853    785
   854    785
   855    785
   856    785
   857    785
   858    785
   859    785
   860    785
   861    785
   862    785
   863    785
   864    785
   865    785
   866    785
   867    785
   868    785
   869    785
   870    785
   871    785
   872    785
   873    785
   874    785
   875    785
   876    785
   877    785
   878    785
   879    785
   880    785
   881    785
   882    785
   883    785
   884    785
   885    785
   886    785
   887    785
   888    785
   889    785
   890    785
   891    785
   892    785
   893    785
   894    785
   895    785
   896    785
   897    785
   898    785
   899    785
   900    785
   901    785
   902    785
   903    785
   904    785
   905    785
   906    785
   907    785
   908    785
   909    785
   910    785
   911    785
   912    785
   913    785
   914    785
   915    785
   916    785
   917    785
   918    785
   919    785
   920    785
   924    785
   925    785
   926    785
   927    785
   928    785
   929    785
   930    785
   931    785
   932    785
   933    785
   934    785
   935    785
   936    785
   748    786
   749    786
   750    786
   751    786
   752    786
   753    786
   754    786
   755    786
   756    786
   757    786
   758    786
   759    786
   760    786
   761    786
   762    786
   763    786
   764    786
   765    786
   766    786
   767    786
   768    786
   769    786
   770    786
   771    786
   772    786
   773    786
   774    786
   775    786
   776    786
   777    786
   778    786
   779    786
   780    786
   781    786
   782    786
   783    786
   784    786
   785    786
   786    786
   787    786
   788    786
   789    786
   790    786
   791    786
   792    786
   793    786
   794    786
   795    786
   796    786
   797    786
   798    786
   799    786
   800    786
   801    786
   802    786
   803    786
   804    786
   805    786
   806    786
   807    786
   808    786
   809    786
   810    786
   811    786
   812    786
   813    786
   814    786
   815    786
   816    786
   817    786
   818    786
   819    786
   820    786
   821    786
   822    786
   823    786
   824    786
   825    786
   826    786
   827    786
   828    786
   829    786
   830    786
   831    786
   832    786
   833    786
   834    786
   835    786
   836    786
   837    786
   838    786
   839    786
   840    786
   841    786
   842    786
   843    786
   844    786
   845    786
   846    786
   847    786
   848    786
   849    786
   850    786
   851    786
   852    786
   853    786
   854    786
   855    786
   856    786
   857    786
   858    786
   859    786
   860    786
   861    786
   862    786
   863    786
   864    786
   865    786
   866    786
   867    786
   868    786
   869    786
   870    786
   871    786
   872    786
   873    786
   874    786
   875    786
   876    786
   877    786
   878    786
   879    786
   880    786
   881    786
   882    786
   883    786
   884    786
   885    786
   886    786
   887    786
   888    786
   889    786
   890    786
   891    786
   892    786
   893    786
   894    786
   895    786
   896    786
   897    786
   898    786
   899    786
   900    786
   901    786
   902    786
   903    786
   904    786
   905    786
   906    786
   907    786
   908    786
   909    786
   910    786
   911    786
   912    786
   913    786
   914    786
   915    786
   916    786
   917    786
   918    786
   919    786
   920    786
   921    786
   922    786
   923    786
   929    786
   930    786
   931    786
   932    786
   933    786
   934    786
   744    787
   745    787
   746    787
   747    787
   748    787
   749    787
   750    787
   751    787
   752    787
   753    787
   754    787
   755    787
   756    787
   757    787
   758    787
   759    787
   760    787
   761    787
   762    787
   763    787
   764    787
   765    787
   766    787
   767    787
   768    787
   769    787
   770    787
   771    787
   772    787
   773    787
   774    787
   775    787
   776    787
   777    787
   778    787
   779    787
   780    787
   781    787
   782    787
   783    787
   784    787
   785    787
   786    787
   787    787
   788    787
   789    787
   790    787
   791    787
   792    787
   793    787
   794    787
   795    787
   796    787
   797    787
   798    787
   799    787
   800    787
   801    787
   802    787
   803    787
   804    787
   805    787
   806    787
   807    787
   808    787
   809    787
   810    787
   811    787
   812    787
   813    787
   814    787
   815    787
   816    787
   817    787
   818    787
   819    787
   820    787
   821    787
   822    787
   823    787
   824    787
   825    787
   826    787
   827    787
   828    787
   829    787
   830    787
   831    787
   832    787
   833    787
   834    787
   835    787
   836    787
   837    787
   838    787
   839    787
   840    787
   841    787
   842    787
   843    787
   844    787
   845    787
   846    787
   847    787
   848    787
   849    787
   850    787
   851    787
   852    787
   853    787
   854    787
   855    787
   856    787
   857    787
   858    787
   859    787
   860    787
   861    787
   862    787
   863    787
   864    787
   865    787
   866    787
   867    787
   868    787
   869    787
   870    787
   871    787
   872    787
   873    787
   874    787
   875    787
   876    787
   877    787
   878    787
   879    787
   880    787
   881    787
   882    787
   883    787
   884    787
   885    787
   886    787
   887    787
   888    787
   889    787
   890    787
   891    787
   892    787
   893    787
   894    787
   895    787
   896    787
   897    787
   898    787
   899    787
   900    787
   901    787
   902    787
   903    787
   904    787
   905    787
   906    787
   907    787
   908    787
   909    787
   910    787
   911    787
   912    787
   913    787
   914    787
   915    787
   916    787
   917    787
   918    787
   919    787
   920    787
   921    787
   922    787
   923    787
   924    787
   925    787
   926    787
   739    788
   740    788
   741    788
   742    788
   743    788
   744    788
   745    788
   746    788
   747    788
   748    788
   749    788
   750    788
   751    788
   752    788
   753    788
   754    788
   755    788
   756    788
   757    788
   758    788
   759    788
   760    788
   761    788
   762    788
   763    788
   764    788
   765    788
   766    788
   767    788
   768    788
   769    788
   770    788
   771    788
   772    788
   773    788
   774    788
   775    788
   776    788
   777    788
   778    788
   779    788
   780    788
   781    788
   782    788
   783    788
   784    788
   785    788
   786    788
   787    788
   788    788
   789    788
   790    788
   791    788
   792    788
   793    788
   794    788
   795    788
   796    788
   797    788
   798    788
   799    788
   800    788
   801    788
   802    788
   803    788
   804    788
   805    788
   806    788
   807    788
   808    788
   809    788
   810    788
   811    788
   812    788
   813    788
   814    788
   815    788
   816    788
   817    788
   818    788
   819    788
   820    788
   821    788
   822    788
   823    788
   824    788
   825    788
   826    788
   827    788
   828    788
   829    788
   830    788
   831    788
   832    788
   833    788
   834    788
   835    788
   836    788
   837    788
   838    788
   839    788
   840    788
   841    788
   842    788
   843    788
   844    788
   845    788
   846    788
   847    788
   848    788
   849    788
   850    788
   851    788
   852    788
   853    788
   854    788
   855    788
   856    788
   857    788
   858    788
   859    788
   860    788
   861    788
   862    788
   863    788
   864    788
   865    788
   866    788
   867    788
   868    788
   869    788
   870    788
   871    788
   872    788
   873    788
   874    788
   875    788
   876    788
   877    788
   878    788
   879    788
   880    788
   881    788
   882    788
   883    788
   884    788
   885    788
   886    788
   887    788
   888    788
   889    788
   890    788
   891    788
   892    788
   893    788
   894    788
   895    788
   896    788
   897    788
   898    788
   899    788
   900    788
   901    788
   902    788
   903    788
   904    788
   905    788
   906    788
   907    788
   908    788
   909    788
   910    788
   911    788
   912    788
   913    788
   914    788
   915    788
   916    788
   917    788
   918    788
   919    788
   920    788
   921    788
   922    788
   923    788
   924    788
   925    788
   926    788
   927    788
   928    788
   929    788
   930    788
   931    788
   932    788
   934    788
   935    788
   937    788
   938    788
   735    789
   736    789
   737    789
   738    789
   739    789
   740    789
   741    789
   742    789
   743    789
   744    789
   745    789
   746    789
   747    789
   748    789
   749    789
   750    789
   751    789
   752    789
   753    789
   754    789
   755    789
   756    789
   757    789
   758    789
   759    789
   760    789
   761    789
   762    789
   763    789
   764    789
   765    789
   766    789
   767    789
   768    789
   769    789
   770    789
   771    789
   772    789
   773    789
   774    789
   775    789
   776    789
   777    789
   778    789
   779    789
   780    789
   781    789
   782    789
   783    789
   784    789
   785    789
   786    789
   787    789
   788    789
   789    789
   790    789
   791    789
   792    789
   793    789
   794    789
   795    789
   796    789
   797    789
   798    789
   799    789
   800    789
   801    789
   802    789
   803    789
   804    789
   805    789
   806    789
   807    789
   808    789
   809    789
   810    789
   811    789
   812    789
   813    789
   814    789
   815    789
   816    789
   817    789
   818    789
   819    789
   820    789
   821    789
   822    789
   823    789
   824    789
   825    789
   826    789
   827    789
   828    789
   829    789
   830    789
   831    789
   832    789
   833    789
   834    789
   835    789
   836    789
   837    789
   838    789
   839    789
   840    789
   841    789
   842    789
   843    789
   844    789
   845    789
   846    789
   847    789
   848    789
   849    789
   850    789
   851    789
   852    789
   853    789
   854    789
   855    789
   856    789
   857    789
   858    789
   859    789
   860    789
   861    789
   862    789
   863    789
   864    789
   865    789
   866    789
   867    789
   868    789
   869    789
   870    789
   871    789
   872    789
   873    789
   874    789
   875    789
   876    789
   877    789
   878    789
   879    789
   880    789
   881    789
   882    789
   883    789
   884    789
   885    789
   886    789
   887    789
   888    789
   889    789
   890    789
   891    789
   892    789
   893    789
   894    789
   895    789
   896    789
   897    789
   898    789
   899    789
   900    789
   901    789
   902    789
   903    789
   904    789
   905    789
   906    789
   907    789
   908    789
   909    789
   910    789
   911    789
   912    789
   913    789
   914    789
   915    789
   916    789
   917    789
   918    789
   919    789
   920    789
   921    789
   922    789
   923    789
   924    789
   925    789
   926    789
   927    789
   928    789
   929    789
   930    789
   931    789
   932    789
   933    789
   934    789
   935    789
   936    789
   937    789
   938    789
   939    789
   940    789
   941    789
   942    789
   943    789
   944    789
   730    790
   731    790
   732    790
   733    790
   734    790
   735    790
   736    790
   737    790
   738    790
   739    790
   740    790
   741    790
   742    790
   743    790
   744    790
   745    790
   746    790
   747    790
   748    790
   749    790
   750    790
   751    790
   752    790
   753    790
   754    790
   755    790
   756    790
   757    790
   758    790
   759    790
   760    790
   761    790
   762    790
   763    790
   764    790
   765    790
   766    790
   767    790
   768    790
   769    790
   770    790
   771    790
   772    790
   773    790
   774    790
   775    790
   776    790
   777    790
   778    790
   779    790
   780    790
   781    790
   782    790
   783    790
   784    790
   785    790
   786    790
   787    790
   788    790
   789    790
   790    790
   791    790
   792    790
   793    790
   794    790
   795    790
   796    790
   797    790
   798    790
   799    790
   800    790
   801    790
   802    790
   803    790
   804    790
   805    790
   806    790
   807    790
   808    790
   809    790
   810    790
   811    790
   812    790
   813    790
   814    790
   815    790
   816    790
   817    790
   818    790
   819    790
   820    790
   821    790
   822    790
   823    790
   824    790
   825    790
   826    790
   827    790
   828    790
   829    790
   830    790
   831    790
   832    790
   833    790
   834    790
   835    790
   836    790
   837    790
   838    790
   839    790
   840    790
   841    790
   842    790
   843    790
   844    790
   845    790
   846    790
   847    790
   848    790
   849    790
   850    790
   851    790
   852    790
   853    790
   854    790
   855    790
   856    790
   857    790
   858    790
   859    790
   860    790
   861    790
   862    790
   863    790
   864    790
   865    790
   866    790
   867    790
   868    790
   869    790
   870    790
   871    790
   872    790
   873    790
   874    790
   875    790
   876    790
   877    790
   878    790
   879    790
   880    790
   881    790
   882    790
   883    790
   884    790
   885    790
   886    790
   887    790
   888    790
   889    790
   890    790
   891    790
   892    790
   893    790
   894    790
   895    790
   896    790
   897    790
   898    790
   899    790
   900    790
   901    790
   902    790
   903    790
   904    790
   905    790
   906    790
   907    790
   908    790
   909    790
   910    790
   911    790
   912    790
   913    790
   914    790
   915    790
   916    790
   917    790
   918    790
   919    790
   920    790
   921    790
   922    790
   923    790
   924    790
   925    790
   926    790
   927    790
   928    790
   929    790
   930    790
   931    790
   932    790
   933    790
   934    790
   935    790
   936    790
   937    790
   938    790
   939    790
   940    790
   941    790
   942    790
   943    790
   944    790
   945    790
   946    790
   947    790
   948    790
   949    790
   950    790
   951    790
   726    791
   727    791
   728    791
   729    791
   730    791
   731    791
   732    791
   733    791
   734    791
   735    791
   736    791
   737    791
   738    791
   739    791
   740    791
   741    791
   742    791
   743    791
   744    791
   745    791
   746    791
   747    791
   748    791
   749    791
   750    791
   751    791
   752    791
   753    791
   754    791
   755    791
   756    791
   757    791
   758    791
   759    791
   760    791
   761    791
   762    791
   763    791
   764    791
   765    791
   766    791
   767    791
   768    791
   769    791
   770    791
   771    791
   772    791
   773    791
   774    791
   775    791
   776    791
   777    791
   778    791
   779    791
   780    791
   781    791
   782    791
   783    791
   784    791
   785    791
   786    791
   787    791
   788    791
   789    791
   790    791
   791    791
   792    791
   793    791
   794    791
   795    791
   796    791
   797    791
   798    791
   799    791
   800    791
   801    791
   802    791
   803    791
   804    791
   805    791
   806    791
   807    791
   808    791
   809    791
   810    791
   811    791
   812    791
   813    791
   814    791
   815    791
   816    791
   817    791
   818    791
   819    791
   820    791
   821    791
   822    791
   823    791
   824    791
   825    791
   826    791
   827    791
   828    791
   829    791
   830    791
   831    791
   832    791
   833    791
   834    791
   835    791
   836    791
   837    791
   838    791
   839    791
   840    791
   841    791
   842    791
   843    791
   844    791
   845    791
   846    791
   847    791
   848    791
   849    791
   850    791
   851    791
   852    791
   853    791
   854    791
   855    791
   856    791
   857    791
   858    791
   859    791
   860    791
   861    791
   862    791
   863    791
   864    791
   865    791
   866    791
   867    791
   868    791
   869    791
   870    791
   871    791
   872    791
   873    791
   874    791
   875    791
   876    791
   877    791
   878    791
   879    791
   880    791
   881    791
   882    791
   883    791
   884    791
   885    791
   886    791
   887    791
   888    791
   889    791
   890    791
   891    791
   892    791
   893    791
   894    791
   895    791
   896    791
   897    791
   898    791
   899    791
   900    791
   901    791
   902    791
   903    791
   904    791
   905    791
   906    791
   907    791
   908    791
   909    791
   910    791
   911    791
   912    791
   913    791
   914    791
   915    791
   916    791
   917    791
   918    791
   919    791
   920    791
   921    791
   922    791
   923    791
   924    791
   925    791
   926    791
   927    791
   928    791
   929    791
   930    791
   931    791
   932    791
   933    791
   934    791
   935    791
   936    791
   937    791
   938    791
   939    791
   940    791
   941    791
   942    791
   943    791
   944    791
   945    791
   946    791
   947    791
   948    791
   949    791
   950    791
   951    791
   952    791
   953    791
   954    791
   955    791
   956    791
   957    791
   721    792
   722    792
   723    792
   724    792
   725    792
   726    792
   727    792
   728    792
   729    792
   730    792
   731    792
   732    792
   733    792
   734    792
   735    792
   736    792
   737    792
   738    792
   739    792
   740    792
   741    792
   742    792
   743    792
   744    792
   745    792
   746    792
   747    792
   748    792
   749    792
   750    792
   751    792
   752    792
   753    792
   754    792
   755    792
   756    792
   757    792
   758    792
   759    792
   760    792
   761    792
   762    792
   763    792
   764    792
   765    792
   766    792
   767    792
   768    792
   769    792
   770    792
   771    792
   772    792
   773    792
   774    792
   775    792
   776    792
   777    792
   778    792
   779    792
   780    792
   781    792
   782    792
   783    792
   784    792
   785    792
   786    792
   787    792
   788    792
   789    792
   790    792
   791    792
   792    792
   793    792
   794    792
   795    792
   796    792
   797    792
   798    792
   799    792
   800    792
   801    792
   802    792
   803    792
   804    792
   805    792
   806    792
   807    792
   808    792
   809    792
   810    792
   811    792
   812    792
   813    792
   814    792
   815    792
   816    792
   817    792
   818    792
   819    792
   820    792
   821    792
   822    792
   823    792
   824    792
   825    792
   826    792
   827    792
   828    792
   829    792
   830    792
   831    792
   832    792
   833    792
   834    792
   835    792
   836    792
   837    792
   838    792
   839    792
   840    792
   841    792
   842    792
   843    792
   844    792
   845    792
   846    792
   847    792
   848    792
   849    792
   850    792
   851    792
   852    792
   853    792
   854    792
   855    792
   856    792
   857    792
   858    792
   859    792
   860    792
   861    792
   862    792
   863    792
   864    792
   865    792
   866    792
   867    792
   868    792
   869    792
   870    792
   871    792
   872    792
   873    792
   874    792
   875    792
   876    792
   877    792
   878    792
   879    792
   880    792
   881    792
   882    792
   883    792
   884    792
   885    792
   886    792
   887    792
   888    792
   889    792
   890    792
   891    792
   892    792
   893    792
   894    792
   895    792
   896    792
   897    792
   898    792
   899    792
   900    792
   901    792
   902    792
   903    792
   904    792
   905    792
   906    792
   907    792
   908    792
   909    792
   910    792
   911    792
   912    792
   913    792
   914    792
   915    792
   916    792
   917    792
   918    792
   919    792
   920    792
   921    792
   922    792
   923    792
   924    792
   925    792
   926    792
   927    792
   928    792
   929    792
   930    792
   931    792
   932    792
   933    792
   934    792
   935    792
   936    792
   937    792
   938    792
   939    792
   940    792
   941    792
   942    792
   943    792
   944    792
   945    792
   946    792
   947    792
   948    792
   949    792
   950    792
   951    792
   952    792
   953    792
   954    792
   955    792
   956    792
   957    792
   958    792
   959    792
   960    792
   961    792
   962    792
   717    793
   718    793
   719    793
   720    793
   721    793
   722    793
   723    793
   724    793
   725    793
   726    793
   727    793
   728    793
   729    793
   730    793
   731    793
   732    793
   733    793
   734    793
   735    793
   736    793
   737    793
   738    793
   739    793
   740    793
   741    793
   742    793
   743    793
   744    793
   745    793
   746    793
   747    793
   748    793
   749    793
   750    793
   751    793
   752    793
   753    793
   754    793
   755    793
   756    793
   757    793
   758    793
   759    793
   760    793
   761    793
   762    793
   763    793
   764    793
   765    793
   766    793
   767    793
   768    793
   769    793
   770    793
   771    793
   772    793
   773    793
   774    793
   775    793
   776    793
   777    793
   778    793
   779    793
   780    793
   781    793
   782    793
   783    793
   784    793
   785    793
   786    793
   787    793
   788    793
   789    793
   790    793
   791    793
   792    793
   793    793
   794    793
   795    793
   796    793
   797    793
   798    793
   799    793
   800    793
   801    793
   802    793
   803    793
   804    793
   805    793
   806    793
   807    793
   808    793
   809    793
   810    793
   811    793
   812    793
   813    793
   814    793
   815    793
   816    793
   817    793
   818    793
   819    793
   820    793
   821    793
   822    793
   823    793
   824    793
   825    793
   826    793
   827    793
   828    793
   829    793
   830    793
   831    793
   832    793
   833    793
   834    793
   835    793
   836    793
   837    793
   838    793
   839    793
   840    793
   841    793
   842    793
   843    793
   844    793
   845    793
   846    793
   847    793
   848    793
   849    793
   850    793
   851    793
   852    793
   853    793
   854    793
   855    793
   856    793
   857    793
   858    793
   859    793
   860    793
   861    793
   862    793
   863    793
   864    793
   865    793
   866    793
   867    793
   868    793
   869    793
   870    793
   871    793
   872    793
   873    793
   874    793
   875    793
   876    793
   877    793
   878    793
   879    793
   880    793
   881    793
   882    793
   883    793
   884    793
   885    793
   886    793
   887    793
   888    793
   889    793
   890    793
   891    793
   892    793
   893    793
   894    793
   895    793
   896    793
   897    793
   898    793
   899    793
   900    793
   901    793
   902    793
   903    793
   904    793
   905    793
   906    793
   907    793
   908    793
   909    793
   910    793
   911    793
   912    793
   913    793
   914    793
   915    793
   916    793
   917    793
   918    793
   919    793
   920    793
   921    793
   922    793
   923    793
   924    793
   925    793
   926    793
   927    793
   928    793
   929    793
   930    793
   931    793
   932    793
   933    793
   934    793
   935    793
   936    793
   937    793
   938    793
   939    793
   940    793
   941    793
   942    793
   943    793
   944    793
   945    793
   946    793
   947    793
   948    793
   949    793
   950    793
   951    793
   952    793
   953    793
   954    793
   955    793
   956    793
   957    793
   958    793
   959    793
   960    793
   961    793
   962    793
   963    793
   964    793
   965    793
   966    793
   967    793
   968    793
   969    793
   712    794
   713    794
   714    794
   715    794
   716    794
   717    794
   718    794
   719    794
   720    794
   721    794
   722    794
   723    794
   724    794
   725    794
   726    794
   727    794
   728    794
   729    794
   730    794
   731    794
   732    794
   733    794
   734    794
   735    794
   736    794
   737    794
   738    794
   739    794
   740    794
   741    794
   742    794
   743    794
   744    794
   745    794
   746    794
   747    794
   748    794
   749    794
   750    794
   751    794
   752    794
   753    794
   754    794
   755    794
   756    794
   757    794
   758    794
   759    794
   760    794
   761    794
   762    794
   763    794
   764    794
   765    794
   766    794
   767    794
   768    794
   769    794
   770    794
   771    794
   772    794
   773    794
   774    794
   775    794
   776    794
   777    794
   778    794
   779    794
   780    794
   781    794
   782    794
   783    794
   784    794
   785    794
   786    794
   787    794
   788    794
   789    794
   790    794
   791    794
   792    794
   793    794
   794    794
   795    794
   796    794
   797    794
   798    794
   799    794
   800    794
   801    794
   802    794
   803    794
   804    794
   805    794
   806    794
   807    794
   808    794
   809    794
   810    794
   811    794
   812    794
   813    794
   814    794
   815    794
   816    794
   817    794
   818    794
   819    794
   820    794
   821    794
   822    794
   823    794
   824    794
   825    794
   826    794
   827    794
   828    794
   829    794
   830    794
   831    794
   832    794
   833    794
   834    794
   835    794
   836    794
   837    794
   838    794
   839    794
   840    794
   841    794
   842    794
   843    794
   844    794
   845    794
   846    794
   847    794
   848    794
   849    794
   850    794
   851    794
   852    794
   853    794
   854    794
   855    794
   856    794
   857    794
   858    794
   859    794
   860    794
   861    794
   862    794
   863    794
   864    794
   865    794
   866    794
   867    794
   868    794
   869    794
   870    794
   871    794
   872    794
   873    794
   874    794
   875    794
   876    794
   877    794
   878    794
   879    794
   880    794
   881    794
   882    794
   883    794
   884    794
   885    794
   886    794
   887    794
   888    794
   889    794
   890    794
   891    794
   892    794
   893    794
   894    794
   895    794
   896    794
   897    794
   898    794
   899    794
   900    794
   901    794
   902    794
   903    794
   904    794
   905    794
   906    794
   907    794
   908    794
   909    794
   910    794
   911    794
   912    794
   913    794
   914    794
   915    794
   916    794
   917    794
   918    794
   919    794
   920    794
   921    794
   922    794
   923    794
   924    794
   925    794
   926    794
   927    794
   928    794
   929    794
   930    794
   931    794
   932    794
   933    794
   934    794
   935    794
   936    794
   937    794
   938    794
   939    794
   940    794
   941    794
   942    794
   943    794
   944    794
   945    794
   946    794
   947    794
   948    794
   949    794
   950    794
   951    794
   952    794
   953    794
   954    794
   955    794
   956    794
   957    794
   958    794
   959    794
   960    794
   961    794
   962    794
   963    794
   964    794
   965    794
   966    794
   967    794
   968    794
   969    794
   970    794
   971    794
   972    794
   973    794
   974    794
   975    794
   976    794
   708    795
   709    795
   710    795
   711    795
   712    795
   713    795
   714    795
   715    795
   716    795
   717    795
   718    795
   719    795
   720    795
   721    795
   722    795
   723    795
   724    795
   725    795
   726    795
   727    795
   728    795
   729    795
   730    795
   731    795
   732    795
   733    795
   734    795
   735    795
   736    795
   737    795
   738    795
   739    795
   740    795
   741    795
   742    795
   743    795
   744    795
   745    795
   746    795
   747    795
   748    795
   749    795
   750    795
   751    795
   752    795
   753    795
   754    795
   755    795
   756    795
   757    795
   758    795
   759    795
   760    795
   761    795
   762    795
   763    795
   764    795
   765    795
   766    795
   767    795
   768    795
   769    795
   770    795
   771    795
   772    795
   773    795
   774    795
   775    795
   776    795
   777    795
   778    795
   779    795
   780    795
   781    795
   782    795
   783    795
   784    795
   785    795
   786    795
   787    795
   788    795
   789    795
   790    795
   791    795
   792    795
   793    795
   794    795
   795    795
   796    795
   797    795
   798    795
   799    795
   800    795
   801    795
   802    795
   803    795
   804    795
   805    795
   806    795
   807    795
   808    795
   809    795
   810    795
   811    795
   812    795
   813    795
   814    795
   815    795
   816    795
   817    795
   818    795
   819    795
   820    795
   821    795
   822    795
   823    795
   824    795
   825    795
   826    795
   827    795
   828    795
   829    795
   830    795
   831    795
   832    795
   833    795
   834    795
   835    795
   836    795
   837    795
   838    795
   839    795
   840    795
   841    795
   842    795
   843    795
   844    795
   845    795
   846    795
   847    795
   848    795
   849    795
   850    795
   851    795
   852    795
   853    795
   854    795
   855    795
   856    795
   857    795
   858    795
   859    795
   860    795
   861    795
   862    795
   863    795
   864    795
   865    795
   866    795
   867    795
   868    795
   869    795
   870    795
   871    795
   872    795
   873    795
   874    795
   875    795
   876    795
   877    795
   878    795
   879    795
   880    795
   881    795
   882    795
   883    795
   884    795
   885    795
   886    795
   887    795
   888    795
   889    795
   890    795
   891    795
   892    795
   893    795
   894    795
   895    795
   896    795
   897    795
   898    795
   899    795
   900    795
   901    795
   902    795
   903    795
   904    795
   905    795
   906    795
   907    795
   908    795
   909    795
   910    795
   911    795
   912    795
   913    795
   914    795
   915    795
   916    795
   917    795
   918    795
   919    795
   920    795
   921    795
   922    795
   923    795
   924    795
   925    795
   926    795
   927    795
   928    795
   929    795
   930    795
   931    795
   932    795
   933    795
   934    795
   935    795
   936    795
   937    795
   938    795
   939    795
   940    795
   941    795
   942    795
   943    795
   944    795
   945    795
   946    795
   947    795
   948    795
   949    795
   950    795
   951    795
   952    795
   953    795
   954    795
   955    795
   956    795
   957    795
   958    795
   959    795
   960    795
   961    795
   962    795
   963    795
   964    795
   965    795
   966    795
   967    795
   968    795
   969    795
   970    795
   971    795
   972    795
   973    795
   974    795
   975    795
   976    795
