   895    732
   896    732
   897    732
   898    732
   899    732
   895    733
   896    733
   897    733
   898    733
   899    733
   894    734
   895    734
   896    734
   897    734
   898    734
   894    735
   895    735
   896    735
   897    735
   898    735
   894    736
   895    736
   896    736
   897    736
   898    736
   894    737
   895    737
   896    737
   897    737
   898    737
   893    738
   894    738
   895    738
   896    738
   897    738
   898    738
   893    739
   894    739
   895    739
   896    739
   897    739
   898    739
   893    740
   894    740
   895    740
   896    740
   892    741
   893    741
   894    741
   895    741
   896    741
   892    742
   893    742
   894    742
   895    742
   896    742
   897    742
   892    743
   893    743
   894    743
   895    743
   896    743
   897    743
   892    744
   893    744
   894    744
   895    744
   896    744
   897    744
   892    745
   893    745
   894    745
   895    745
   896    745
   891    746
   892    746
   893    746
   894    746
   895    746
   896    746
   891    747
   892    747
   893    747
   894    747
   895    747
   896    747
   891    748
   892    748
   893    748
   894    748
   895    748
   891    749
   892    749
   893    749
   894    749
   895    749
   891    750
   892    750
   893    750
   894    750
   891    751
   892    751
   893    751
   894    751
   891    752
   892    752
   893    752
   891    753
   892    753
   893    753
   890    754
   891    754
   892    754
   890    755
   891    755
   892    755
   890    756
   891    756
   890    757
