  1088    730
  1099    730
  1100    730
  1101    730
  1102    730
  1114    730
  1115    730
  1116    730
  1117    730
  1119    730
  1120    730
  1121    730
  1077    731
  1078    731
  1079    731
  1080    731
  1081    731
  1082    731
  1083    731
  1084    731
  1087    731
  1088    731
  1096    731
  1097    731
  1107    731
  1108    731
  1109    731
  1110    731
  1111    731
  1114    731
  1073    732
  1074    732
  1075    732
  1076    732
  1077    732
  1078    732
  1079    732
  1080    732
  1081    732
  1082    732
  1083    732
  1084    732
  1085    732
  1086    732
  1087    732
  1088    732
  1091    732
  1092    732
  1101    732
  1102    732
  1103    732
  1104    732
  1105    732
  1107    732
  1108    732
  1109    732
  1110    732
  1072    733
  1073    733
  1074    733
  1075    733
  1076    733
  1077    733
  1078    733
  1079    733
  1080    733
  1081    733
  1082    733
  1083    733
  1084    733
  1085    733
  1086    733
  1094    733
  1098    733
  1099    733
  1100    733
  1101    733
  1102    733
  1103    733
  1066    734
  1067    734
  1068    734
  1069    734
  1070    734
  1071    734
  1072    734
  1073    734
  1074    734
  1075    734
  1076    734
  1077    734
  1078    734
  1079    734
  1080    734
  1081    734
  1088    734
  1089    734
  1096    734
  1097    734
  1098    734
  1099    734
  1062    735
  1063    735
  1064    735
  1065    735
  1066    735
  1067    735
  1068    735
  1069    735
  1070    735
  1071    735
  1072    735
  1073    735
  1074    735
  1075    735
  1083    735
  1084    735
  1085    735
  1086    735
  1087    735
  1088    735
  1089    735
  1093    735
  1055    736
  1056    736
  1057    736
  1058    736
  1059    736
  1060    736
  1061    736
  1062    736
  1063    736
  1064    736
  1066    736
  1067    736
  1068    736
  1069    736
  1070    736
  1079    736
  1080    736
  1081    736
  1082    736
  1083    736
  1084    736
  1085    736
  1049    737
  1050    737
  1051    737
  1052    737
  1053    737
  1054    737
  1055    737
  1056    737
  1057    737
  1058    737
  1059    737
  1060    737
  1061    737
  1062    737
  1063    737
  1064    737
  1065    737
  1066    737
  1077    737
  1078    737
  1079    737
  1080    737
  1081    737
  1046    738
  1047    738
  1048    738
  1049    738
  1050    738
  1051    738
  1053    738
  1054    738
  1055    738
  1056    738
  1057    738
  1058    738
  1059    738
  1075    738
  1076    738
  1077    738
  1078    738
  1079    738
  1039    739
  1040    739
  1041    739
  1042    739
  1043    739
  1044    739
  1045    739
  1046    739
  1047    739
  1048    739
  1049    739
  1050    739
  1051    739
  1052    739
  1053    739
  1054    739
  1055    739
  1070    739
  1071    739
  1072    739
  1039    740
  1040    740
  1041    740
  1042    740
  1043    740
  1044    740
  1045    740
  1046    740
  1047    740
  1048    740
  1049    740
  1050    740
  1051    740
  1061    740
  1062    740
  1063    740
  1064    740
  1065    740
  1036    741
  1037    741
  1038    741
  1039    741
  1040    741
  1041    741
  1042    741
  1043    741
  1044    741
  1045    741
  1046    741
  1055    741
  1056    741
  1057    741
  1058    741
  1059    741
  1060    741
  1061    741
  1062    741
  1063    741
  1028    742
  1029    742
  1030    742
  1031    742
  1033    742
  1034    742
  1035    742
  1036    742
  1037    742
  1038    742
  1039    742
  1040    742
  1041    742
  1042    742
  1043    742
  1044    742
  1048    742
  1049    742
  1050    742
  1051    742
  1052    742
  1053    742
  1054    742
  1055    742
  1056    742
  1057    742
  1058    742
  1059    742
  1060    742
  1061    742
  1062    742
  1023    743
  1024    743
  1025    743
  1026    743
  1027    743
  1028    743
  1029    743
  1030    743
  1031    743
  1032    743
  1033    743
  1034    743
  1035    743
  1036    743
  1037    743
  1038    743
  1039    743
  1040    743
  1045    743
  1046    743
  1047    743
  1048    743
  1049    743
  1050    743
  1051    743
  1052    743
  1053    743
  1054    743
  1055    743
  1056    743
  1057    743
  1058    743
  1018    744
  1019    744
  1020    744
  1021    744
  1022    744
  1023    744
  1024    744
  1025    744
  1026    744
  1027    744
  1028    744
  1029    744
  1030    744
  1031    744
  1032    744
  1033    744
  1041    744
  1043    744
  1044    744
  1045    744
  1046    744
  1047    744
  1048    744
  1049    744
  1050    744
  1016    745
  1017    745
  1018    745
  1019    745
  1020    745
  1021    745
  1022    745
  1023    745
  1024    745
  1025    745
  1026    745
  1027    745
  1028    745
  1029    745
  1030    745
  1036    745
  1037    745
  1038    745
  1039    745
  1040    745
  1013    746
  1015    746
  1016    746
  1017    746
  1018    746
  1019    746
  1020    746
  1021    746
  1022    746
  1023    746
  1024    746
  1025    746
  1026    746
  1028    746
  1034    746
  1035    746
  1036    746
  1037    746
  1038    746
  1039    746
  1040    746
  1041    746
  1042    746
  1043    746
  1012    747
  1013    747
  1014    747
  1015    747
  1016    747
  1017    747
  1018    747
  1019    747
  1020    747
  1021    747
  1022    747
  1029    747
  1030    747
  1031    747
  1032    747
  1033    747
  1034    747
  1035    747
  1036    747
  1037    747
  1038    747
  1039    747
  1040    747
  1041    747
  1005    748
  1009    748
  1010    748
  1011    748
  1012    748
  1013    748
  1014    748
  1015    748
  1016    748
  1017    748
  1018    748
  1019    748
  1020    748
  1026    748
  1027    748
  1028    748
  1029    748
  1030    748
  1031    748
  1032    748
  1033    748
  1034    748
  1035    748
  1036    748
  1037    748
  1038    748
  1039    748
  1002    749
  1003    749
  1004    749
  1005    749
  1006    749
  1007    749
  1008    749
  1009    749
  1010    749
  1011    749
  1012    749
  1013    749
  1014    749
  1015    749
  1016    749
  1017    749
  1021    749
  1022    749
  1023    749
   998    750
   999    750
  1000    750
  1001    750
  1002    750
  1003    750
  1004    750
  1005    750
  1006    750
  1007    750
  1008    750
  1009    750
  1010    750
  1011    750
  1012    750
  1013    750
  1014    750
  1015    750
  1016    750
  1017    750
  1018    750
  1019    750
  1020    750
  1021    750
  1022    750
  1023    750
   995    751
   996    751
   997    751
   998    751
   999    751
  1000    751
  1001    751
  1002    751
  1003    751
  1004    751
  1005    751
  1006    751
  1007    751
  1008    751
  1009    751
  1010    751
  1011    751
  1012    751
  1013    751
  1014    751
  1015    751
  1016    751
  1017    751
  1018    751
  1019    751
  1020    751
  1021    751
   992    752
   993    752
   994    752
   995    752
   996    752
   997    752
   998    752
   999    752
  1000    752
  1001    752
  1002    752
  1003    752
  1004    752
  1005    752
  1006    752
  1007    752
  1008    752
  1009    752
  1010    752
  1011    752
  1012    752
  1013    752
  1014    752
  1015    752
  1016    752
  1017    752
  1018    752
   990    753
   991    753
   992    753
   993    753
   994    753
   995    753
   996    753
   997    753
   998    753
   999    753
  1000    753
  1001    753
  1002    753
  1003    753
  1004    753
  1005    753
  1006    753
  1007    753
  1008    753
  1009    753
  1011    753
  1012    753
  1013    753
  1014    753
  1015    753
   986    754
   987    754
   988    754
   989    754
   990    754
   991    754
   992    754
   993    754
   994    754
   995    754
   996    754
   997    754
   998    754
   999    754
  1000    754
  1001    754
  1002    754
  1003    754
  1004    754
  1005    754
  1006    754
  1007    754
  1008    754
  1009    754
   982    755
   983    755
   984    755
   985    755
   986    755
   987    755
   988    755
   989    755
   990    755
   991    755
   992    755
   993    755
   994    755
   995    755
   996    755
   997    755
   998    755
   999    755
  1000    755
  1001    755
  1002    755
  1003    755
  1004    755
  1005    755
  1006    755
  1007    755
   980    756
   981    756
   982    756
   983    756
   984    756
   985    756
   986    756
   987    756
   988    756
   989    756
   990    756
   991    756
   992    756
   993    756
   994    756
   995    756
   996    756
   997    756
   998    756
   999    756
  1000    756
  1001    756
  1002    756
  1003    756
  1004    756
  1005    756
   976    757
   977    757
   978    757
   979    757
   980    757
   981    757
   982    757
   983    757
   984    757
   985    757
   986    757
   987    757
   988    757
   989    757
   990    757
   991    757
   992    757
   993    757
   994    757
   995    757
   996    757
   997    757
   998    757
   999    757
  1000    757
  1001    757
  1002    757
   974    758
   975    758
   976    758
   977    758
   978    758
   979    758
   980    758
   981    758
   982    758
   983    758
   984    758
   985    758
   986    758
   987    758
   988    758
   989    758
   990    758
   991    758
   992    758
   993    758
   994    758
   995    758
   996    758
   997    758
   972    759
   973    759
   974    759
   975    759
   976    759
   977    759
   978    759
   979    759
   980    759
   981    759
   982    759
   983    759
   984    759
   985    759
   986    759
   987    759
   988    759
   989    759
   990    759
   991    759
   992    759
   993    759
   994    759
   995    759
   969    760
   970    760
   971    760
   972    760
   973    760
   974    760
   975    760
   976    760
   977    760
   978    760
   979    760
   980    760
   981    760
   982    760
   983    760
   984    760
   985    760
   986    760
   987    760
   988    760
   992    760
   966    761
   967    761
   968    761
   969    761
   970    761
   971    761
   972    761
   973    761
   974    761
   975    761
   976    761
   977    761
   978    761
   979    761
   980    761
   981    761
   982    761
   983    761
   984    761
   985    761
   986    761
   987    761
   962    762
   963    762
   964    762
   965    762
   966    762
   967    762
   968    762
   969    762
   970    762
   971    762
   972    762
   973    762
   974    762
   975    762
   976    762
   977    762
   978    762
   979    762
   980    762
   981    762
   982    762
   983    762
   984    762
   985    762
   986    762
   960    763
   961    763
   962    763
   963    763
   964    763
   965    763
   966    763
   967    763
   968    763
   969    763
   970    763
   971    763
   972    763
   973    763
   974    763
   975    763
   976    763
   977    763
   978    763
   979    763
   980    763
   981    763
   982    763
   983    763
   984    763
   985    763
   958    764
   959    764
   960    764
   961    764
   962    764
   963    764
   964    764
   965    764
   966    764
   967    764
   968    764
   969    764
   970    764
   971    764
   972    764
   973    764
   974    764
   975    764
   976    764
   977    764
   978    764
   979    764
   980    764
   981    764
   982    764
   983    764
   955    765
   956    765
   957    765
   958    765
   959    765
   960    765
   961    765
   962    765
   963    765
   964    765
   965    765
   966    765
   967    765
   968    765
   969    765
   970    765
   971    765
   972    765
   973    765
   974    765
   975    765
   976    765
   977    765
   978    765
   979    765
   980    765
   981    765
   954    766
   955    766
   956    766
   957    766
   958    766
   959    766
   960    766
   961    766
   962    766
   963    766
   964    766
   965    766
   966    766
   967    766
   968    766
   969    766
   970    766
   971    766
   972    766
   973    766
   974    766
   975    766
   952    767
   953    767
   954    767
   955    767
   956    767
   957    767
   958    767
   959    767
   960    767
   961    767
   962    767
   963    767
   964    767
   965    767
   966    767
   967    767
   968    767
   969    767
   970    767
   971    767
   972    767
   973    767
   975    767
   976    767
   946    768
   947    768
   948    768
   949    768
   950    768
   951    768
   952    768
   953    768
   954    768
   955    768
   956    768
   957    768
   958    768
   959    768
   960    768
   961    768
   962    768
   963    768
   964    768
   965    768
   966    768
   967    768
   968    768
   969    768
   947    769
   948    769
   949    769
   950    769
   951    769
   952    769
   953    769
   954    769
   955    769
   956    769
   957    769
   958    769
   959    769
   960    769
   961    769
   962    769
   963    769
   964    769
   965    769
   966    769
   967    769
   968    769
   969    769
   947    770
   948    770
   949    770
   950    770
   951    770
   952    770
   953    770
   954    770
   955    770
   956    770
   957    770
   958    770
   959    770
   960    770
   961    770
   962    770
   963    770
   964    770
   965    770
   966    770
   967    770
   968    770
   947    771
   948    771
   949    771
   950    771
   951    771
   952    771
   953    771
   954    771
   955    771
   956    771
   957    771
   958    771
   959    771
   960    771
   961    771
   962    771
   942    772
   943    772
   944    772
   945    772
   946    772
   947    772
   948    772
   949    772
   950    772
   951    772
   952    772
   953    772
   954    772
   955    772
   956    772
   957    772
   958    772
   959    772
   960    772
   961    772
   939    773
   940    773
   941    773
   942    773
   943    773
   944    773
   945    773
   946    773
   947    773
   948    773
   949    773
   950    773
   951    773
   952    773
   953    773
   954    773
   955    773
   956    773
   957    773
   958    773
   959    773
   960    773
   937    774
   938    774
   939    774
   940    774
   941    774
   942    774
   943    774
   944    774
   945    774
   946    774
   947    774
   948    774
   949    774
   950    774
   951    774
   952    774
   953    774
   954    774
   955    774
   956    774
   957    774
   935    775
   936    775
   937    775
   938    775
   939    775
   940    775
   941    775
   942    775
   943    775
   944    775
   945    775
   946    775
   947    775
   948    775
   949    775
   950    775
   951    775
   952    775
   953    775
   954    775
   955    775
   956    775
   933    776
   934    776
   935    776
   936    776
   937    776
   938    776
   939    776
   940    776
   941    776
   942    776
   943    776
   944    776
   945    776
   946    776
   947    776
   948    776
   949    776
   950    776
   951    776
   952    776
   953    776
   954    776
   932    777
   933    777
   934    777
   935    777
   936    777
   937    777
   938    777
   939    777
   940    777
   941    777
   942    777
   943    777
   944    777
   945    777
   946    777
   947    777
   948    777
   949    777
   950    777
   951    777
   953    777
   954    777
   930    778
   931    778
   932    778
   933    778
   934    778
   935    778
   936    778
   937    778
   938    778
   939    778
   940    778
   941    778
   942    778
   943    778
   944    778
   945    778
   946    778
   947    778
   948    778
   949    778
   952    778
   928    779
   929    779
   930    779
   931    779
   932    779
   933    779
   934    779
   935    779
   936    779
   937    779
   938    779
   939    779
   940    779
   941    779
   942    779
   943    779
   944    779
   945    779
   946    779
   947    779
   927    780
   928    780
   929    780
   930    780
   931    780
   932    780
   933    780
   934    780
   935    780
   936    780
   937    780
   938    780
   939    780
   940    780
   941    780
   942    780
   943    780
   944    780
   945    780
   946    780
   947    780
   926    781
   927    781
   928    781
   929    781
   930    781
   931    781
   932    781
   933    781
   934    781
   935    781
   936    781
   937    781
   938    781
   939    781
   940    781
   941    781
   942    781
   943    781
   944    781
   945    781
   946    781
   947    781
   924    782
   925    782
   926    782
   927    782
   928    782
   929    782
   930    782
   931    782
   932    782
   933    782
   934    782
   935    782
   936    782
   937    782
   938    782
   939    782
   940    782
   941    782
   942    782
   943    782
   944    782
   945    782
   923    783
   924    783
   925    783
   926    783
   927    783
   928    783
   929    783
   930    783
   931    783
   932    783
   933    783
   934    783
   935    783
   936    783
   937    783
   938    783
   939    783
   940    783
   941    783
   942    783
   943    783
   922    784
   923    784
   924    784
   925    784
   926    784
   927    784
   928    784
   929    784
   930    784
   931    784
   932    784
   933    784
   934    784
   935    784
   936    784
   937    784
   938    784
   939    784
   940    784
   922    785
   923    785
   924    785
   925    785
   926    785
   927    785
   928    785
   929    785
   930    785
   931    785
   932    785
   933    785
   934    785
   935    785
   936    785
   937    785
   938    785
   939    785
   940    785
   923    786
   924    786
   925    786
   926    786
   927    786
   928    786
   929    786
   930    786
   931    786
   932    786
   933    786
   934    786
   935    786
   936    786
   937    786
   938    786
   939    786
   925    787
   926    787
   927    787
   928    787
   929    787
   930    787
   931    787
   932    787
   933    787
   934    787
   935    787
   936    787
   937    787
   938    787
   939    787
