  1096    730
  1097    730
  1098    730
  1099    730
  1100    730
  1101    730
  1102    730
  1114    730
  1115    730
  1116    730
  1117    730
  1118    730
  1119    730
  1120    730
  1121    730
  1082    731
  1083    731
  1084    731
  1085    731
  1086    731
  1096    731
  1097    731
  1098    731
  1106    731
  1109    731
  1110    731
  1113    731
  1115    731
  1116    731
  1117    731
  1118    731
  1072    732
  1073    732
  1074    732
  1075    732
  1076    732
  1077    732
  1078    732
  1079    732
  1080    732
  1081    732
  1082    732
  1083    732
  1084    732
  1085    732
  1086    732
  1087    732
  1091    732
  1092    732
  1100    732
  1101    732
  1102    732
  1103    732
  1104    732
  1105    732
  1111    732
  1069    733
  1070    733
  1071    733
  1072    733
  1073    733
  1074    733
  1075    733
  1076    733
  1077    733
  1078    733
  1079    733
  1080    733
  1081    733
  1082    733
  1083    733
  1084    733
  1085    733
  1086    733
  1087    733
  1093    733
  1094    733
  1095    733
  1096    733
  1097    733
  1098    733
  1099    733
  1100    733
  1102    733
  1103    733
  1065    734
  1066    734
  1067    734
  1068    734
  1069    734
  1070    734
  1071    734
  1072    734
  1073    734
  1074    734
  1075    734
  1076    734
  1077    734
  1078    734
  1079    734
  1080    734
  1081    734
  1086    734
  1087    734
  1088    734
  1090    734
  1091    734
  1092    734
  1093    734
  1094    734
  1095    734
  1097    734
  1098    734
  1062    735
  1063    735
  1064    735
  1065    735
  1066    735
  1067    735
  1068    735
  1069    735
  1070    735
  1071    735
  1072    735
  1073    735
  1074    735
  1083    735
  1084    735
  1085    735
  1086    735
  1087    735
  1088    735
  1089    735
  1090    735
  1091    735
  1092    735
  1093    735
  1094    735
  1095    735
  1055    736
  1056    736
  1057    736
  1058    736
  1059    736
  1060    736
  1061    736
  1062    736
  1063    736
  1064    736
  1065    736
  1066    736
  1067    736
  1068    736
  1069    736
  1070    736
  1071    736
  1078    736
  1079    736
  1080    736
  1081    736
  1082    736
  1083    736
  1084    736
  1085    736
  1086    736
  1087    736
  1050    737
  1051    737
  1052    737
  1053    737
  1054    737
  1055    737
  1056    737
  1057    737
  1058    737
  1059    737
  1060    737
  1061    737
  1062    737
  1063    737
  1064    737
  1065    737
  1066    737
  1067    737
  1074    737
  1075    737
  1076    737
  1077    737
  1078    737
  1079    737
  1081    737
  1047    738
  1048    738
  1049    738
  1050    738
  1051    738
  1052    738
  1053    738
  1054    738
  1055    738
  1056    738
  1057    738
  1058    738
  1059    738
  1060    738
  1069    738
  1070    738
  1071    738
  1072    738
  1073    738
  1074    738
  1076    738
  1040    739
  1041    739
  1042    739
  1043    739
  1044    739
  1045    739
  1046    739
  1047    739
  1048    739
  1049    739
  1050    739
  1051    739
  1052    739
  1053    739
  1054    739
  1055    739
  1056    739
  1064    739
  1065    739
  1066    739
  1067    739
  1068    739
  1069    739
  1070    739
  1071    739
  1035    740
  1039    740
  1040    740
  1041    740
  1042    740
  1043    740
  1044    740
  1045    740
  1046    740
  1047    740
  1048    740
  1049    740
  1050    740
  1051    740
  1058    740
  1059    740
  1060    740
  1061    740
  1062    740
  1063    740
  1064    740
  1065    740
  1066    740
  1032    741
  1033    741
  1034    741
  1035    741
  1040    741
  1041    741
  1042    741
  1043    741
  1044    741
  1045    741
  1046    741
  1047    741
  1054    741
  1055    741
  1056    741
  1057    741
  1058    741
  1059    741
  1060    741
  1061    741
  1062    741
  1063    741
  1064    741
  1029    742
  1030    742
  1031    742
  1032    742
  1033    742
  1034    742
  1040    742
  1041    742
  1049    742
  1050    742
  1051    742
  1052    742
  1053    742
  1054    742
  1055    742
  1056    742
  1057    742
  1061    742
  1062    742
  1027    743
  1028    743
  1029    743
  1030    743
  1031    743
  1032    743
  1033    743
  1034    743
  1035    743
  1037    743
  1038    743
  1046    743
  1047    743
  1048    743
  1049    743
  1050    743
  1051    743
  1052    743
  1053    743
  1054    743
  1055    743
  1020    744
  1021    744
  1022    744
  1023    744
  1027    744
  1028    744
  1029    744
  1030    744
  1031    744
  1032    744
  1033    744
  1045    744
  1046    744
  1047    744
  1048    744
  1049    744
  1050    744
  1051    744
  1052    744
  1053    744
  1054    744
  1015    745
  1016    745
  1017    745
  1018    745
  1019    745
  1020    745
  1021    745
  1022    745
  1023    745
  1027    745
  1028    745
  1029    745
  1030    745
  1031    745
  1032    745
  1033    745
  1036    745
  1037    745
  1047    745
  1048    745
  1049    745
  1009    746
  1011    746
  1012    746
  1013    746
  1014    746
  1015    746
  1016    746
  1017    746
  1018    746
  1019    746
  1020    746
  1021    746
  1022    746
  1024    746
  1025    746
  1033    746
  1034    746
  1035    746
  1007    747
  1008    747
  1009    747
  1010    747
  1011    747
  1012    747
  1013    747
  1014    747
  1015    747
  1016    747
  1017    747
  1018    747
  1019    747
  1020    747
  1021    747
  1022    747
  1023    747
  1027    747
  1028    747
  1029    747
  1030    747
  1031    747
  1032    747
  1033    747
  1034    747
  1035    747
  1001    748
  1002    748
  1003    748
  1004    748
  1005    748
  1006    748
  1007    748
  1008    748
  1010    748
  1011    748
  1012    748
  1013    748
  1014    748
  1015    748
  1016    748
  1017    748
  1018    748
  1019    748
  1020    748
  1021    748
  1022    748
  1025    748
  1028    748
  1029    748
  1030    748
  1031    748
  1032    748
  1033    748
  1034    748
  1035    748
   999    749
  1000    749
  1001    749
  1002    749
  1003    749
  1004    749
  1005    749
  1008    749
  1009    749
  1010    749
  1011    749
  1012    749
  1013    749
  1014    749
  1015    749
  1016    749
  1017    749
  1020    749
  1021    749
  1022    749
  1029    749
  1030    749
  1031    749
   997    750
   998    750
   999    750
  1000    750
  1001    750
  1002    750
  1003    750
  1004    750
  1005    750
  1006    750
  1007    750
  1008    750
  1009    750
  1010    750
  1011    750
  1012    750
  1013    750
  1014    750
  1015    750
  1016    750
  1017    750
  1018    750
  1019    750
  1020    750
  1021    750
  1022    750
  1023    750
   995    751
   996    751
   997    751
   998    751
   999    751
  1000    751
  1001    751
  1002    751
  1003    751
  1004    751
  1005    751
  1006    751
  1007    751
  1008    751
  1009    751
  1012    751
  1013    751
  1014    751
  1015    751
  1016    751
  1017    751
  1018    751
  1019    751
  1020    751
   992    752
   993    752
   994    752
   995    752
   996    752
   997    752
   998    752
   999    752
  1000    752
  1001    752
  1002    752
  1003    752
  1004    752
  1010    752
  1011    752
  1012    752
  1013    752
  1014    752
  1015    752
  1016    752
  1017    752
  1018    752
  1019    752
   991    753
   994    753
   995    753
   996    753
   997    753
   998    753
   999    753
  1000    753
  1001    753
  1002    753
  1003    753
  1004    753
  1005    753
  1006    753
  1007    753
  1008    753
  1009    753
  1010    753
  1011    753
  1012    753
  1013    753
  1014    753
   994    754
   995    754
   996    754
   997    754
   998    754
   999    754
  1000    754
  1001    754
  1002    754
  1003    754
  1004    754
  1005    754
  1006    754
  1007    754
  1008    754
  1009    754
  1010    754
  1011    754
   988    755
   989    755
   990    755
   991    755
   992    755
   993    755
   994    755
   995    755
   996    755
   997    755
   998    755
   999    755
  1000    755
  1001    755
  1002    755
  1003    755
  1004    755
  1005    755
  1006    755
  1007    755
  1008    755
   987    756
   988    756
   989    756
   990    756
   991    756
   992    756
   993    756
   994    756
   995    756
   996    756
   997    756
   998    756
   999    756
  1000    756
  1001    756
  1002    756
  1003    756
  1004    756
  1005    756
   987    757
   988    757
   989    757
   990    757
   991    757
   992    757
   993    757
   994    757
   995    757
   996    757
   997    757
   998    757
   999    757
  1000    757
  1001    757
  1002    757
   985    758
   986    758
   987    758
   988    758
   989    758
   990    758
   991    758
   992    758
   993    758
   994    758
   995    758
   996    758
   997    758
   998    758
   999    758
   982    759
   983    759
   984    759
   990    759
   991    759
   992    759
   993    759
   994    759
   995    759
   981    760
   982    760
   983    760
   988    760
   989    760
   990    760
   991    760
   992    760
   987    761
   988    761
   989    761
   990    761
   991    761
   985    762
   988    762
