   836    730
   837    730
   838    730
   839    730
   840    730
   841    730
   842    730
   843    730
   844    730
   845    730
   846    730
   847    730
   852    730
   853    730
   854    730
   855    730
   856    730
   857    730
   858    730
   859    730
   860    730
   861    730
   862    730
   863    730
   864    730
   865    730
   868    730
   869    730
   870    730
   871    730
   872    730
   873    730
   874    730
   875    730
   876    730
   877    730
   878    730
   879    730
   880    730
   881    730
   882    730
   883    730
   884    730
   885    730
   886    730
   887    730
   888    730
   889    730
   890    730
   891    730
   892    730
   893    730
   894    730
   895    730
   896    730
   897    730
   898    730
   899    730
   900    730
   901    730
   902    730
   903    730
   904    730
   905    730
   906    730
   907    730
   908    730
   909    730
   910    730
   911    730
   912    730
   916    730
   917    730
   918    730
   919    730
   920    730
   921    730
   922    730
   923    730
   924    730
   925    730
   926    730
   927    730
   928    730
   929    730
   930    730
   931    730
   932    730
   933    730
   934    730
   935    730
   936    730
   937    730
   938    730
   939    730
   940    730
   941    730
   942    730
   943    730
   944    730
   945    730
   948    730
   949    730
   951    730
   952    730
   953    730
   954    730
   955    730
   956    730
   957    730
   958    730
   959    730
   960    730
   961    730
   962    730
   963    730
   964    730
   965    730
   966    730
   967    730
   968    730
   969    730
   970    730
   971    730
   972    730
   973    730
   974    730
   975    730
   976    730
   977    730
   978    730
   979    730
   980    730
   981    730
   982    730
   983    730
   984    730
   985    730
   986    730
   987    730
   988    730
   835    731
   836    731
   837    731
   838    731
   839    731
   840    731
   841    731
   842    731
   843    731
   844    731
   845    731
   846    731
   847    731
   852    731
   853    731
   854    731
   855    731
   856    731
   857    731
   858    731
   859    731
   860    731
   861    731
   862    731
   863    731
   864    731
   867    731
   868    731
   869    731
   870    731
   871    731
   872    731
   873    731
   874    731
   875    731
   876    731
   877    731
   879    731
   880    731
   881    731
   882    731
   883    731
   884    731
   885    731
   886    731
   887    731
   888    731
   889    731
   890    731
   891    731
   892    731
   893    731
   894    731
   895    731
   896    731
   897    731
   898    731
   899    731
   900    731
   901    731
   902    731
   903    731
   904    731
   905    731
   906    731
   907    731
   908    731
   909    731
   910    731
   911    731
   916    731
   917    731
   918    731
   919    731
   920    731
   921    731
   922    731
   923    731
   924    731
   925    731
   926    731
   927    731
   928    731
   929    731
   930    731
   931    731
   932    731
   933    731
   934    731
   935    731
   936    731
   937    731
   938    731
   939    731
   940    731
   941    731
   942    731
   943    731
   944    731
   945    731
   946    731
   947    731
   948    731
   949    731
   950    731
   951    731
   952    731
   953    731
   954    731
   955    731
   956    731
   957    731
   958    731
   959    731
   960    731
   961    731
   962    731
   963    731
   964    731
   965    731
   966    731
   967    731
   973    731
   976    731
   977    731
   978    731
   979    731
   980    731
   981    731
   982    731
   983    731
   984    731
   985    731
   986    731
   987    731
   988    731
   989    731
   990    731
   834    732
   835    732
   836    732
   837    732
   838    732
   839    732
   840    732
   841    732
   842    732
   843    732
   844    732
   845    732
   846    732
   847    732
   848    732
   849    732
   850    732
   851    732
   852    732
   853    732
   854    732
   855    732
   856    732
   857    732
   858    732
   859    732
   860    732
   861    732
   862    732
   863    732
   864    732
   867    732
   868    732
   869    732
   870    732
   871    732
   872    732
   873    732
   874    732
   875    732
   876    732
   877    732
   879    732
   880    732
   881    732
   882    732
   883    732
   884    732
   885    732
   886    732
   887    732
   888    732
   889    732
   890    732
   891    732
   892    732
   893    732
   894    732
   895    732
   896    732
   897    732
   898    732
   899    732
   900    732
   901    732
   902    732
   903    732
   904    732
   905    732
   918    732
   919    732
   920    732
   921    732
   922    732
   923    732
   924    732
   925    732
   926    732
   927    732
   928    732
   929    732
   930    732
   931    732
   932    732
   933    732
   934    732
   935    732
   936    732
   937    732
   938    732
   939    732
   940    732
   941    732
   942    732
   943    732
   944    732
   945    732
   946    732
   947    732
   948    732
   949    732
   954    732
   955    732
   956    732
   957    732
   958    732
   959    732
   960    732
   961    732
   962    732
   963    732
   964    732
   965    732
   977    732
   978    732
   979    732
   980    732
   981    732
   982    732
   983    732
   984    732
   985    732
   987    732
   988    732
   833    733
   834    733
   835    733
   836    733
   837    733
   838    733
   839    733
   840    733
   841    733
   842    733
   843    733
   844    733
   845    733
   846    733
   847    733
   849    733
   850    733
   851    733
   852    733
   853    733
   854    733
   855    733
   856    733
   857    733
   858    733
   859    733
   860    733
   861    733
   862    733
   863    733
   864    733
   867    733
   868    733
   869    733
   870    733
   871    733
   872    733
   873    733
   874    733
   875    733
   876    733
   877    733
   878    733
   879    733
   880    733
   881    733
   882    733
   883    733
   884    733
   885    733
   886    733
   887    733
   888    733
   889    733
   890    733
   891    733
   892    733
   893    733
   894    733
   895    733
   896    733
   897    733
   898    733
   899    733
   900    733
   901    733
   902    733
   903    733
   904    733
   905    733
   918    733
   919    733
   920    733
   921    733
   922    733
   923    733
   924    733
   925    733
   926    733
   927    733
   930    733
   931    733
   932    733
   933    733
   934    733
   935    733
   936    733
   937    733
   938    733
   939    733
   940    733
   941    733
   942    733
   943    733
   944    733
   945    733
   946    733
   947    733
   948    733
   949    733
   953    733
   954    733
   955    733
   956    733
   957    733
   958    733
   959    733
   960    733
   961    733
   962    733
   963    733
   964    733
   965    733
   966    733
   967    733
   968    733
   971    733
   976    733
   977    733
   978    733
   979    733
   981    733
   982    733
   983    733
   984    733
   985    733
   986    733
   987    733
   988    733
   989    733
   990    733
   991    733
   992    733
   993    733
   994    733
   995    733
   834    734
   835    734
   836    734
   837    734
   838    734
   839    734
   840    734
   841    734
   842    734
   843    734
   844    734
   845    734
   846    734
   847    734
   848    734
   849    734
   850    734
   851    734
   852    734
   853    734
   854    734
   855    734
   856    734
   857    734
   858    734
   859    734
   860    734
   861    734
   862    734
   863    734
   864    734
   866    734
   867    734
   868    734
   869    734
   870    734
   871    734
   872    734
   873    734
   874    734
   875    734
   876    734
   877    734
   878    734
   879    734
   880    734
   881    734
   882    734
   883    734
   884    734
   885    734
   886    734
   887    734
   888    734
   889    734
   890    734
   891    734
   892    734
   893    734
   894    734
   895    734
   900    734
   901    734
   922    734
   923    734
   924    734
   925    734
   926    734
   927    734
   928    734
   929    734
   930    734
   931    734
   932    734
   933    734
   934    734
   935    734
   936    734
   937    734
   938    734
   939    734
   940    734
   941    734
   942    734
   943    734
   944    734
   945    734
   950    734
   951    734
   952    734
   953    734
   954    734
   955    734
   956    734
   957    734
   958    734
   959    734
   960    734
   961    734
   962    734
   963    734
   964    734
   978    734
   979    734
   980    734
   981    734
   982    734
   983    734
   984    734
   985    734
   986    734
   987    734
   988    734
   989    734
   990    734
   991    734
   992    734
   993    734
   994    734
   995    734
   996    734
   997    734
   998    734
   834    735
   835    735
   836    735
   837    735
   838    735
   839    735
   841    735
   843    735
   844    735
   845    735
   846    735
   847    735
   848    735
   849    735
   850    735
   851    735
   852    735
   853    735
   854    735
   855    735
   856    735
   857    735
   858    735
   859    735
   860    735
   861    735
   862    735
   863    735
   864    735
   867    735
   868    735
   869    735
   870    735
   871    735
   872    735
   873    735
   874    735
   875    735
   876    735
   877    735
   878    735
   879    735
   880    735
   881    735
   882    735
   883    735
   884    735
   885    735
   886    735
   887    735
   888    735
   889    735
   890    735
   891    735
   892    735
   893    735
   894    735
   895    735
   896    735
   899    735
   900    735
   901    735
   902    735
   918    735
   919    735
   921    735
   922    735
   923    735
   924    735
   925    735
   926    735
   928    735
   929    735
   930    735
   931    735
   934    735
   935    735
   936    735
   937    735
   938    735
   939    735
   940    735
   941    735
   942    735
   943    735
   944    735
   945    735
   946    735
   947    735
   955    735
   956    735
   957    735
   958    735
   959    735
   960    735
   961    735
   962    735
   963    735
   980    735
   981    735
   982    735
   983    735
   984    735
   985    735
   987    735
   988    735
   989    735
   990    735
   991    735
   992    735
   993    735
   994    735
   995    735
   996    735
   997    735
   998    735
   999    735
  1000    735
   847    736
   848    736
   849    736
   850    736
   851    736
   852    736
   853    736
   854    736
   855    736
   859    736
   860    736
   861    736
   862    736
   863    736
   864    736
   865    736
   866    736
   867    736
   868    736
   869    736
   870    736
   871    736
   872    736
   873    736
   874    736
   875    736
   876    736
   879    736
   880    736
   881    736
   882    736
   883    736
   885    736
   887    736
   889    736
   890    736
   891    736
   892    736
   893    736
   894    736
   895    736
   898    736
   899    736
   902    736
   903    736
   927    736
   928    736
   929    736
   930    736
   931    736
   932    736
   933    736
   934    736
   935    736
   936    736
   937    736
   938    736
   939    736
   944    736
   945    736
   946    736
   947    736
   959    736
   960    736
   961    736
   962    736
   963    736
   964    736
   967    736
   968    736
   969    736
   970    736
   971    736
   972    736
   973    736
   974    736
   975    736
   980    736
   981    736
   982    736
   983    736
   984    736
   985    736
   986    736
   992    736
   993    736
   994    736
   995    736
   996    736
   997    736
   998    736
   999    736
  1000    736
  1001    736
  1002    736
  1003    736
   826    737
   827    737
   847    737
   848    737
   849    737
   850    737
   851    737
   852    737
   853    737
   854    737
   860    737
   861    737
   862    737
   863    737
   864    737
   873    737
   874    737
   875    737
   876    737
   877    737
   878    737
   879    737
   880    737
   881    737
   882    737
   883    737
   884    737
   885    737
   886    737
   887    737
   888    737
   889    737
   890    737
   891    737
   892    737
   893    737
   894    737
   895    737
   896    737
   898    737
   899    737
   900    737
   901    737
   902    737
   928    737
   929    737
   930    737
   931    737
   932    737
   933    737
   944    737
   945    737
   946    737
   947    737
   959    737
   960    737
   961    737
   962    737
   963    737
   964    737
   966    737
   967    737
   968    737
   969    737
   970    737
   971    737
   972    737
   973    737
   974    737
   975    737
   980    737
   982    737
   983    737
   984    737
   985    737
   990    737
   991    737
   992    737
   993    737
   994    737
   995    737
   996    737
   997    737
   998    737
   999    737
  1000    737
  1001    737
  1002    737
  1003    737
  1004    737
  1005    737
   826    738
   827    738
   845    738
   846    738
   847    738
   848    738
   849    738
   850    738
   851    738
   852    738
   853    738
   854    738
   855    738
   856    738
   857    738
   858    738
   859    738
   860    738
   861    738
   862    738
   863    738
   864    738
   867    738
   868    738
   869    738
   870    738
   871    738
   872    738
   873    738
   877    738
   878    738
   879    738
   880    738
   881    738
   882    738
   883    738
   884    738
   885    738
   886    738
   887    738
   888    738
   889    738
   890    738
   891    738
   892    738
   893    738
   894    738
   928    738
   929    738
   930    738
   931    738
   932    738
   936    738
   937    738
   938    738
   939    738
   940    738
   944    738
   945    738
   946    738
   947    738
   959    738
   960    738
   961    738
   962    738
   963    738
   964    738
   965    738
   966    738
   967    738
   968    738
   969    738
   970    738
   971    738
   972    738
   973    738
   975    738
   976    738
   979    738
   980    738
   981    738
   982    738
   983    738
   984    738
   985    738
   986    738
   987    738
   988    738
   989    738
   990    738
   991    738
   992    738
   993    738
   994    738
   995    738
   996    738
   997    738
   998    738
   999    738
  1000    738
  1001    738
  1002    738
  1003    738
  1004    738
  1005    738
  1006    738
  1008    738
   827    739
   834    739
   835    739
   840    739
   841    739
   842    739
   843    739
   844    739
   845    739
   846    739
   847    739
   848    739
   849    739
   850    739
   851    739
   852    739
   853    739
   854    739
   855    739
   856    739
   857    739
   858    739
   860    739
   861    739
   862    739
   863    739
   866    739
   867    739
   868    739
   869    739
   870    739
   871    739
   872    739
   873    739
   880    739
   881    739
   882    739
   883    739
   885    739
   886    739
   887    739
   888    739
   889    739
   890    739
   891    739
   893    739
   894    739
   928    739
   929    739
   930    739
   931    739
   932    739
   936    739
   937    739
   938    739
   939    739
   940    739
   943    739
   944    739
   945    739
   946    739
   947    739
   948    739
   958    739
   959    739
   960    739
   961    739
   963    739
   964    739
   965    739
   966    739
   967    739
   968    739
   969    739
   970    739
   971    739
   972    739
   973    739
   974    739
   975    739
   976    739
   977    739
   978    739
   979    739
   980    739
   981    739
   982    739
   983    739
   984    739
   985    739
   986    739
   987    739
   988    739
   989    739
   990    739
   991    739
   992    739
   993    739
   994    739
   995    739
   996    739
   997    739
   998    739
   999    739
  1000    739
  1001    739
  1002    739
  1003    739
  1004    739
  1005    739
  1006    739
  1007    739
  1008    739
  1009    739
  1010    739
   828    740
   829    740
   834    740
   835    740
   838    740
   839    740
   840    740
   841    740
   848    740
   849    740
   850    740
   851    740
   852    740
   859    740
   860    740
   861    740
   862    740
   863    740
   866    740
   867    740
   881    740
   882    740
   888    740
   889    740
   890    740
   891    740
   892    740
   893    740
   935    740
   936    740
   937    740
   938    740
   941    740
   942    740
   943    740
   944    740
   945    740
   946    740
   947    740
   948    740
   949    740
   950    740
   951    740
   954    740
   955    740
   956    740
   957    740
   958    740
   960    740
   961    740
   962    740
   964    740
   966    740
   967    740
   968    740
   969    740
   970    740
   971    740
   972    740
   973    740
   974    740
   975    740
   976    740
   977    740
   978    740
   979    740
   980    740
   981    740
   982    740
   983    740
   984    740
   985    740
   986    740
   987    740
   988    740
   989    740
   990    740
   991    740
   992    740
   993    740
   994    740
   995    740
   996    740
   997    740
   998    740
   999    740
  1000    740
  1001    740
  1013    740
   828    741
   829    741
   834    741
   837    741
   838    741
   839    741
   840    741
   841    741
   842    741
   847    741
   848    741
   849    741
   850    741
   851    741
   852    741
   853    741
   859    741
   860    741
   861    741
   862    741
   863    741
   881    741
   891    741
   892    741
   893    741
   934    741
   935    741
   936    741
   937    741
   938    741
   940    741
   941    741
   942    741
   943    741
   944    741
   945    741
   946    741
   947    741
   948    741
   949    741
   950    741
   951    741
   952    741
   953    741
   954    741
   955    741
   956    741
   957    741
   958    741
   959    741
   960    741
   961    741
   962    741
   964    741
   965    741
   966    741
   967    741
   968    741
   969    741
   970    741
   971    741
   972    741
   973    741
   974    741
   975    741
   976    741
   977    741
   978    741
   979    741
   980    741
   981    741
   982    741
   983    741
  1005    741
  1006    741
  1007    741
  1008    741
  1009    741
  1010    741
  1011    741
  1012    741
  1013    741
  1014    741
  1015    741
   837    742
   838    742
   839    742
   840    742
   841    742
   842    742
   843    742
   881    742
   889    742
   890    742
   891    742
   892    742
   893    742
   894    742
   895    742
   924    742
   925    742
   926    742
   927    742
   928    742
   929    742
   930    742
   931    742
   934    742
   935    742
   936    742
   937    742
   938    742
   939    742
   940    742
   941    742
   942    742
   943    742
   944    742
   945    742
   946    742
   947    742
   948    742
   949    742
   950    742
   951    742
   952    742
   953    742
   954    742
   955    742
   956    742
   957    742
   958    742
   959    742
   960    742
   961    742
   962    742
   963    742
   964    742
   965    742
   966    742
   967    742
   968    742
   969    742
   970    742
   971    742
   972    742
   973    742
   988    742
   989    742
   990    742
   991    742
   992    742
   993    742
   994    742
   995    742
   996    742
   997    742
   998    742
   999    742
  1000    742
  1001    742
  1002    742
  1003    742
  1004    742
  1005    742
  1006    742
  1007    742
  1008    742
  1009    742
  1010    742
  1011    742
  1012    742
  1013    742
  1014    742
  1015    742
  1016    742
  1017    742
  1018    742
   837    743
   838    743
   839    743
   840    743
   841    743
   842    743
   843    743
   889    743
   890    743
   891    743
   892    743
   893    743
   895    743
   924    743
   925    743
   926    743
   927    743
   928    743
   929    743
   930    743
   931    743
   932    743
   933    743
   934    743
   935    743
   936    743
   937    743
   938    743
   939    743
   940    743
   941    743
   942    743
   943    743
   944    743
   945    743
   946    743
   947    743
   948    743
   949    743
   950    743
   975    743
   976    743
   977    743
   978    743
   979    743
   980    743
   981    743
   982    743
   983    743
   984    743
   985    743
   986    743
   987    743
   988    743
   989    743
   990    743
   991    743
   992    743
   993    743
   994    743
   995    743
   996    743
   997    743
   998    743
   999    743
  1000    743
  1001    743
  1002    743
  1003    743
  1004    743
  1005    743
  1006    743
  1007    743
  1008    743
  1009    743
  1010    743
  1011    743
  1012    743
  1013    743
  1014    743
  1015    743
  1016    743
  1017    743
  1018    743
  1019    743
  1020    743
  1021    743
   828    744
   829    744
   840    744
   841    744
   842    744
   867    744
   868    744
   869    744
   870    744
   871    744
   872    744
   873    744
   874    744
   875    744
   876    744
   877    744
   878    744
   879    744
   880    744
   881    744
   882    744
   883    744
   884    744
   888    744
   889    744
   890    744
   891    744
   892    744
   893    744
   894    744
   895    744
   912    744
   913    744
   914    744
   915    744
   923    744
   924    744
   925    744
   926    744
   927    744
   928    744
   929    744
   930    744
   931    744
   932    744
   933    744
   934    744
   955    744
   956    744
   957    744
   958    744
   959    744
   960    744
   961    744
   962    744
   963    744
   964    744
   965    744
   966    744
   967    744
   968    744
   969    744
   970    744
   971    744
   972    744
   973    744
   974    744
   975    744
   976    744
   977    744
   978    744
   979    744
   980    744
   981    744
   982    744
   983    744
   984    744
   985    744
   986    744
   987    744
   988    744
   989    744
   990    744
   991    744
   992    744
   993    744
   994    744
   995    744
   996    744
   997    744
   998    744
   999    744
  1000    744
  1001    744
  1002    744
  1003    744
  1004    744
  1005    744
  1006    744
  1007    744
  1008    744
  1009    744
  1010    744
  1011    744
  1012    744
  1013    744
  1014    744
  1015    744
  1016    744
   828    745
   829    745
   830    745
   839    745
   840    745
   841    745
   842    745
   862    745
   863    745
   864    745
   866    745
   867    745
   868    745
   869    745
   870    745
   873    745
   874    745
   875    745
   876    745
   877    745
   878    745
   879    745
   880    745
   881    745
   882    745
   883    745
   885    745
   887    745
   888    745
   889    745
   890    745
   891    745
   892    745
   893    745
   894    745
   895    745
   912    745
   913    745
   914    745
   915    745
   916    745
   924    745
   925    745
   926    745
   927    745
   928    745
   929    745
   930    745
   940    745
   941    745
   942    745
   943    745
   944    745
   945    745
   946    745
   947    745
   948    745
   949    745
   950    745
   951    745
   952    745
   953    745
   954    745
   955    745
   956    745
   957    745
   958    745
   959    745
   960    745
   961    745
   962    745
   963    745
   964    745
   965    745
   966    745
   967    745
   968    745
   969    745
   970    745
   971    745
   972    745
   973    745
   974    745
   975    745
   976    745
   977    745
   978    745
   979    745
   980    745
   981    745
   982    745
   983    745
   984    745
   985    745
   986    745
   987    745
   988    745
   989    745
   990    745
   991    745
   992    745
   993    745
   994    745
   995    745
   996    745
   997    745
   998    745
   999    745
  1000    745
  1001    745
  1002    745
  1003    745
  1006    745
  1007    745
  1008    745
  1009    745
  1010    745
  1011    745
  1022    745
   827    746
   828    746
   829    746
   830    746
   831    746
   837    746
   838    746
   839    746
   840    746
   841    746
   842    746
   843    746
   844    746
   845    746
   846    746
   847    746
   858    746
   859    746
   860    746
   861    746
   862    746
   863    746
   864    746
   865    746
   866    746
   868    746
   869    746
   870    746
   871    746
   872    746
   873    746
   874    746
   875    746
   876    746
   877    746
   878    746
   879    746
   880    746
   881    746
   882    746
   883    746
   884    746
   885    746
   886    746
   887    746
   888    746
   889    746
   890    746
   891    746
   892    746
   893    746
   894    746
   895    746
   896    746
   897    746
   909    746
   910    746
   911    746
   912    746
   913    746
   914    746
   916    746
   917    746
   918    746
   919    746
   921    746
   922    746
   923    746
   929    746
   930    746
   931    746
   937    746
   938    746
   939    746
   940    746
   941    746
   942    746
   943    746
   944    746
   945    746
   949    746
   950    746
   951    746
   952    746
   953    746
   954    746
   955    746
   956    746
   957    746
   958    746
   959    746
   960    746
   961    746
   962    746
   963    746
   964    746
   965    746
   966    746
   967    746
   968    746
   969    746
   970    746
   971    746
   972    746
   973    746
   974    746
   975    746
   976    746
   977    746
   978    746
   979    746
   980    746
   981    746
   982    746
   983    746
   984    746
   985    746
   986    746
   987    746
   988    746
   989    746
  1005    746
  1006    746
  1007    746
  1008    746
  1009    746
  1010    746
  1011    746
  1012    746
  1013    746
  1014    746
  1015    746
  1016    746
  1017    746
  1018    746
  1019    746
  1020    746
  1021    746
  1024    746
  1025    746
  1026    746
  1027    746
  1028    746
   825    747
   826    747
   827    747
   828    747
   829    747
   830    747
   831    747
   832    747
   833    747
   834    747
   835    747
   836    747
   837    747
   838    747
   846    747
   847    747
   848    747
   849    747
   850    747
   851    747
   852    747
   853    747
   854    747
   855    747
   856    747
   857    747
   858    747
   859    747
   860    747
   861    747
   862    747
   863    747
   864    747
   865    747
   866    747
   867    747
   868    747
   869    747
   870    747
   871    747
   872    747
   873    747
   874    747
   875    747
   876    747
   877    747
   878    747
   879    747
   880    747
   881    747
   882    747
   883    747
   884    747
   896    747
   897    747
   898    747
   899    747
   900    747
   901    747
   907    747
   908    747
   928    747
   929    747
   930    747
   931    747
   936    747
   937    747
   938    747
   939    747
   940    747
   941    747
   942    747
   943    747
   944    747
   945    747
   946    747
   947    747
   948    747
   949    747
   950    747
   951    747
   952    747
   953    747
   954    747
   955    747
   956    747
   957    747
   958    747
   959    747
   960    747
   961    747
   962    747
   963    747
   964    747
   965    747
   966    747
   967    747
   968    747
   969    747
   970    747
   971    747
   972    747
   973    747
   974    747
   975    747
   998    747
   999    747
  1000    747
  1001    747
  1002    747
  1003    747
  1004    747
  1005    747
  1006    747
  1007    747
  1008    747
  1009    747
  1010    747
  1011    747
  1012    747
  1013    747
  1014    747
  1015    747
  1016    747
  1017    747
  1018    747
  1019    747
  1020    747
  1021    747
  1022    747
  1023    747
  1024    747
  1025    747
  1026    747
  1027    747
  1028    747
  1029    747
  1030    747
  1031    747
   826    748
   827    748
   828    748
   829    748
   830    748
   831    748
   832    748
   833    748
   834    748
   835    748
   836    748
   837    748
   841    748
   842    748
   845    748
   846    748
   847    748
   848    748
   849    748
   850    748
   851    748
   852    748
   853    748
   854    748
   855    748
   856    748
   857    748
   858    748
   859    748
   860    748
   863    748
   864    748
   868    748
   886    748
   887    748
   888    748
   889    748
   890    748
   891    748
   892    748
   893    748
   894    748
   895    748
   896    748
   913    748
   914    748
   915    748
   916    748
   917    748
   925    748
   926    748
   928    748
   932    748
   933    748
   934    748
   935    748
   950    748
   951    748
   952    748
   953    748
   954    748
   955    748
   956    748
   957    748
   958    748
   959    748
   960    748
   961    748
   962    748
   963    748
   991    748
   992    748
   993    748
   994    748
   995    748
   996    748
   997    748
   998    748
   999    748
  1000    748
  1001    748
  1002    748
  1003    748
  1004    748
  1005    748
  1006    748
  1007    748
  1008    748
  1009    748
  1010    748
  1011    748
  1012    748
  1013    748
  1014    748
  1015    748
  1016    748
  1017    748
  1018    748
  1019    748
  1020    748
  1021    748
  1022    748
  1023    748
  1030    748
  1031    748
  1032    748
  1033    748
   825    749
   826    749
   827    749
   832    749
   833    749
   834    749
   835    749
   836    749
   837    749
   838    749
   839    749
   841    749
   842    749
   843    749
   844    749
   862    749
   863    749
   864    749
   866    749
   867    749
   868    749
   870    749
   871    749
   872    749
   873    749
   874    749
   875    749
   876    749
   877    749
   878    749
   879    749
   880    749
   881    749
   882    749
   883    749
   884    749
   885    749
   886    749
   887    749
   888    749
   889    749
   890    749
   891    749
   892    749
   893    749
   894    749
   895    749
   896    749
   897    749
   898    749
   899    749
   900    749
   901    749
   902    749
   903    749
   909    749
   910    749
   911    749
   912    749
   913    749
   914    749
   915    749
   916    749
   917    749
   918    749
   919    749
   920    749
   921    749
   945    749
   946    749
   947    749
   965    749
   966    749
   968    749
   969    749
   970    749
   971    749
   972    749
   973    749
   974    749
   975    749
   976    749
   977    749
   978    749
   982    749
   984    749
   985    749
   986    749
   987    749
   988    749
   989    749
   991    749
   995    749
   996    749
   997    749
   998    749
   999    749
  1000    749
  1001    749
  1002    749
  1004    749
  1005    749
  1006    749
  1007    749
  1008    749
  1009    749
  1010    749
  1011    749
  1012    749
  1013    749
  1014    749
  1015    749
  1016    749
  1017    749
  1018    749
  1019    749
  1020    749
  1021    749
  1022    749
  1023    749
  1030    749
  1031    749
  1032    749
  1033    749
  1034    749
   825    750
   846    750
   847    750
   848    750
   849    750
   850    750
   851    750
   852    750
   853    750
   854    750
   855    750
   856    750
   857    750
   858    750
   859    750
   860    750
   861    750
   862    750
   863    750
   864    750
   865    750
   866    750
   867    750
   868    750
   869    750
   870    750
   871    750
   872    750
   873    750
   874    750
   875    750
   876    750
   877    750
   878    750
   879    750
   880    750
   881    750
   882    750
   883    750
   884    750
   885    750
   886    750
   887    750
   888    750
   889    750
   890    750
   891    750
   892    750
   893    750
   894    750
   895    750
   896    750
   897    750
   898    750
   899    750
   900    750
   908    750
   909    750
   910    750
   911    750
   912    750
   913    750
   914    750
   915    750
   916    750
   922    750
   923    750
   924    750
   927    750
   928    750
   929    750
   932    750
   933    750
   934    750
   935    750
   936    750
   937    750
   938    750
   939    750
   940    750
   941    750
   942    750
   943    750
   944    750
   945    750
   946    750
   947    750
   949    750
   950    750
   951    750
   952    750
   953    750
   954    750
   955    750
   956    750
   957    750
   958    750
   959    750
   960    750
   961    750
   962    750
   963    750
   965    750
   966    750
   967    750
   970    750
   971    750
   972    750
   973    750
   974    750
   975    750
   980    750
   981    750
   982    750
   983    750
   984    750
   985    750
   986    750
  1005    750
  1006    750
  1007    750
  1008    750
  1009    750
  1010    750
  1011    750
  1012    750
  1018    750
  1019    750
  1022    750
  1023    750
  1030    750
  1031    750
  1032    750
  1033    750
  1034    750
  1035    750
  1036    750
  1037    750
  1038    750
   824    751
   831    751
   832    751
   833    751
   834    751
   835    751
   836    751
   837    751
   838    751
   839    751
   840    751
   841    751
   842    751
   843    751
   844    751
   845    751
   846    751
   847    751
   848    751
   849    751
   850    751
   851    751
   852    751
   853    751
   854    751
   855    751
   856    751
   857    751
   858    751
   859    751
   860    751
   861    751
   862    751
   863    751
   864    751
   865    751
   866    751
   867    751
   868    751
   869    751
   870    751
   871    751
   872    751
   873    751
   874    751
   875    751
   876    751
   877    751
   878    751
   879    751
   880    751
   881    751
   882    751
   883    751
   884    751
   885    751
   886    751
   887    751
   888    751
   889    751
   890    751
   891    751
   892    751
   893    751
   894    751
   895    751
   896    751
   897    751
   898    751
   899    751
   901    751
   902    751
   903    751
   904    751
   905    751
   906    751
   907    751
   908    751
   909    751
   910    751
   911    751
   912    751
   913    751
   914    751
   915    751
   918    751
   919    751
   921    751
   922    751
   923    751
   924    751
   925    751
   926    751
   927    751
   928    751
   929    751
   930    751
   931    751
   932    751
   935    751
   936    751
   937    751
   938    751
   939    751
   942    751
   943    751
   944    751
   945    751
   946    751
   949    751
   952    751
   953    751
   955    751
   956    751
   957    751
   958    751
   959    751
   960    751
   961    751
   962    751
   963    751
   964    751
   965    751
   974    751
   975    751
   980    751
   981    751
   982    751
   983    751
   984    751
   985    751
  1005    751
  1006    751
  1007    751
  1008    751
  1009    751
  1010    751
  1011    751
  1012    751
  1016    751
  1017    751
  1018    751
  1019    751
  1020    751
  1021    751
  1022    751
  1023    751
  1024    751
  1030    751
  1031    751
  1032    751
  1033    751
  1034    751
  1035    751
  1036    751
  1037    751
  1038    751
  1039    751
  1040    751
  1041    751
   824    752
   825    752
   826    752
   827    752
   828    752
   829    752
   830    752
   831    752
   832    752
   833    752
   834    752
   835    752
   836    752
   837    752
   838    752
   839    752
   840    752
   841    752
   842    752
   843    752
   844    752
   845    752
   846    752
   847    752
   848    752
   849    752
   850    752
   851    752
   852    752
   853    752
   854    752
   855    752
   856    752
   857    752
   858    752
   859    752
   860    752
   861    752
   862    752
   863    752
   864    752
   865    752
   866    752
   867    752
   868    752
   869    752
   870    752
   871    752
   872    752
   873    752
   877    752
   878    752
   879    752
   880    752
   882    752
   884    752
   885    752
   886    752
   887    752
   888    752
   889    752
   890    752
   891    752
   893    752
   894    752
   915    752
   916    752
   917    752
   918    752
   925    752
   927    752
   928    752
   929    752
   930    752
   931    752
   932    752
   933    752
   934    752
   935    752
   936    752
   937    752
   938    752
   939    752
   940    752
   941    752
   947    752
   948    752
   949    752
   950    752
   951    752
   952    752
   953    752
   954    752
   955    752
   956    752
   957    752
   958    752
   959    752
   960    752
   961    752
   962    752
   963    752
   964    752
   975    752
  1003    752
  1004    752
  1005    752
  1006    752
  1007    752
  1008    752
  1009    752
  1010    752
  1011    752
  1012    752
  1013    752
  1014    752
  1015    752
  1016    752
  1017    752
  1018    752
  1019    752
  1020    752
  1021    752
  1022    752
  1023    752
  1024    752
  1025    752
  1026    752
  1036    752
  1037    752
  1038    752
  1039    752
  1040    752
  1041    752
  1042    752
  1043    752
   823    753
   824    753
   825    753
   826    753
   827    753
   828    753
   829    753
   830    753
   831    753
   832    753
   833    753
   834    753
   835    753
   836    753
   837    753
   838    753
   839    753
   840    753
   841    753
   842    753
   843    753
   844    753
   845    753
   846    753
   847    753
   848    753
   849    753
   850    753
   851    753
   852    753
   853    753
   854    753
   855    753
   856    753
   857    753
   858    753
   859    753
   860    753
   861    753
   862    753
   863    753
   864    753
   865    753
   866    753
   867    753
   868    753
   869    753
   870    753
   871    753
   872    753
   873    753
   874    753
   875    753
   891    753
   892    753
   893    753
   894    753
   895    753
   901    753
   902    753
   903    753
   904    753
   905    753
   906    753
   907    753
   908    753
   909    753
   910    753
   911    753
   912    753
   913    753
   914    753
   915    753
   928    753
   929    753
   930    753
   931    753
   932    753
   933    753
   934    753
   935    753
   936    753
   937    753
   938    753
   939    753
   940    753
   941    753
   942    753
   943    753
   946    753
   947    753
   948    753
   949    753
   950    753
   951    753
   952    753
   953    753
   954    753
   955    753
   976    753
   977    753
   980    753
  1001    753
  1002    753
  1003    753
  1004    753
  1005    753
  1006    753
  1007    753
  1008    753
  1009    753
  1010    753
  1011    753
  1012    753
  1013    753
  1014    753
  1015    753
  1016    753
  1017    753
  1018    753
  1019    753
  1020    753
  1021    753
  1022    753
  1023    753
  1024    753
  1025    753
  1026    753
  1027    753
  1034    753
  1038    753
  1040    753
  1041    753
  1043    753
  1044    753
  1045    753
  1046    753
   823    754
   824    754
   825    754
   826    754
   827    754
   828    754
   829    754
   830    754
   831    754
   832    754
   833    754
   834    754
   835    754
   836    754
   837    754
   838    754
   839    754
   840    754
   841    754
   842    754
   843    754
   844    754
   845    754
   846    754
   847    754
   848    754
   849    754
   850    754
   851    754
   852    754
   853    754
   854    754
   855    754
   856    754
   857    754
   858    754
   859    754
   861    754
   875    754
   876    754
   877    754
   878    754
   879    754
   886    754
   887    754
   888    754
   889    754
   890    754
   891    754
   895    754
   896    754
   897    754
   898    754
   899    754
   900    754
   901    754
   902    754
   903    754
   904    754
   905    754
   906    754
   907    754
   908    754
   909    754
   910    754
   911    754
   912    754
   913    754
   914    754
   915    754
   928    754
   929    754
   930    754
   931    754
   932    754
   933    754
   934    754
   935    754
   936    754
   937    754
   938    754
   939    754
   940    754
   941    754
   942    754
   943    754
   946    754
   947    754
   948    754
   949    754
   950    754
   951    754
   952    754
   953    754
   954    754
   955    754
   956    754
   957    754
   958    754
   974    754
   976    754
  1001    754
  1002    754
  1003    754
  1004    754
  1005    754
  1006    754
  1007    754
  1008    754
  1009    754
  1010    754
  1011    754
  1012    754
  1013    754
  1014    754
  1015    754
  1016    754
  1017    754
  1018    754
  1019    754
  1020    754
  1021    754
  1022    754
  1023    754
  1024    754
  1043    754
  1044    754
  1045    754
  1046    754
  1047    754
   824    755
   825    755
   826    755
   827    755
   828    755
   830    755
   831    755
   832    755
   833    755
   834    755
   835    755
   836    755
   837    755
   866    755
   867    755
   868    755
   870    755
   871    755
   872    755
   873    755
   874    755
   875    755
   876    755
   877    755
   879    755
   880    755
   881    755
   882    755
   884    755
   885    755
   886    755
   887    755
   888    755
   889    755
   890    755
   891    755
   895    755
   896    755
   897    755
   898    755
   899    755
   900    755
   901    755
   902    755
   903    755
   904    755
   905    755
   906    755
   907    755
   908    755
   909    755
   910    755
   911    755
   912    755
   913    755
   914    755
   915    755
   928    755
   929    755
   930    755
   931    755
   932    755
   933    755
   934    755
   935    755
   936    755
   937    755
   938    755
   939    755
   940    755
   941    755
   942    755
   943    755
   946    755
   947    755
   948    755
   949    755
   950    755
   951    755
   952    755
   953    755
   954    755
   955    755
   956    755
   957    755
   958    755
   959    755
   973    755
   974    755
   979    755
  1001    755
  1002    755
  1003    755
  1004    755
  1005    755
  1006    755
  1007    755
  1008    755
  1009    755
  1010    755
  1011    755
  1012    755
  1013    755
  1014    755
  1015    755
  1016    755
  1017    755
  1018    755
  1019    755
  1020    755
  1021    755
  1022    755
  1023    755
  1024    755
  1041    755
  1042    755
  1043    755
  1044    755
  1045    755
  1046    755
  1047    755
   824    756
   825    756
   844    756
   845    756
   846    756
   847    756
   848    756
   849    756
   850    756
   851    756
   852    756
   853    756
   854    756
   855    756
   856    756
   857    756
   858    756
   859    756
   860    756
   861    756
   862    756
   863    756
   864    756
   865    756
   869    756
   881    756
   882    756
   883    756
   884    756
   885    756
   886    756
   887    756
   896    756
   897    756
   898    756
   899    756
   900    756
   901    756
   902    756
   903    756
   904    756
   905    756
   906    756
   908    756
   910    756
   911    756
   912    756
   913    756
   914    756
   928    756
   929    756
   930    756
   931    756
   932    756
   933    756
   934    756
   935    756
   936    756
   937    756
   938    756
   939    756
   940    756
   941    756
   942    756
   943    756
   948    756
   949    756
   950    756
   951    756
   952    756
   953    756
   954    756
   955    756
   956    756
   957    756
   958    756
   959    756
  1002    756
  1003    756
  1004    756
  1005    756
  1006    756
  1007    756
  1008    756
  1009    756
  1010    756
  1011    756
  1012    756
  1013    756
  1014    756
  1015    756
  1016    756
  1017    756
  1018    756
  1019    756
  1020    756
  1021    756
  1022    756
  1023    756
  1024    756
  1040    756
  1041    756
  1042    756
  1043    756
  1044    756
  1045    756
  1046    756
  1047    756
  1048    756
   825    757
   826    757
   827    757
   828    757
   829    757
   830    757
   831    757
   832    757
   833    757
   834    757
   835    757
   836    757
   837    757
   838    757
   842    757
   843    757
   844    757
   845    757
   846    757
   847    757
   848    757
   849    757
   850    757
   851    757
   852    757
   853    757
   854    757
   860    757
   861    757
   862    757
   881    757
   886    757
   887    757
   897    757
   898    757
   899    757
   900    757
   901    757
   902    757
   903    757
   904    757
   905    757
   906    757
   912    757
   913    757
   914    757
   915    757
   928    757
   929    757
   930    757
   931    757
   932    757
   933    757
   934    757
   935    757
   936    757
   937    757
   938    757
   939    757
   940    757
   941    757
   942    757
   943    757
   948    757
   949    757
   950    757
   951    757
   952    757
   953    757
   954    757
   955    757
   956    757
   957    757
   958    757
   959    757
  1001    757
  1002    757
  1003    757
  1004    757
  1005    757
  1006    757
  1007    757
  1008    757
  1009    757
  1010    757
  1011    757
  1012    757
  1013    757
  1014    757
  1015    757
  1016    757
  1017    757
  1018    757
  1019    757
  1020    757
  1021    757
  1022    757
  1023    757
  1024    757
  1040    757
  1041    757
  1042    757
  1043    757
  1044    757
  1045    757
  1046    757
  1047    757
  1048    757
  1056    757
   838    758
   839    758
   840    758
   841    758
   842    758
   846    758
   897    758
   899    758
   900    758
   912    758
   913    758
   914    758
   915    758
   916    758
   917    758
   918    758
   919    758
   920    758
   921    758
   922    758
   923    758
   931    758
   932    758
   933    758
   934    758
   935    758
   936    758
   937    758
   938    758
   939    758
   940    758
   941    758
   942    758
   943    758
   944    758
  1000    758
  1001    758
  1002    758
  1003    758
  1004    758
  1005    758
  1007    758
  1008    758
  1009    758
  1010    758
  1011    758
  1012    758
  1013    758
  1014    758
  1015    758
  1016    758
  1017    758
  1018    758
  1019    758
  1020    758
  1021    758
  1022    758
  1023    758
  1024    758
  1025    758
  1026    758
  1027    758
  1028    758
  1029    758
  1040    758
  1041    758
  1042    758
  1043    758
  1044    758
  1045    758
  1046    758
  1047    758
  1056    758
  1057    758
   897    759
   898    759
   899    759
   900    759
   901    759
   912    759
   913    759
   914    759
   915    759
   916    759
   917    759
   918    759
   919    759
   920    759
   921    759
   922    759
   923    759
   930    759
   931    759
   932    759
   933    759
   934    759
   935    759
   936    759
   937    759
   938    759
   939    759
   940    759
   941    759
   942    759
   943    759
  1000    759
  1001    759
  1002    759
  1003    759
  1004    759
  1005    759
  1007    759
  1008    759
  1009    759
  1010    759
  1011    759
  1012    759
  1013    759
  1014    759
  1015    759
  1016    759
  1017    759
  1018    759
  1019    759
  1020    759
  1021    759
  1022    759
  1023    759
  1024    759
  1025    759
  1026    759
  1027    759
  1028    759
  1029    759
  1030    759
  1039    759
  1040    759
  1041    759
  1042    759
  1043    759
  1044    759
  1045    759
  1046    759
  1047    759
  1048    759
  1056    759
  1057    759
  1058    759
   911    760
   912    760
   913    760
   914    760
   915    760
   916    760
   917    760
   918    760
   919    760
   920    760
   921    760
   922    760
   923    760
   929    760
   930    760
   931    760
   932    760
   933    760
   934    760
   935    760
   936    760
   937    760
   938    760
   939    760
   940    760
   941    760
   942    760
   943    760
   944    760
  1001    760
  1002    760
  1003    760
  1004    760
  1005    760
  1006    760
  1007    760
  1008    760
  1023    760
  1024    760
  1025    760
  1026    760
  1027    760
  1028    760
  1029    760
  1030    760
  1031    760
  1032    760
  1033    760
  1034    760
  1035    760
  1038    760
  1039    760
  1040    760
  1041    760
  1042    760
  1043    760
  1044    760
  1045    760
  1046    760
  1047    760
  1048    760
  1049    760
  1050    760
   912    761
   913    761
   914    761
   915    761
   916    761
   917    761
   918    761
   919    761
   920    761
   921    761
   922    761
   923    761
   928    761
   929    761
   930    761
   931    761
   932    761
   933    761
   934    761
   935    761
   936    761
   937    761
   938    761
   939    761
   940    761
   941    761
   942    761
   943    761
   944    761
  1002    761
  1003    761
  1004    761
  1006    761
  1007    761
  1008    761
  1022    761
  1023    761
  1024    761
  1025    761
  1026    761
  1027    761
  1028    761
  1029    761
  1030    761
  1031    761
  1032    761
  1033    761
  1034    761
  1035    761
  1036    761
  1037    761
  1038    761
  1039    761
  1040    761
  1041    761
  1042    761
  1043    761
  1044    761
  1045    761
  1046    761
  1047    761
  1048    761
  1049    761
  1050    761
  1066    761
   910    762
   911    762
   912    762
   913    762
   914    762
   915    762
   916    762
   917    762
   918    762
   919    762
   920    762
   921    762
   922    762
   923    762
   924    762
   925    762
   926    762
   927    762
   928    762
  1001    762
  1002    762
  1003    762
  1004    762
  1005    762
  1006    762
  1007    762
  1008    762
  1022    762
  1023    762
  1024    762
  1025    762
  1026    762
  1030    762
  1031    762
  1033    762
  1034    762
  1035    762
  1036    762
  1037    762
  1038    762
  1039    762
  1040    762
  1041    762
  1042    762
  1043    762
  1044    762
  1045    762
  1046    762
  1047    762
  1048    762
  1049    762
  1066    762
  1067    762
  1068    762
  1069    762
   911    763
   912    763
   913    763
   914    763
   915    763
   916    763
   917    763
   918    763
   919    763
   920    763
   921    763
   922    763
   923    763
   924    763
   925    763
   926    763
   927    763
  1002    763
  1003    763
  1004    763
  1005    763
  1006    763
  1007    763
  1008    763
  1022    763
  1023    763
  1024    763
  1025    763
  1026    763
  1028    763
  1029    763
  1030    763
  1031    763
  1034    763
  1035    763
  1036    763
  1037    763
  1038    763
  1039    763
  1040    763
  1041    763
  1042    763
  1043    763
  1044    763
  1045    763
  1046    763
  1047    763
  1048    763
  1049    763
  1066    763
  1067    763
  1068    763
  1069    763
  1070    763
  1071    763
   911    764
   912    764
   913    764
   914    764
   915    764
   916    764
   917    764
   918    764
   919    764
   920    764
   921    764
   922    764
   923    764
   924    764
   925    764
   926    764
   927    764
   993    764
  1001    764
  1002    764
  1003    764
  1004    764
  1005    764
  1006    764
  1007    764
  1008    764
  1022    764
  1023    764
  1024    764
  1025    764
  1029    764
  1030    764
  1035    764
  1036    764
  1037    764
  1040    764
  1041    764
  1042    764
  1043    764
  1044    764
  1045    764
  1046    764
  1047    764
  1048    764
  1049    764
  1065    764
  1066    764
  1067    764
  1068    764
  1069    764
  1070    764
  1071    764
  1072    764
  1073    764
  1074    764
   911    765
   912    765
   913    765
   914    765
   915    765
   916    765
   917    765
   918    765
   919    765
   920    765
   921    765
   922    765
   923    765
   924    765
   925    765
   926    765
   927    765
   993    765
  1001    765
  1002    765
  1003    765
  1004    765
  1007    765
  1008    765
  1023    765
  1024    765
  1025    765
  1027    765
  1028    765
  1029    765
  1030    765
  1035    765
  1036    765
  1037    765
  1040    765
  1041    765
  1042    765
  1043    765
  1044    765
  1045    765
  1046    765
  1047    765
  1048    765
  1063    765
  1064    765
  1065    765
  1066    765
  1067    765
  1068    765
  1069    765
  1070    765
  1071    765
  1072    765
  1073    765
  1074    765
  1075    765
  1076    765
   911    766
   912    766
   913    766
   914    766
   915    766
   916    766
   917    766
   918    766
   919    766
   920    766
   921    766
   922    766
   923    766
   924    766
   925    766
   926    766
   927    766
   992    766
   993    766
   994    766
  1002    766
  1003    766
  1004    766
  1007    766
  1008    766
  1009    766
  1023    766
  1024    766
  1025    766
  1026    766
  1027    766
  1028    766
  1029    766
  1030    766
  1031    766
  1040    766
  1041    766
  1042    766
  1043    766
  1044    766
  1045    766
  1046    766
  1047    766
  1048    766
  1063    766
  1064    766
  1065    766
  1066    766
  1067    766
  1068    766
  1069    766
  1070    766
  1071    766
  1072    766
  1073    766
  1074    766
  1075    766
  1076    766
   912    767
   913    767
   914    767
   915    767
   916    767
   917    767
   918    767
   919    767
   920    767
   921    767
   922    767
   923    767
   924    767
   992    767
   993    767
   994    767
  1001    767
  1002    767
  1003    767
  1004    767
  1005    767
  1006    767
  1007    767
  1008    767
  1023    767
  1024    767
  1025    767
  1026    767
  1027    767
  1028    767
  1029    767
  1030    767
  1031    767
  1032    767
  1036    767
  1037    767
  1038    767
  1039    767
  1040    767
  1041    767
  1042    767
  1043    767
  1044    767
  1045    767
  1046    767
  1047    767
  1048    767
  1065    767
  1066    767
  1067    767
  1068    767
  1069    767
  1070    767
  1071    767
  1074    767
  1076    767
  1077    767
  1078    767
  1079    767
  1080    767
  1081    767
   919    768
   920    768
   985    768
   986    768
   987    768
   988    768
   989    768
   990    768
   991    768
   993    768
  1005    768
  1006    768
  1007    768
  1008    768
  1009    768
  1010    768
  1011    768
  1012    768
  1025    768
  1026    768
  1027    768
  1028    768
  1029    768
  1030    768
  1031    768
  1032    768
  1033    768
  1034    768
  1035    768
  1038    768
  1039    768
  1040    768
  1041    768
  1042    768
  1043    768
  1044    768
  1048    768
  1049    768
  1050    768
  1051    768
  1052    768
  1053    768
  1054    768
  1055    768
  1056    768
  1057    768
  1058    768
  1059    768
  1060    768
  1061    768
  1062    768
  1063    768
  1064    768
  1065    768
  1068    768
  1069    768
  1070    768
  1071    768
  1073    768
  1075    768
  1076    768
  1077    768
  1078    768
  1079    768
  1080    768
  1081    768
  1082    768
  1083    768
  1084    768
   982    769
   983    769
   984    769
   985    769
   986    769
   987    769
   988    769
   989    769
   990    769
   991    769
   992    769
  1008    769
  1009    769
  1010    769
  1011    769
  1027    769
  1028    769
  1029    769
  1030    769
  1031    769
  1032    769
  1033    769
  1034    769
  1035    769
  1036    769
  1037    769
  1038    769
  1039    769
  1040    769
  1041    769
  1042    769
  1049    769
  1050    769
  1051    769
  1052    769
  1053    769
  1054    769
  1055    769
  1056    769
  1057    769
  1058    769
  1059    769
  1060    769
  1061    769
  1062    769
  1063    769
  1064    769
  1065    769
  1066    769
  1067    769
  1068    769
  1069    769
  1070    769
  1071    769
  1074    769
  1075    769
  1076    769
  1077    769
  1078    769
  1079    769
  1080    769
  1081    769
  1082    769
  1083    769
  1084    769
  1085    769
  1086    769
   983    770
   984    770
   985    770
   986    770
   987    770
   988    770
   989    770
   990    770
   991    770
   992    770
  1008    770
  1009    770
  1010    770
  1011    770
  1012    770
  1025    770
  1026    770
  1027    770
  1028    770
  1029    770
  1032    770
  1033    770
  1034    770
  1035    770
  1036    770
  1037    770
  1038    770
  1039    770
  1040    770
  1041    770
  1042    770
  1043    770
  1044    770
  1049    770
  1050    770
  1051    770
  1052    770
  1053    770
  1054    770
  1055    770
  1056    770
  1057    770
  1058    770
  1059    770
  1060    770
  1061    770
  1062    770
  1063    770
  1064    770
  1065    770
  1066    770
  1067    770
  1068    770
  1069    770
  1070    770
  1071    770
  1072    770
  1073    770
  1074    770
  1075    770
  1076    770
  1077    770
  1078    770
  1079    770
  1080    770
  1081    770
  1082    770
  1083    770
  1084    770
  1085    770
  1086    770
  1087    770
  1088    770
  1089    770
   984    771
   985    771
   986    771
   987    771
   988    771
   989    771
   990    771
   991    771
   992    771
  1009    771
  1010    771
  1011    771
  1012    771
  1025    771
  1026    771
  1027    771
  1028    771
  1029    771
  1030    771
  1031    771
  1032    771
  1033    771
  1034    771
  1035    771
  1036    771
  1037    771
  1038    771
  1039    771
  1040    771
  1041    771
  1042    771
  1043    771
  1047    771
  1048    771
  1049    771
  1050    771
  1051    771
  1052    771
  1053    771
  1054    771
  1055    771
  1056    771
  1057    771
  1058    771
  1059    771
  1060    771
  1061    771
  1062    771
  1063    771
  1064    771
  1065    771
  1066    771
  1067    771
  1068    771
  1069    771
  1070    771
  1071    771
  1072    771
  1073    771
  1074    771
  1075    771
  1076    771
  1077    771
  1078    771
  1079    771
  1080    771
  1081    771
  1082    771
  1083    771
  1084    771
  1085    771
  1086    771
  1087    771
  1088    771
  1089    771
  1090    771
  1091    771
   983    772
   984    772
   985    772
   986    772
   987    772
   988    772
   989    772
   990    772
   991    772
   992    772
  1009    772
  1010    772
  1011    772
  1023    772
  1024    772
  1025    772
  1026    772
  1027    772
  1028    772
  1029    772
  1030    772
  1031    772
  1032    772
  1033    772
  1034    772
  1035    772
  1036    772
  1037    772
  1038    772
  1039    772
  1040    772
  1041    772
  1042    772
  1043    772
  1044    772
  1045    772
  1046    772
  1047    772
  1048    772
  1049    772
  1050    772
  1051    772
  1052    772
  1053    772
  1054    772
  1055    772
  1056    772
  1057    772
  1058    772
  1059    772
  1060    772
  1061    772
  1063    772
  1064    772
  1065    772
  1066    772
  1067    772
  1068    772
  1069    772
  1070    772
  1071    772
  1072    772
  1073    772
  1074    772
  1075    772
  1076    772
  1077    772
  1078    772
  1079    772
  1080    772
  1081    772
  1082    772
  1083    772
  1084    772
  1085    772
  1086    772
  1087    772
  1088    772
  1089    772
  1090    772
  1091    772
  1092    772
  1093    772
  1094    772
   983    773
   984    773
   985    773
   986    773
   987    773
   988    773
   989    773
   990    773
   991    773
   992    773
  1009    773
  1010    773
  1011    773
  1012    773
  1025    773
  1026    773
  1027    773
  1028    773
  1029    773
  1030    773
  1031    773
  1032    773
  1033    773
  1034    773
  1035    773
  1036    773
  1037    773
  1038    773
  1039    773
  1040    773
  1041    773
  1042    773
  1043    773
  1044    773
  1045    773
  1046    773
  1047    773
  1048    773
  1049    773
  1050    773
  1052    773
  1053    773
  1054    773
  1055    773
  1056    773
  1058    773
  1059    773
  1060    773
  1064    773
  1065    773
  1066    773
  1067    773
  1068    773
  1069    773
  1070    773
  1071    773
  1072    773
  1073    773
  1074    773
  1075    773
  1076    773
  1077    773
  1078    773
  1079    773
  1080    773
  1081    773
  1082    773
  1083    773
  1084    773
  1085    773
  1086    773
  1087    773
  1088    773
  1089    773
  1090    773
  1091    773
  1092    773
  1093    773
  1094    773
  1095    773
  1096    773
   984    774
   985    774
   986    774
   987    774
   988    774
   989    774
   990    774
   991    774
   992    774
  1008    774
  1009    774
  1010    774
  1011    774
  1012    774
  1024    774
  1025    774
  1026    774
  1027    774
  1028    774
  1029    774
  1030    774
  1031    774
  1032    774
  1033    774
  1034    774
  1035    774
  1036    774
  1037    774
  1038    774
  1039    774
  1040    774
  1041    774
  1042    774
  1043    774
  1045    774
  1046    774
  1047    774
  1048    774
  1052    774
  1053    774
  1054    774
  1055    774
  1058    774
  1059    774
  1060    774
  1061    774
  1062    774
  1063    774
  1064    774
  1065    774
  1066    774
  1067    774
  1068    774
  1069    774
  1070    774
  1071    774
  1072    774
  1073    774
  1074    774
  1075    774
  1076    774
  1077    774
  1078    774
  1079    774
  1080    774
  1081    774
  1082    774
  1083    774
  1084    774
  1085    774
  1086    774
  1087    774
  1088    774
  1089    774
  1090    774
  1091    774
  1092    774
  1093    774
  1094    774
  1095    774
  1096    774
  1097    774
  1098    774
  1099    774
   984    775
   985    775
   986    775
   987    775
   988    775
   989    775
   990    775
   991    775
   992    775
   995    775
   996    775
   997    775
   998    775
  1009    775
  1010    775
  1011    775
  1012    775
  1013    775
  1023    775
  1024    775
  1025    775
  1026    775
  1027    775
  1028    775
  1029    775
  1030    775
  1031    775
  1032    775
  1033    775
  1034    775
  1035    775
  1036    775
  1037    775
  1038    775
  1039    775
  1040    775
  1041    775
  1042    775
  1043    775
  1044    775
  1045    775
  1046    775
  1047    775
  1048    775
  1051    775
  1052    775
  1053    775
  1054    775
  1055    775
  1056    775
  1057    775
  1058    775
  1059    775
  1060    775
  1061    775
  1062    775
  1063    775
  1064    775
  1065    775
  1066    775
  1067    775
  1068    775
  1069    775
  1070    775
  1071    775
  1072    775
  1073    775
  1074    775
  1075    775
  1076    775
  1077    775
  1078    775
  1079    775
  1080    775
  1081    775
  1082    775
  1083    775
  1084    775
  1085    775
  1086    775
  1088    775
  1089    775
  1090    775
  1091    775
  1092    775
  1093    775
  1094    775
  1095    775
  1096    775
  1097    775
  1098    775
  1099    775
  1100    775
  1101    775
   983    776
   984    776
   985    776
   986    776
   987    776
   988    776
   989    776
   990    776
   991    776
   992    776
   995    776
   996    776
  1011    776
  1012    776
  1013    776
  1014    776
  1015    776
  1016    776
  1017    776
  1018    776
  1019    776
  1020    776
  1021    776
  1022    776
  1023    776
  1024    776
  1025    776
  1026    776
  1027    776
  1028    776
  1029    776
  1030    776
  1031    776
  1032    776
  1033    776
  1034    776
  1035    776
  1036    776
  1037    776
  1038    776
  1039    776
  1040    776
  1041    776
  1042    776
  1043    776
  1044    776
  1045    776
  1046    776
  1047    776
  1048    776
  1051    776
  1052    776
  1053    776
  1054    776
  1055    776
  1056    776
  1057    776
  1058    776
  1059    776
  1060    776
  1061    776
  1062    776
  1063    776
  1064    776
  1065    776
  1066    776
  1067    776
  1068    776
  1069    776
  1070    776
  1071    776
  1072    776
  1073    776
  1074    776
  1075    776
  1076    776
  1077    776
  1078    776
  1079    776
  1080    776
  1081    776
  1082    776
  1083    776
  1086    776
  1087    776
  1088    776
  1089    776
  1090    776
  1091    776
  1092    776
  1093    776
  1094    776
  1095    776
  1096    776
  1097    776
  1098    776
  1099    776
  1100    776
  1101    776
  1102    776
  1103    776
  1104    776
   983    777
   984    777
   985    777
   986    777
   987    777
   988    777
   989    777
   990    777
   991    777
  1011    777
  1012    777
  1013    777
  1014    777
  1015    777
  1016    777
  1017    777
  1018    777
  1019    777
  1020    777
  1021    777
  1022    777
  1023    777
  1024    777
  1025    777
  1026    777
  1027    777
  1028    777
  1029    777
  1030    777
  1031    777
  1032    777
  1033    777
  1034    777
  1035    777
  1036    777
  1037    777
  1038    777
  1039    777
  1040    777
  1041    777
  1042    777
  1043    777
  1044    777
  1045    777
  1046    777
  1047    777
  1048    777
  1051    777
  1052    777
  1053    777
  1054    777
  1055    777
  1056    777
  1057    777
  1058    777
  1059    777
  1060    777
  1061    777
  1062    777
  1063    777
  1064    777
  1065    777
  1066    777
  1067    777
  1068    777
  1069    777
  1070    777
  1071    777
  1072    777
  1073    777
  1074    777
  1075    777
  1076    777
  1077    777
  1078    777
  1079    777
  1080    777
  1081    777
  1083    777
  1084    777
  1085    777
  1086    777
  1087    777
  1088    777
  1089    777
  1090    777
  1091    777
  1092    777
  1093    777
  1094    777
  1095    777
  1096    777
  1097    777
  1098    777
  1099    777
  1100    777
  1101    777
  1102    777
  1103    777
  1104    777
  1105    777
  1106    777
   983    778
   984    778
   985    778
   986    778
   987    778
   988    778
   989    778
   990    778
   991    778
  1011    778
  1012    778
  1013    778
  1014    778
  1015    778
  1016    778
  1017    778
  1018    778
  1019    778
  1020    778
  1021    778
  1022    778
  1023    778
  1024    778
  1025    778
  1026    778
  1027    778
  1028    778
  1029    778
  1030    778
  1031    778
  1032    778
  1033    778
  1034    778
  1035    778
  1036    778
  1037    778
  1038    778
  1039    778
  1040    778
  1041    778
  1042    778
  1043    778
  1044    778
  1045    778
  1051    778
  1052    778
  1053    778
  1054    778
  1055    778
  1056    778
  1057    778
  1058    778
  1059    778
  1060    778
  1061    778
  1062    778
  1063    778
  1064    778
  1065    778
  1066    778
  1067    778
  1068    778
  1069    778
  1070    778
  1071    778
  1072    778
  1073    778
  1074    778
  1075    778
  1076    778
  1077    778
  1078    778
  1079    778
  1082    778
  1083    778
  1084    778
  1085    778
  1086    778
  1087    778
  1088    778
  1089    778
  1090    778
  1091    778
  1092    778
  1093    778
  1094    778
  1095    778
  1096    778
  1097    778
  1098    778
  1099    778
  1100    778
  1101    778
  1102    778
  1103    778
  1104    778
  1105    778
  1106    778
  1107    778
  1108    778
  1109    778
   983    779
   984    779
   985    779
   986    779
   987    779
   988    779
   989    779
   990    779
   991    779
  1012    779
  1013    779
  1014    779
  1015    779
  1016    779
  1017    779
  1018    779
  1019    779
  1020    779
  1021    779
  1022    779
  1023    779
  1024    779
  1025    779
  1026    779
  1027    779
  1028    779
  1029    779
  1030    779
  1031    779
  1032    779
  1033    779
  1034    779
  1035    779
  1036    779
  1037    779
  1038    779
  1039    779
  1040    779
  1041    779
  1044    779
  1045    779
  1052    779
  1053    779
  1054    779
  1055    779
  1056    779
  1057    779
  1058    779
  1059    779
  1060    779
  1061    779
  1062    779
  1063    779
  1064    779
  1065    779
  1066    779
  1067    779
  1068    779
  1069    779
  1070    779
  1071    779
  1072    779
  1073    779
  1074    779
  1075    779
  1076    779
  1077    779
  1080    779
  1081    779
  1082    779
  1083    779
  1084    779
  1085    779
  1086    779
  1087    779
  1088    779
  1089    779
  1090    779
  1091    779
  1092    779
  1093    779
  1094    779
  1095    779
  1096    779
  1097    779
  1098    779
  1100    779
  1101    779
  1102    779
  1103    779
  1104    779
  1105    779
  1106    779
  1107    779
  1108    779
  1109    779
  1110    779
  1111    779
  1112    779
   984    780
   985    780
   986    780
   987    780
   988    780
   989    780
   990    780
   991    780
  1012    780
  1013    780
  1014    780
  1015    780
  1016    780
  1017    780
  1018    780
  1019    780
  1020    780
  1021    780
  1022    780
  1023    780
  1024    780
  1026    780
  1027    780
  1028    780
  1029    780
  1030    780
  1031    780
  1032    780
  1033    780
  1034    780
  1035    780
  1036    780
  1037    780
  1038    780
  1039    780
  1040    780
  1041    780
  1042    780
  1053    780
  1054    780
  1055    780
  1056    780
  1057    780
  1058    780
  1059    780
  1060    780
  1061    780
  1062    780
  1063    780
  1064    780
  1065    780
  1066    780
  1067    780
  1068    780
  1069    780
  1070    780
  1071    780
  1072    780
  1073    780
  1074    780
  1075    780
  1076    780
  1078    780
  1079    780
  1080    780
  1081    780
  1082    780
  1083    780
  1084    780
  1085    780
  1086    780
  1087    780
  1088    780
  1089    780
  1090    780
  1091    780
  1092    780
  1093    780
  1094    780
  1095    780
  1100    780
  1101    780
  1102    780
  1103    780
  1104    780
  1105    780
  1106    780
  1107    780
  1108    780
  1109    780
  1110    780
  1111    780
  1112    780
  1113    780
  1114    780
   983    781
   984    781
   985    781
   986    781
   987    781
   988    781
   989    781
   990    781
   991    781
   992    781
  1012    781
  1013    781
  1014    781
  1015    781
  1016    781
  1017    781
  1018    781
  1019    781
  1020    781
  1021    781
  1022    781
  1023    781
  1024    781
  1025    781
  1026    781
  1027    781
  1028    781
  1029    781
  1030    781
  1031    781
  1032    781
  1033    781
  1034    781
  1035    781
  1036    781
  1037    781
  1038    781
  1039    781
  1040    781
  1041    781
  1042    781
  1053    781
  1054    781
  1055    781
  1056    781
  1057    781
  1058    781
  1059    781
  1060    781
  1061    781
  1062    781
  1063    781
  1064    781
  1065    781
  1066    781
  1067    781
  1068    781
  1069    781
  1070    781
  1071    781
  1072    781
  1073    781
  1076    781
  1077    781
  1078    781
  1079    781
  1080    781
  1081    781
  1082    781
  1083    781
  1084    781
  1085    781
  1086    781
  1087    781
  1088    781
  1089    781
  1090    781
  1091    781
  1092    781
  1093    781
  1096    781
  1097    781
  1098    781
  1099    781
  1100    781
  1101    781
  1102    781
  1103    781
  1104    781
  1105    781
  1106    781
  1107    781
  1108    781
  1109    781
  1110    781
  1111    781
  1112    781
  1113    781
  1114    781
  1115    781
  1116    781
  1117    781
   965    782
   966    782
   967    782
   968    782
   969    782
   970    782
   984    782
   985    782
   986    782
   987    782
   988    782
   989    782
   990    782
   991    782
  1001    782
  1002    782
  1003    782
  1004    782
  1005    782
  1006    782
  1007    782
  1008    782
  1009    782
  1010    782
  1012    782
  1013    782
  1014    782
  1015    782
  1016    782
  1017    782
  1018    782
  1019    782
  1020    782
  1021    782
  1022    782
  1023    782
  1024    782
  1026    782
  1027    782
  1028    782
  1029    782
  1030    782
  1031    782
  1032    782
  1033    782
  1034    782
  1035    782
  1036    782
  1037    782
  1038    782
  1039    782
  1040    782
  1052    782
  1053    782
  1054    782
  1055    782
  1056    782
  1057    782
  1058    782
  1059    782
  1060    782
  1061    782
  1062    782
  1063    782
  1064    782
  1065    782
  1066    782
  1067    782
  1068    782
  1069    782
  1070    782
  1071    782
  1072    782
  1075    782
  1076    782
  1077    782
  1078    782
  1079    782
  1080    782
  1081    782
  1082    782
  1083    782
  1084    782
  1085    782
  1086    782
  1087    782
  1088    782
  1089    782
  1090    782
  1091    782
  1092    782
  1093    782
  1094    782
  1095    782
  1096    782
  1097    782
  1098    782
  1099    782
  1100    782
  1101    782
  1102    782
  1103    782
  1104    782
  1105    782
  1106    782
  1107    782
  1108    782
  1109    782
  1110    782
  1111    782
  1112    782
  1113    782
  1114    782
  1115    782
  1118    782
  1119    782
   965    783
   966    783
   967    783
   968    783
   969    783
   970    783
   979    783
   980    783
   981    783
   984    783
   985    783
   986    783
   987    783
   988    783
   989    783
   990    783
   991    783
   997    783
   998    783
   999    783
  1000    783
  1010    783
  1011    783
  1012    783
  1013    783
  1014    783
  1015    783
  1016    783
  1017    783
  1018    783
  1019    783
  1020    783
  1021    783
  1022    783
  1023    783
  1027    783
  1028    783
  1029    783
  1030    783
  1031    783
  1032    783
  1033    783
  1034    783
  1035    783
  1036    783
  1037    783
  1038    783
  1039    783
  1040    783
  1051    783
  1052    783
  1053    783
  1054    783
  1056    783
  1057    783
  1058    783
  1059    783
  1060    783
  1061    783
  1062    783
  1063    783
  1064    783
  1065    783
  1066    783
  1067    783
  1068    783
  1069    783
  1070    783
  1073    783
  1074    783
  1075    783
  1076    783
  1077    783
  1078    783
  1079    783
  1080    783
  1081    783
  1082    783
  1083    783
  1084    783
  1085    783
  1086    783
  1087    783
  1088    783
  1089    783
  1092    783
  1093    783
  1096    783
  1097    783
  1098    783
  1099    783
  1100    783
  1101    783
  1102    783
  1103    783
  1104    783
  1105    783
  1106    783
  1107    783
  1108    783
  1109    783
  1110    783
  1111    783
  1112    783
  1114    783
  1115    783
  1116    783
  1117    783
  1118    783
  1119    783
  1120    783
  1121    783
   976    784
   977    784
   978    784
   979    784
   980    784
   981    784
   982    784
  1000    784
  1001    784
  1002    784
  1003    784
  1004    784
  1005    784
  1007    784
  1009    784
  1010    784
  1011    784
  1015    784
  1016    784
  1017    784
  1027    784
  1028    784
  1029    784
  1030    784
  1031    784
  1033    784
  1034    784
  1035    784
  1036    784
  1037    784
  1038    784
  1039    784
  1053    784
  1054    784
  1055    784
  1056    784
  1057    784
  1058    784
  1059    784
  1060    784
  1061    784
  1062    784
  1063    784
  1065    784
  1066    784
  1067    784
  1068    784
  1071    784
  1072    784
  1073    784
  1074    784
  1075    784
  1076    784
  1077    784
  1078    784
  1079    784
  1080    784
  1081    784
  1082    784
  1083    784
  1084    784
  1085    784
  1086    784
  1087    784
  1088    784
  1089    784
  1090    784
  1091    784
  1092    784
  1100    784
  1101    784
  1102    784
  1103    784
  1104    784
  1105    784
  1106    784
  1107    784
  1108    784
  1109    784
  1110    784
  1113    784
  1114    784
  1115    784
  1119    784
  1120    784
  1121    784
  1122    784
  1123    784
  1124    784
   975    785
   976    785
   977    785
   978    785
   979    785
   980    785
   981    785
   982    785
  1026    785
  1027    785
  1028    785
  1029    785
  1030    785
  1031    785
  1032    785
  1034    785
  1035    785
  1036    785
  1037    785
  1055    785
  1056    785
  1069    785
  1070    785
  1071    785
  1072    785
  1073    785
  1074    785
  1075    785
  1076    785
  1077    785
  1078    785
  1079    785
  1080    785
  1081    785
  1082    785
  1083    785
  1084    785
  1085    785
  1086    785
  1087    785
  1088    785
  1089    785
  1100    785
  1101    785
  1102    785
  1103    785
  1104    785
  1105    785
  1106    785
  1107    785
  1108    785
  1111    785
  1112    785
  1113    785
  1119    785
  1120    785
  1121    785
  1122    785
  1123    785
  1124    785
   976    786
   977    786
   978    786
   979    786
   980    786
   981    786
   982    786
   983    786
   984    786
  1024    786
  1025    786
  1026    786
  1027    786
  1028    786
  1029    786
  1030    786
  1031    786
  1032    786
  1033    786
  1034    786
  1035    786
  1058    786
  1059    786
  1060    786
  1061    786
  1062    786
  1068    786
  1069    786
  1070    786
  1071    786
  1072    786
  1073    786
  1074    786
  1075    786
  1076    786
  1077    786
  1078    786
  1079    786
  1080    786
  1081    786
  1082    786
  1083    786
  1084    786
  1085    786
  1089    786
  1100    786
  1101    786
  1102    786
  1103    786
  1110    786
  1111    786
  1112    786
  1120    786
  1121    786
  1122    786
  1123    786
  1124    786
   975    787
   976    787
   977    787
   978    787
   979    787
   980    787
   981    787
   982    787
   983    787
  1024    787
  1025    787
  1026    787
  1027    787
  1028    787
  1029    787
  1030    787
  1031    787
  1032    787
  1033    787
  1034    787
  1035    787
  1036    787
  1037    787
  1038    787
  1039    787
  1040    787
  1041    787
  1042    787
  1043    787
  1044    787
  1061    787
  1062    787
  1063    787
  1064    787
  1066    787
  1067    787
  1068    787
  1069    787
  1070    787
  1071    787
  1072    787
  1073    787
  1074    787
  1075    787
  1076    787
  1077    787
  1078    787
  1079    787
  1080    787
  1081    787
  1082    787
  1083    787
  1086    787
  1087    787
  1088    787
  1104    787
  1105    787
  1106    787
  1108    787
  1109    787
  1110    787
  1118    787
  1119    787
  1120    787
  1121    787
  1122    787
  1123    787
  1130    787
  1131    787
  1132    787
   976    788
   977    788
   978    788
   979    788
   980    788
   981    788
   982    788
   983    788
   984    788
  1024    788
  1025    788
  1026    788
  1027    788
  1028    788
  1029    788
  1030    788
  1031    788
  1032    788
  1033    788
  1034    788
  1035    788
  1036    788
  1037    788
  1038    788
  1039    788
  1040    788
  1043    788
  1044    788
  1062    788
  1063    788
  1064    788
  1065    788
  1066    788
  1067    788
  1068    788
  1069    788
  1070    788
  1071    788
  1072    788
  1073    788
  1074    788
  1075    788
  1076    788
  1077    788
  1078    788
  1079    788
  1080    788
  1081    788
  1082    788
  1083    788
  1086    788
  1087    788
  1088    788
  1089    788
  1090    788
  1105    788
  1106    788
  1107    788
  1108    788
  1109    788
  1110    788
  1115    788
  1116    788
  1117    788
  1118    788
  1119    788
  1120    788
  1121    788
  1122    788
  1123    788
  1124    788
  1129    788
  1130    788
  1131    788
  1132    788
  1133    788
  1134    788
   975    789
   976    789
   977    789
   978    789
   979    789
   980    789
   981    789
   982    789
   983    789
   984    789
  1023    789
  1024    789
  1025    789
  1026    789
  1027    789
  1028    789
  1029    789
  1030    789
  1031    789
  1032    789
  1033    789
  1034    789
  1035    789
  1036    789
  1037    789
  1038    789
  1039    789
  1040    789
  1045    789
  1046    789
  1047    789
  1061    789
  1062    789
  1063    789
  1064    789
  1065    789
  1066    789
  1067    789
  1068    789
  1069    789
  1070    789
  1071    789
  1072    789
  1073    789
  1074    789
  1075    789
  1076    789
  1077    789
  1078    789
  1079    789
  1080    789
  1081    789
  1083    789
  1084    789
  1085    789
  1091    789
  1092    789
  1093    789
  1104    789
  1105    789
  1106    789
  1107    789
  1115    789
  1116    789
  1117    789
  1118    789
  1119    789
  1120    789
  1121    789
  1122    789
  1123    789
  1124    789
  1129    789
  1130    789
  1131    789
  1132    789
  1133    789
  1134    789
  1135    789
  1136    789
   975    790
   976    790
   977    790
   978    790
   979    790
   980    790
   981    790
   982    790
   983    790
   984    790
   985    790
  1000    790
  1007    790
  1008    790
  1009    790
  1010    790
  1011    790
  1012    790
  1023    790
  1024    790
  1025    790
  1026    790
  1027    790
  1028    790
  1029    790
  1030    790
  1031    790
  1032    790
  1033    790
  1034    790
  1035    790
  1036    790
  1037    790
  1038    790
  1039    790
  1040    790
  1041    790
  1042    790
  1043    790
  1044    790
  1048    790
  1059    790
  1060    790
  1061    790
  1062    790
  1063    790
  1064    790
  1065    790
  1066    790
  1067    790
  1068    790
  1069    790
  1070    790
  1071    790
  1072    790
  1073    790
  1074    790
  1075    790
  1076    790
  1077    790
  1078    790
  1079    790
  1080    790
  1081    790
  1082    790
  1083    790
  1084    790
  1085    790
  1086    790
  1087    790
  1088    790
  1089    790
  1090    790
  1091    790
  1095    790
  1096    790
  1097    790
  1113    790
  1114    790
  1115    790
  1116    790
  1117    790
  1118    790
  1119    790
  1120    790
  1138    790
  1139    790
   975    791
   976    791
   977    791
   978    791
   979    791
   980    791
   981    791
   982    791
   983    791
   984    791
   985    791
   986    791
  1007    791
  1008    791
  1009    791
  1010    791
  1011    791
  1012    791
  1024    791
  1025    791
  1026    791
  1027    791
  1028    791
  1029    791
  1030    791
  1031    791
  1032    791
  1033    791
  1034    791
  1035    791
  1036    791
  1037    791
  1038    791
  1039    791
  1040    791
  1041    791
  1042    791
  1043    791
  1044    791
  1045    791
  1046    791
  1047    791
  1048    791
  1049    791
  1050    791
  1057    791
  1058    791
  1059    791
  1060    791
  1061    791
  1062    791
  1063    791
  1064    791
  1065    791
  1066    791
  1067    791
  1068    791
  1069    791
  1070    791
  1071    791
  1072    791
  1073    791
  1074    791
  1075    791
  1076    791
  1077    791
  1078    791
  1080    791
  1081    791
  1082    791
  1083    791
  1084    791
  1085    791
  1086    791
  1087    791
  1088    791
  1089    791
  1090    791
  1091    791
  1092    791
  1093    791
  1094    791
  1095    791
  1096    791
  1097    791
  1098    791
  1113    791
  1114    791
  1115    791
  1116    791
  1117    791
  1118    791
  1119    791
  1120    791
  1139    791
  1140    791
  1141    791
   975    792
   976    792
   977    792
   978    792
   979    792
   980    792
   981    792
   982    792
   983    792
   984    792
  1007    792
  1008    792
  1009    792
  1010    792
  1011    792
  1012    792
  1017    792
  1018    792
  1019    792
  1020    792
  1021    792
  1022    792
  1023    792
  1025    792
  1026    792
  1027    792
  1028    792
  1029    792
  1030    792
  1031    792
  1032    792
  1033    792
  1034    792
  1035    792
  1036    792
  1037    792
  1038    792
  1039    792
  1040    792
  1041    792
  1042    792
  1043    792
  1044    792
  1045    792
  1046    792
  1047    792
  1048    792
  1055    792
  1056    792
  1057    792
  1058    792
  1059    792
  1060    792
  1061    792
  1062    792
  1063    792
  1064    792
  1065    792
  1066    792
  1067    792
  1068    792
  1069    792
  1070    792
  1071    792
  1072    792
  1073    792
  1074    792
  1075    792
  1076    792
  1077    792
  1078    792
  1079    792
  1080    792
  1081    792
  1082    792
  1083    792
  1084    792
  1085    792
  1086    792
  1087    792
  1088    792
  1089    792
  1090    792
  1091    792
  1092    792
  1093    792
  1094    792
  1095    792
  1096    792
  1097    792
  1098    792
  1113    792
  1114    792
  1115    792
  1116    792
  1117    792
  1118    792
  1119    792
  1120    792
  1141    792
  1142    792
   976    793
   977    793
   978    793
   979    793
   980    793
   981    793
   982    793
   983    793
   984    793
  1008    793
  1009    793
  1010    793
  1011    793
  1017    793
  1018    793
  1019    793
  1020    793
  1021    793
  1022    793
  1023    793
  1024    793
  1025    793
  1026    793
  1027    793
  1028    793
  1029    793
  1030    793
  1031    793
  1032    793
  1033    793
  1034    793
  1035    793
  1036    793
  1037    793
  1038    793
  1039    793
  1040    793
  1041    793
  1042    793
  1043    793
  1044    793
  1045    793
  1046    793
  1047    793
  1055    793
  1056    793
  1057    793
  1058    793
  1059    793
  1060    793
  1061    793
  1062    793
  1063    793
  1064    793
  1065    793
  1066    793
  1067    793
  1068    793
  1069    793
  1070    793
  1071    793
  1072    793
  1073    793
  1074    793
  1075    793
  1076    793
  1077    793
  1078    793
  1079    793
  1080    793
  1081    793
  1082    793
  1083    793
  1084    793
  1085    793
  1086    793
  1087    793
  1088    793
  1089    793
  1090    793
  1091    793
  1092    793
  1093    793
  1094    793
  1095    793
  1096    793
  1097    793
  1098    793
  1099    793
  1100    793
  1113    793
  1114    793
  1115    793
  1116    793
  1117    793
  1118    793
  1119    793
  1120    793
  1143    793
  1144    793
  1145    793
  1146    793
  1147    793
  1007    794
  1008    794
  1009    794
  1010    794
  1015    794
  1016    794
  1017    794
  1018    794
  1019    794
  1020    794
  1023    794
  1024    794
  1025    794
  1026    794
  1027    794
  1028    794
  1029    794
  1030    794
  1031    794
  1032    794
  1033    794
  1034    794
  1035    794
  1036    794
  1037    794
  1038    794
  1039    794
  1040    794
  1041    794
  1042    794
  1043    794
  1044    794
  1045    794
  1046    794
  1047    794
  1048    794
  1049    794
  1054    794
  1055    794
  1056    794
  1057    794
  1058    794
  1059    794
  1060    794
  1061    794
  1062    794
  1063    794
  1064    794
  1065    794
  1066    794
  1067    794
  1068    794
  1069    794
  1070    794
  1071    794
  1072    794
  1073    794
  1075    794
  1076    794
  1077    794
  1078    794
  1079    794
  1080    794
  1081    794
  1082    794
  1083    794
  1084    794
  1085    794
  1086    794
  1087    794
  1088    794
  1089    794
  1090    794
  1091    794
  1092    794
  1093    794
  1094    794
  1095    794
  1096    794
  1097    794
  1099    794
  1100    794
  1104    794
  1105    794
  1106    794
  1115    794
  1116    794
  1117    794
  1118    794
  1119    794
  1120    794
  1142    794
  1143    794
  1144    794
  1145    794
  1146    794
  1147    794
  1148    794
  1149    794
  1008    795
  1009    795
  1017    795
  1018    795
  1019    795
  1022    795
  1025    795
  1026    795
  1027    795
  1029    795
  1030    795
  1031    795
  1032    795
  1033    795
  1034    795
  1035    795
  1036    795
  1037    795
  1038    795
  1039    795
  1040    795
  1041    795
  1042    795
  1043    795
  1044    795
  1045    795
  1054    795
  1056    795
  1057    795
  1058    795
  1059    795
  1060    795
  1061    795
  1062    795
  1063    795
  1064    795
  1065    795
  1066    795
  1067    795
  1068    795
  1069    795
  1070    795
  1071    795
  1076    795
  1077    795
  1078    795
  1081    795
  1082    795
  1083    795
  1084    795
  1085    795
  1086    795
  1087    795
  1088    795
  1089    795
  1090    795
  1091    795
  1092    795
  1093    795
  1094    795
  1095    795
  1096    795
  1105    795
  1106    795
  1107    795
  1113    795
  1116    795
  1117    795
  1118    795
  1119    795
  1120    795
  1144    795
  1145    795
  1146    795
  1147    795
  1148    795
  1149    795
  1150    795
  1151    795
