   894    730
   895    730
   896    730
   897    730
   898    730
   899    730
   900    730
   901    730
   902    730
   903    730
   904    730
   905    730
   906    730
   907    730
   908    730
   909    730
   910    730
   911    730
   916    730
   917    730
   918    730
   919    730
   920    730
   921    730
   922    730
   923    730
   924    730
   925    730
   926    730
   927    730
   928    730
   929    730
   930    730
   931    730
   932    730
   933    730
   934    730
   935    730
   936    730
   937    730
   938    730
   939    730
   940    730
   941    730
   942    730
   943    730
   944    730
   945    730
   946    730
   947    730
   948    730
   949    730
   950    730
   951    730
   952    730
   953    730
   954    730
   955    730
   956    730
   957    730
   958    730
   959    730
   960    730
   961    730
   962    730
   963    730
   972    730
   973    730
   974    730
   975    730
   976    730
   980    730
   981    730
   982    730
   983    730
   984    730
   985    730
   986    730
   987    730
   988    730
   894    731
   895    731
   896    731
   897    731
   898    731
   899    731
   900    731
   901    731
   902    731
   903    731
   904    731
   905    731
   906    731
   907    731
   908    731
   909    731
   910    731
   911    731
   916    731
   917    731
   918    731
   919    731
   920    731
   921    731
   922    731
   923    731
   924    731
   925    731
   926    731
   927    731
   928    731
   929    731
   930    731
   931    731
   932    731
   933    731
   934    731
   935    731
   936    731
   937    731
   938    731
   939    731
   940    731
   941    731
   942    731
   943    731
   944    731
   945    731
   946    731
   947    731
   948    731
   949    731
   950    731
   951    731
   952    731
   953    731
   954    731
   955    731
   956    731
   957    731
   958    731
   959    731
   960    731
   961    731
   962    731
   972    731
   973    731
   974    731
   975    731
   976    731
   977    731
   978    731
   979    731
   980    731
   981    731
   982    731
   983    731
   984    731
   985    731
   986    731
   987    731
   988    731
   989    731
   990    731
   894    732
   895    732
   896    732
   897    732
   898    732
   899    732
   900    732
   901    732
   902    732
   903    732
   904    732
   905    732
   915    732
   916    732
   917    732
   918    732
   919    732
   920    732
   921    732
   922    732
   923    732
   924    732
   925    732
   926    732
   927    732
   928    732
   929    732
   930    732
   931    732
   932    732
   933    732
   934    732
   935    732
   936    732
   937    732
   938    732
   939    732
   940    732
   941    732
   942    732
   943    732
   944    732
   945    732
   946    732
   947    732
   948    732
   949    732
   950    732
   951    732
   952    732
   953    732
   954    732
   955    732
   956    732
   957    732
   958    732
   959    732
   960    732
   961    732
   962    732
   973    732
   977    732
   978    732
   979    732
   980    732
   981    732
   982    732
   983    732
   984    732
   985    732
   986    732
   987    732
   988    732
   989    732
   990    732
   991    732
   992    732
   993    732
   894    733
   895    733
   896    733
   897    733
   898    733
   899    733
   900    733
   901    733
   902    733
   903    733
   904    733
   905    733
   915    733
   916    733
   917    733
   918    733
   919    733
   920    733
   921    733
   922    733
   923    733
   924    733
   925    733
   926    733
   927    733
   928    733
   929    733
   930    733
   931    733
   932    733
   933    733
   934    733
   935    733
   936    733
   937    733
   938    733
   939    733
   940    733
   941    733
   942    733
   943    733
   944    733
   945    733
   946    733
   947    733
   948    733
   949    733
   950    733
   951    733
   952    733
   953    733
   954    733
   955    733
   956    733
   957    733
   958    733
   959    733
   960    733
   961    733
   962    733
   972    733
   973    733
   974    733
   978    733
   979    733
   980    733
   981    733
   982    733
   983    733
   984    733
   985    733
   986    733
   987    733
   988    733
   989    733
   990    733
   991    733
   992    733
   993    733
   994    733
   995    733
   894    734
   895    734
   896    734
   897    734
   898    734
   899    734
   900    734
   901    734
   915    734
   916    734
   917    734
   918    734
   919    734
   920    734
   921    734
   922    734
   923    734
   924    734
   925    734
   926    734
   927    734
   928    734
   929    734
   930    734
   931    734
   932    734
   933    734
   934    734
   935    734
   936    734
   937    734
   938    734
   939    734
   940    734
   941    734
   942    734
   943    734
   944    734
   945    734
   946    734
   947    734
   948    734
   949    734
   950    734
   951    734
   952    734
   953    734
   954    734
   955    734
   956    734
   957    734
   958    734
   959    734
   960    734
   961    734
   974    734
   976    734
   977    734
   978    734
   981    734
   982    734
   983    734
   984    734
   985    734
   986    734
   987    734
   988    734
   989    734
   990    734
   991    734
   992    734
   993    734
   994    734
   995    734
   996    734
   997    734
   998    734
   893    735
   894    735
   895    735
   896    735
   897    735
   898    735
   899    735
   900    735
   901    735
   902    735
   903    735
   914    735
   915    735
   916    735
   917    735
   918    735
   919    735
   920    735
   921    735
   922    735
   923    735
   924    735
   925    735
   926    735
   927    735
   928    735
   929    735
   930    735
   931    735
   932    735
   933    735
   934    735
   935    735
   936    735
   937    735
   938    735
   939    735
   940    735
   941    735
   942    735
   943    735
   944    735
   945    735
   946    735
   947    735
   948    735
   953    735
   954    735
   955    735
   956    735
   957    735
   958    735
   959    735
   960    735
   979    735
   980    735
   981    735
   982    735
   983    735
   984    735
   985    735
   986    735
   987    735
   988    735
   989    735
   990    735
   991    735
   992    735
   993    735
   994    735
   995    735
   996    735
   997    735
   998    735
   999    735
  1000    735
   893    736
   894    736
   895    736
   896    736
   898    736
   899    736
   900    736
   901    736
   902    736
   903    736
   904    736
   905    736
   914    736
   915    736
   916    736
   917    736
   918    736
   919    736
   920    736
   921    736
   922    736
   923    736
   924    736
   925    736
   926    736
   927    736
   928    736
   929    736
   930    736
   931    736
   932    736
   933    736
   934    736
   941    736
   944    736
   945    736
   946    736
   947    736
   948    736
   953    736
   954    736
   955    736
   956    736
   968    736
   981    736
   983    736
   984    736
   992    736
   993    736
   994    736
   995    736
   996    736
   997    736
   998    736
   999    736
  1000    736
  1001    736
  1002    736
  1003    736
   892    737
   893    737
   894    737
   895    737
   896    737
   900    737
   901    737
   902    737
   903    737
   904    737
   905    737
   911    737
   912    737
   913    737
   915    737
   916    737
   917    737
   918    737
   919    737
   920    737
   921    737
   922    737
   923    737
   924    737
   928    737
   929    737
   930    737
   931    737
   932    737
   933    737
   934    737
   944    737
   945    737
   946    737
   947    737
   948    737
   949    737
   950    737
   952    737
   954    737
   955    737
   965    737
   966    737
   967    737
   968    737
   981    737
   982    737
   983    737
   984    737
   985    737
   986    737
   987    737
   991    737
   992    737
   993    737
   994    737
   995    737
   996    737
   997    737
   998    737
   999    737
  1000    737
  1001    737
  1002    737
  1003    737
  1004    737
  1005    737
   892    738
   893    738
   894    738
   895    738
   896    738
   912    738
   913    738
   916    738
   917    738
   920    738
   921    738
   922    738
   923    738
   924    738
   928    738
   929    738
   936    738
   937    738
   938    738
   944    738
   945    738
   946    738
   947    738
   948    738
   949    738
   950    738
   951    738
   952    738
   953    738
   954    738
   955    738
   956    738
   957    738
   958    738
   959    738
   960    738
   961    738
   962    738
   963    738
   964    738
   965    738
   966    738
   967    738
   968    738
   969    738
   970    738
   971    738
   972    738
   973    738
   976    738
   977    738
   978    738
   979    738
   980    738
   981    738
   982    738
   983    738
   984    738
   985    738
   986    738
   987    738
   988    738
   989    738
   990    738
   991    738
   992    738
   993    738
   994    738
   995    738
   996    738
   997    738
   998    738
   999    738
  1000    738
  1001    738
  1002    738
  1003    738
  1004    738
  1005    738
  1006    738
  1007    738
  1008    738
   892    739
   893    739
   894    739
   895    739
   912    739
   913    739
   914    739
   917    739
   918    739
   919    739
   920    739
   921    739
   922    739
   923    739
   924    739
   928    739
   929    739
   935    739
   936    739
   937    739
   938    739
   942    739
   943    739
   944    739
   945    739
   946    739
   947    739
   948    739
   949    739
   950    739
   951    739
   952    739
   953    739
   954    739
   955    739
   956    739
   957    739
   958    739
   959    739
   960    739
   961    739
   962    739
   963    739
   964    739
   965    739
   966    739
   967    739
   968    739
   969    739
   970    739
   971    739
   972    739
   973    739
   974    739
   975    739
   976    739
   977    739
   978    739
   979    739
   980    739
   981    739
   982    739
   983    739
   984    739
   985    739
   986    739
   987    739
   988    739
   989    739
   990    739
   991    739
   992    739
   993    739
   994    739
   995    739
   996    739
   997    739
   998    739
   999    739
  1000    739
  1001    739
  1002    739
  1003    739
  1004    739
  1005    739
  1006    739
  1008    739
  1009    739
  1010    739
   892    740
   893    740
   894    740
   895    740
   912    740
   913    740
   914    740
   916    740
   917    740
   918    740
   919    740
   920    740
   921    740
   922    740
   923    740
   924    740
   931    740
   932    740
   933    740
   934    740
   935    740
   936    740
   937    740
   938    740
   939    740
   940    740
   941    740
   942    740
   943    740
   944    740
   945    740
   946    740
   947    740
   948    740
   949    740
   950    740
   951    740
   952    740
   953    740
   954    740
   955    740
   956    740
   957    740
   958    740
   959    740
   960    740
   961    740
   962    740
   963    740
   964    740
   965    740
   966    740
   967    740
   968    740
   969    740
   970    740
   971    740
   972    740
   973    740
   974    740
   975    740
   976    740
   977    740
   978    740
   979    740
   980    740
   981    740
   982    740
   983    740
   984    740
   985    740
   986    740
   987    740
   988    740
   989    740
   997    740
   998    740
  1000    740
  1008    740
  1009    740
  1010    740
  1011    740
  1012    740
  1013    740
   891    741
   892    741
   893    741
   894    741
   895    741
   896    741
   912    741
   913    741
   914    741
   915    741
   916    741
   917    741
   918    741
   919    741
   920    741
   921    741
   922    741
   923    741
   924    741
   930    741
   931    741
   932    741
   933    741
   934    741
   935    741
   936    741
   937    741
   938    741
   939    741
   940    741
   941    741
   942    741
   943    741
   944    741
   945    741
   946    741
   947    741
   948    741
   949    741
   950    741
   951    741
   952    741
   953    741
   954    741
   955    741
   956    741
   957    741
   958    741
   959    741
   960    741
   961    741
   962    741
   963    741
   964    741
   965    741
   966    741
   967    741
   968    741
   969    741
   970    741
   971    741
   972    741
   973    741
   974    741
   975    741
   976    741
   977    741
   978    741
   983    741
   985    741
   986    741
   987    741
   991    741
   992    741
   993    741
   994    741
   995    741
   996    741
   997    741
   998    741
   999    741
  1000    741
  1001    741
  1002    741
  1003    741
  1004    741
  1005    741
  1006    741
  1007    741
  1008    741
  1009    741
  1010    741
  1011    741
  1012    741
  1013    741
  1014    741
  1015    741
   891    742
   892    742
   893    742
   894    742
   895    742
   896    742
   912    742
   913    742
   914    742
   915    742
   916    742
   917    742
   918    742
   919    742
   920    742
   921    742
   922    742
   927    742
   928    742
   929    742
   930    742
   931    742
   932    742
   933    742
   934    742
   935    742
   936    742
   937    742
   938    742
   939    742
   940    742
   941    742
   942    742
   943    742
   944    742
   945    742
   946    742
   947    742
   948    742
   949    742
   950    742
   951    742
   952    742
   953    742
   954    742
   955    742
   956    742
   957    742
   958    742
   973    742
   979    742
   980    742
   981    742
   982    742
   983    742
   984    742
   985    742
   986    742
   987    742
   988    742
   989    742
   990    742
   991    742
   992    742
   993    742
   994    742
   995    742
   996    742
   997    742
   998    742
   999    742
  1000    742
  1001    742
  1002    742
  1005    742
  1006    742
  1007    742
  1008    742
  1009    742
  1010    742
  1011    742
  1012    742
  1013    742
  1014    742
  1015    742
  1016    742
  1017    742
  1018    742
   888    743
   889    743
   890    743
   891    743
   892    743
   893    743
   894    743
   895    743
   896    743
   911    743
   912    743
   913    743
   914    743
   915    743
   916    743
   917    743
   918    743
   919    743
   920    743
   921    743
   922    743
   923    743
   927    743
   928    743
   929    743
   930    743
   931    743
   932    743
   933    743
   934    743
   935    743
   936    743
   937    743
   938    743
   939    743
   940    743
   941    743
   942    743
   943    743
   944    743
   945    743
   946    743
   948    743
   953    743
   954    743
   955    743
   956    743
   957    743
   961    743
   962    743
   964    743
   965    743
   966    743
   967    743
   968    743
   969    743
   970    743
   971    743
   972    743
   973    743
   974    743
   975    743
   976    743
   977    743
   978    743
   979    743
   980    743
   981    743
   982    743
   983    743
   984    743
   985    743
   986    743
   987    743
   988    743
   989    743
   990    743
   991    743
   992    743
   993    743
   994    743
   995    743
   996    743
   997    743
   998    743
   999    743
  1000    743
  1001    743
  1002    743
  1003    743
  1004    743
  1005    743
  1006    743
  1007    743
  1008    743
  1009    743
  1010    743
  1011    743
  1012    743
  1013    743
  1014    743
  1015    743
  1016    743
  1017    743
  1018    743
  1019    743
  1020    743
  1021    743
   888    744
   889    744
   890    744
   891    744
   892    744
   893    744
   894    744
   895    744
   896    744
   911    744
   912    744
   913    744
   914    744
   915    744
   917    744
   918    744
   919    744
   920    744
   921    744
   922    744
   923    744
   924    744
   925    744
   926    744
   927    744
   928    744
   929    744
   931    744
   949    744
   950    744
   951    744
   952    744
   953    744
   954    744
   955    744
   956    744
   957    744
   958    744
   959    744
   960    744
   961    744
   962    744
   963    744
   964    744
   965    744
   966    744
   967    744
   968    744
   969    744
   970    744
   971    744
   972    744
   973    744
   974    744
   975    744
   976    744
   977    744
   978    744
   979    744
   980    744
   981    744
   982    744
   983    744
   984    744
   985    744
   986    744
   987    744
   988    744
   989    744
   990    744
   991    744
   992    744
   993    744
   994    744
   995    744
   996    744
   997    744
   998    744
   999    744
  1000    744
  1001    744
  1002    744
  1003    744
  1004    744
  1005    744
  1006    744
  1007    744
  1008    744
  1011    744
  1012    744
  1013    744
  1014    744
   887    745
   888    745
   889    745
   890    745
   891    745
   892    745
   893    745
   894    745
   895    745
   896    745
   898    745
   909    745
   910    745
   911    745
   912    745
   913    745
   914    745
   915    745
   916    745
   917    745
   918    745
   920    745
   921    745
   922    745
   923    745
   924    745
   925    745
   926    745
   927    745
   929    745
   930    745
   931    745
   932    745
   933    745
   934    745
   935    745
   936    745
   937    745
   938    745
   939    745
   940    745
   941    745
   942    745
   943    745
   944    745
   945    745
   946    745
   947    745
   948    745
   949    745
   950    745
   951    745
   952    745
   953    745
   954    745
   955    745
   956    745
   957    745
   958    745
   959    745
   960    745
   961    745
   962    745
   963    745
   964    745
   965    745
   966    745
   967    745
   968    745
   969    745
   972    745
   973    745
   974    745
   975    745
   976    745
   977    745
   978    745
   979    745
   980    745
   981    745
   982    745
   983    745
   984    745
   985    745
   986    745
   987    745
   988    745
   989    745
   990    745
   991    745
   992    745
   993    745
   994    745
   995    745
  1000    745
  1013    745
  1014    745
  1015    745
  1016    745
  1017    745
  1018    745
  1020    745
  1021    745
  1022    745
  1023    745
  1024    745
  1025    745
  1026    745
   884    746
   886    746
   887    746
   890    746
   891    746
   894    746
   895    746
   896    746
   897    746
   898    746
   899    746
   900    746
   901    746
   902    746
   903    746
   904    746
   905    746
   906    746
   907    746
   908    746
   909    746
   910    746
   911    746
   912    746
   929    746
   930    746
   931    746
   932    746
   940    746
   941    746
   942    746
   943    746
   944    746
   945    746
   946    746
   947    746
   948    746
   949    746
   950    746
   951    746
   952    746
   953    746
   954    746
   955    746
   956    746
   957    746
   958    746
   959    746
   960    746
   961    746
   962    746
   963    746
   964    746
   965    746
   966    746
   967    746
   968    746
   969    746
   970    746
   971    746
   972    746
   973    746
   974    746
   975    746
   976    746
   977    746
   978    746
   979    746
   980    746
   982    746
   983    746
   984    746
   985    746
  1002    746
  1003    746
  1004    746
  1005    746
  1006    746
  1007    746
  1008    746
  1009    746
  1010    746
  1011    746
  1012    746
  1013    746
  1014    746
  1015    746
  1016    746
  1017    746
  1018    746
  1019    746
  1020    746
  1021    746
  1022    746
  1023    746
  1024    746
  1025    746
  1026    746
  1027    746
  1028    746
   884    747
   885    747
   886    747
   887    747
   888    747
   889    747
   921    747
   922    747
   929    747
   935    747
   936    747
   937    747
   938    747
   939    747
   950    747
   951    747
   952    747
   953    747
   954    747
   955    747
   956    747
   957    747
   958    747
   959    747
   960    747
   961    747
   962    747
   963    747
   964    747
   965    747
   966    747
   967    747
   968    747
   972    747
   973    747
   982    747
   983    747
   984    747
   985    747
   986    747
   987    747
   989    747
   990    747
   991    747
   992    747
   993    747
   994    747
   995    747
   996    747
   997    747
   998    747
   999    747
  1000    747
  1001    747
  1002    747
  1003    747
  1004    747
  1005    747
  1006    747
  1007    747
  1008    747
  1009    747
  1010    747
  1011    747
  1012    747
  1013    747
  1014    747
  1015    747
  1016    747
  1017    747
  1018    747
  1019    747
  1020    747
  1021    747
  1022    747
  1023    747
  1024    747
  1025    747
  1026    747
  1027    747
  1028    747
  1029    747
  1030    747
  1031    747
   884    748
   885    748
   887    748
   888    748
   889    748
   890    748
   891    748
   892    748
   893    748
   894    748
   895    748
   896    748
   897    748
   898    748
   907    748
   908    748
   909    748
   910    748
   911    748
   912    748
   913    748
   914    748
   915    748
   923    748
   924    748
   925    748
   926    748
   927    748
   956    748
   957    748
   977    748
   978    748
   979    748
   980    748
   981    748
   982    748
   983    748
   984    748
   985    748
   986    748
   987    748
   988    748
   989    748
   990    748
   991    748
   992    748
   993    748
   994    748
   995    748
   996    748
   997    748
   998    748
   999    748
  1000    748
  1001    748
  1002    748
  1003    748
  1004    748
  1005    748
  1006    748
  1007    748
  1008    748
  1009    748
  1010    748
  1011    748
  1012    748
  1013    748
  1014    748
  1019    748
  1024    748
  1025    748
  1026    748
  1027    748
  1028    748
  1029    748
  1030    748
  1031    748
  1032    748
  1033    748
   885    749
   886    749
   887    749
   888    749
   889    749
   890    749
   891    749
   892    749
   893    749
   894    749
   895    749
   896    749
   897    749
   898    749
   899    749
   900    749
   901    749
   902    749
   903    749
   904    749
   905    749
   906    749
   907    749
   908    749
   909    749
   910    749
   911    749
   912    749
   913    749
   914    749
   915    749
   916    749
   917    749
   932    749
   933    749
   934    749
   936    749
   937    749
   938    749
   939    749
   940    749
   941    749
   942    749
   943    749
   944    749
   945    749
   946    749
   947    749
   948    749
   949    749
   950    749
   951    749
   952    749
   953    749
   954    749
   955    749
   956    749
   957    749
   958    749
   960    749
   962    749
   963    749
   964    749
   965    749
   967    749
   968    749
   969    749
   970    749
   971    749
   972    749
   973    749
   974    749
   975    749
   976    749
   977    749
   978    749
   979    749
   980    749
   981    749
   982    749
   983    749
   984    749
   985    749
   986    749
   987    749
   988    749
   989    749
   990    749
   991    749
   992    749
   996    749
   997    749
   998    749
   999    749
  1000    749
  1001    749
  1002    749
  1003    749
  1004    749
  1005    749
  1006    749
  1007    749
  1008    749
  1009    749
  1010    749
  1011    749
  1012    749
  1013    749
  1016    749
  1017    749
  1018    749
  1019    749
  1023    749
  1024    749
  1025    749
  1026    749
  1027    749
  1028    749
  1029    749
  1030    749
  1031    749
  1032    749
  1033    749
  1034    749
  1035    749
  1036    749
   885    750
   886    750
   887    750
   888    750
   889    750
   890    750
   891    750
   892    750
   893    750
   894    750
   895    750
   896    750
   897    750
   898    750
   899    750
   900    750
   901    750
   902    750
   903    750
   904    750
   905    750
   906    750
   907    750
   908    750
   909    750
   910    750
   911    750
   912    750
   913    750
   914    750
   915    750
   916    750
   917    750
   921    750
   922    750
   925    750
   926    750
   927    750
   928    750
   929    750
   937    750
   941    750
   951    750
   952    750
   953    750
   954    750
   955    750
   956    750
   957    750
   958    750
   959    750
   960    750
   961    750
   962    750
   963    750
   964    750
   965    750
   966    750
   967    750
   973    750
   974    750
   975    750
   976    750
   977    750
   978    750
   979    750
   980    750
   981    750
   982    750
   983    750
   984    750
   985    750
   986    750
   987    750
   988    750
   989    750
   990    750
   997    750
   998    750
   999    750
  1000    750
  1001    750
  1002    750
  1003    750
  1004    750
  1005    750
  1006    750
  1007    750
  1008    750
  1009    750
  1010    750
  1011    750
  1012    750
  1013    750
  1014    750
  1015    750
  1016    750
  1017    750
  1018    750
  1019    750
  1024    750
  1025    750
  1026    750
  1027    750
  1028    750
  1029    750
  1030    750
  1031    750
  1032    750
  1033    750
  1034    750
  1035    750
  1036    750
  1037    750
  1038    750
   885    751
   886    751
   887    751
   888    751
   889    751
   890    751
   891    751
   892    751
   893    751
   894    751
   895    751
   896    751
   897    751
   898    751
   899    751
   900    751
   901    751
   902    751
   917    751
   918    751
   919    751
   920    751
   921    751
   922    751
   923    751
   924    751
   925    751
   926    751
   927    751
   928    751
   952    751
   953    751
   954    751
   955    751
   956    751
   957    751
   958    751
   959    751
   960    751
   961    751
   962    751
   963    751
   964    751
   965    751
   973    751
   974    751
   975    751
   977    751
   978    751
   980    751
   981    751
   999    751
  1000    751
  1001    751
  1002    751
  1003    751
  1004    751
  1005    751
  1006    751
  1007    751
  1008    751
  1009    751
  1010    751
  1011    751
  1012    751
  1013    751
  1014    751
  1015    751
  1016    751
  1017    751
  1018    751
  1019    751
  1024    751
  1025    751
  1026    751
  1027    751
  1028    751
  1029    751
  1030    751
  1031    751
  1032    751
  1033    751
  1034    751
  1035    751
  1036    751
  1037    751
  1038    751
  1039    751
  1040    751
  1041    751
   882    752
   885    752
   887    752
   904    752
   905    752
   906    752
   907    752
   908    752
   909    752
   910    752
   911    752
   912    752
   913    752
   914    752
   915    752
   916    752
   917    752
   918    752
   919    752
   920    752
   921    752
   922    752
   923    752
   924    752
   925    752
   926    752
   927    752
   928    752
   929    752
   930    752
   931    752
   932    752
   934    752
   939    752
   940    752
   941    752
   942    752
   943    752
   951    752
   952    752
   953    752
   954    752
   955    752
   956    752
   957    752
   958    752
   959    752
   960    752
   969    752
   971    752
   972    752
   973    752
   974    752
   975    752
   976    752
   998    752
   999    752
  1000    752
  1001    752
  1002    752
  1003    752
  1004    752
  1005    752
  1006    752
  1007    752
  1008    752
  1009    752
  1010    752
  1011    752
  1012    752
  1013    752
  1014    752
  1024    752
  1025    752
  1026    752
  1027    752
  1028    752
  1033    752
  1038    752
  1040    752
   885    753
   886    753
   887    753
   888    753
   890    753
   891    753
   892    753
   893    753
   894    753
   895    753
   896    753
   897    753
   898    753
   899    753
   900    753
   901    753
   902    753
   903    753
   904    753
   905    753
   906    753
   907    753
   908    753
   909    753
   910    753
   911    753
   912    753
   913    753
   914    753
   915    753
   916    753
   917    753
   918    753
   919    753
   920    753
   921    753
   922    753
   923    753
   924    753
   925    753
   926    753
   927    753
   928    753
   930    753
   931    753
   932    753
   933    753
   934    753
   935    753
   939    753
   940    753
   941    753
   942    753
   943    753
   952    753
   953    753
   954    753
   955    753
   956    753
   957    753
   958    753
   959    753
   967    753
   968    753
   969    753
   970    753
   971    753
   972    753
   973    753
   974    753
   975    753
   976    753
   998    753
   999    753
  1000    753
  1001    753
  1002    753
  1003    753
  1004    753
  1005    753
  1006    753
  1007    753
  1008    753
  1010    753
  1011    753
  1012    753
  1013    753
  1014    753
  1024    753
  1025    753
  1026    753
  1027    753
  1043    753
  1045    753
  1046    753
   884    754
   885    754
   886    754
   887    754
   888    754
   889    754
   890    754
   891    754
   892    754
   893    754
   894    754
   895    754
   896    754
   897    754
   898    754
   899    754
   900    754
   901    754
   902    754
   903    754
   904    754
   905    754
   906    754
   907    754
   908    754
   909    754
   910    754
   911    754
   912    754
   913    754
   914    754
   915    754
   916    754
   917    754
   918    754
   919    754
   920    754
   921    754
   922    754
   923    754
   924    754
   925    754
   926    754
   927    754
   928    754
   929    754
   930    754
   931    754
   932    754
   933    754
   934    754
   935    754
   952    754
   953    754
   954    754
   955    754
   956    754
   957    754
   958    754
   959    754
   970    754
   971    754
   972    754
   973    754
   974    754
   975    754
   976    754
   998    754
   999    754
  1000    754
  1001    754
  1002    754
  1003    754
  1004    754
  1005    754
  1006    754
  1007    754
  1008    754
  1024    754
  1025    754
  1026    754
  1027    754
  1043    754
  1044    754
  1045    754
  1046    754
  1047    754
   881    755
   884    755
   885    755
   886    755
   887    755
   888    755
   889    755
   890    755
   891    755
   892    755
   893    755
   894    755
   895    755
   896    755
   897    755
   898    755
   899    755
   900    755
   901    755
   902    755
   903    755
   904    755
   905    755
   906    755
   907    755
   908    755
   909    755
   910    755
   911    755
   912    755
   913    755
   914    755
   915    755
   916    755
   917    755
   918    755
   919    755
   920    755
   921    755
   922    755
   923    755
   924    755
   925    755
   926    755
   927    755
   928    755
   929    755
   930    755
   931    755
   932    755
   933    755
   934    755
   935    755
   940    755
   941    755
   952    755
   953    755
   954    755
   955    755
   956    755
   957    755
   958    755
   959    755
   970    755
   971    755
   972    755
   973    755
   974    755
   975    755
   998    755
   999    755
  1000    755
  1001    755
  1002    755
  1003    755
  1004    755
  1005    755
  1006    755
  1007    755
  1008    755
  1024    755
  1025    755
  1026    755
  1027    755
  1043    755
  1044    755
  1045    755
  1046    755
  1047    755
   884    756
   885    756
   886    756
   887    756
   888    756
   889    756
   890    756
   891    756
   892    756
   893    756
   894    756
   895    756
   896    756
   897    756
   898    756
   899    756
   900    756
   901    756
   902    756
   903    756
   904    756
   905    756
   906    756
   907    756
   908    756
   909    756
   910    756
   911    756
   912    756
   913    756
   914    756
   915    756
   916    756
   917    756
   918    756
   919    756
   920    756
   921    756
   922    756
   923    756
   924    756
   925    756
   926    756
   927    756
   928    756
   929    756
   930    756
   931    756
   932    756
   933    756
   934    756
   935    756
   936    756
   937    756
   938    756
   939    756
   940    756
   941    756
   942    756
   943    756
   952    756
   953    756
   954    756
   955    756
   956    756
   957    756
   958    756
   959    756
   960    756
   970    756
   971    756
   972    756
   973    756
   974    756
   975    756
  1002    756
  1003    756
  1004    756
  1005    756
  1006    756
  1007    756
  1008    756
  1024    756
  1025    756
  1026    756
  1027    756
  1040    756
  1041    756
  1042    756
  1043    756
  1044    756
  1045    756
  1046    756
  1047    756
  1048    756
   885    757
   886    757
   887    757
   888    757
   889    757
   890    757
   891    757
   892    757
   893    757
   894    757
   895    757
   896    757
   897    757
   898    757
   899    757
   900    757
   901    757
   902    757
   903    757
   904    757
   905    757
   906    757
   907    757
   908    757
   909    757
   910    757
   911    757
   912    757
   913    757
   914    757
   915    757
   916    757
   917    757
   918    757
   919    757
   920    757
   921    757
   922    757
   923    757
   924    757
   925    757
   926    757
   927    757
   928    757
   929    757
   930    757
   931    757
   932    757
   933    757
   934    757
   935    757
   936    757
   937    757
   938    757
   939    757
   940    757
   941    757
   942    757
   943    757
   952    757
   953    757
   954    757
   955    757
   956    757
   957    757
   958    757
   959    757
   970    757
   971    757
   972    757
   973    757
   974    757
   975    757
  1002    757
  1003    757
  1004    757
  1005    757
  1006    757
  1007    757
  1024    757
  1025    757
  1026    757
  1027    757
  1040    757
  1041    757
  1042    757
  1043    757
  1044    757
  1045    757
  1046    757
  1047    757
  1048    757
  1056    757
   885    758
   886    758
   887    758
   888    758
   889    758
   890    758
   891    758
   892    758
   893    758
   894    758
   895    758
   896    758
   897    758
   911    758
   912    758
   913    758
   914    758
   916    758
   917    758
   918    758
   919    758
   920    758
   921    758
   922    758
   923    758
   924    758
   927    758
   928    758
   929    758
   930    758
   931    758
   932    758
   933    758
   934    758
   935    758
   936    758
   937    758
   938    758
   952    758
   953    758
   954    758
   955    758
   956    758
   957    758
   958    758
   959    758
   973    758
   974    758
   975    758
  1002    758
  1003    758
  1004    758
  1005    758
  1006    758
  1007    758
  1024    758
  1025    758
  1026    758
  1027    758
  1028    758
  1039    758
  1040    758
  1041    758
  1042    758
  1043    758
  1044    758
  1045    758
  1046    758
  1047    758
  1056    758
  1057    758
  1058    758
   886    759
   887    759
   888    759
   889    759
   890    759
   891    759
   892    759
   893    759
   894    759
   895    759
   896    759
   897    759
   912    759
   913    759
   916    759
   917    759
   918    759
   919    759
   920    759
   921    759
   922    759
   923    759
   924    759
   927    759
   928    759
   929    759
   930    759
   931    759
   932    759
   933    759
   934    759
   935    759
   936    759
   937    759
   938    759
   952    759
   953    759
   954    759
   955    759
   956    759
   957    759
   958    759
   959    759
  1002    759
  1003    759
  1004    759
  1005    759
  1006    759
  1007    759
  1024    759
  1025    759
  1026    759
  1027    759
  1040    759
  1041    759
  1042    759
  1043    759
  1044    759
  1045    759
  1046    759
  1047    759
  1048    759
  1056    759
  1057    759
  1058    759
  1059    759
   881    760
   886    760
   887    760
   888    760
   889    760
   890    760
   891    760
   892    760
   911    760
   912    760
   913    760
   916    760
   917    760
   918    760
   919    760
   920    760
   921    760
   922    760
   923    760
   944    760
   945    760
   946    760
   947    760
   948    760
   949    760
   953    760
   954    760
   955    760
   956    760
   957    760
   958    760
   959    760
  1004    760
  1005    760
  1006    760
  1007    760
  1008    760
  1024    760
  1026    760
  1027    760
  1028    760
  1039    760
  1040    760
  1041    760
  1042    760
  1043    760
  1044    760
  1045    760
  1046    760
  1047    760
  1048    760
  1049    760
  1050    760
  1056    760
  1057    760
  1058    760
  1059    760
  1060    760
  1063    760
   881    761
   886    761
   887    761
   888    761
   889    761
   890    761
   891    761
   912    761
   913    761
   914    761
   916    761
   917    761
   918    761
   919    761
   920    761
   921    761
   922    761
   923    761
   944    761
   945    761
   946    761
   947    761
   948    761
   949    761
   954    761
   955    761
   956    761
   957    761
   958    761
   959    761
  1004    761
  1005    761
  1006    761
  1007    761
  1008    761
  1024    761
  1026    761
  1027    761
  1039    761
  1040    761
  1041    761
  1042    761
  1043    761
  1044    761
  1045    761
  1046    761
  1047    761
  1048    761
  1049    761
  1050    761
  1055    761
  1056    761
  1057    761
  1058    761
  1059    761
  1060    761
  1063    761
  1064    761
  1065    761
  1066    761
   881    762
   912    762
   913    762
   947    762
   948    762
   949    762
   950    762
   951    762
  1003    762
  1004    762
  1005    762
  1006    762
  1007    762
  1024    762
  1025    762
  1026    762
  1027    762
  1039    762
  1040    762
  1041    762
  1042    762
  1043    762
  1044    762
  1045    762
  1046    762
  1047    762
  1048    762
  1049    762
  1055    762
  1056    762
  1057    762
  1058    762
  1059    762
  1060    762
  1061    762
  1062    762
  1063    762
  1064    762
  1065    762
  1066    762
  1067    762
  1068    762
   912    763
   913    763
   914    763
   947    763
   948    763
   949    763
   950    763
   951    763
  1003    763
  1004    763
  1005    763
  1006    763
  1007    763
  1008    763
  1024    763
  1025    763
  1026    763
  1027    763
  1039    763
  1040    763
  1041    763
  1042    763
  1043    763
  1044    763
  1045    763
  1046    763
  1047    763
  1048    763
  1050    763
  1055    763
  1056    763
  1057    763
  1058    763
  1059    763
  1060    763
  1061    763
  1062    763
  1063    763
  1064    763
  1065    763
  1066    763
  1067    763
  1068    763
  1069    763
  1070    763
  1071    763
   912    764
   913    764
  1003    764
  1004    764
  1005    764
  1006    764
  1007    764
  1008    764
  1023    764
  1024    764
  1025    764
  1026    764
  1027    764
  1028    764
  1039    764
  1040    764
  1041    764
  1042    764
  1043    764
  1044    764
  1045    764
  1046    764
  1047    764
  1048    764
  1049    764
  1056    764
  1057    764
  1058    764
  1059    764
  1060    764
  1061    764
  1062    764
  1063    764
  1064    764
  1065    764
  1066    764
  1067    764
  1068    764
  1069    764
  1070    764
  1071    764
  1072    764
  1073    764
  1074    764
   912    765
   913    765
  1003    765
  1004    765
  1005    765
  1006    765
  1007    765
  1008    765
  1009    765
  1012    765
  1013    765
  1023    765
  1024    765
  1025    765
  1026    765
  1027    765
  1039    765
  1040    765
  1041    765
  1042    765
  1043    765
  1044    765
  1045    765
  1046    765
  1047    765
  1048    765
  1055    765
  1056    765
  1057    765
  1058    765
  1059    765
  1060    765
  1061    765
  1062    765
  1063    765
  1064    765
  1065    765
  1066    765
  1067    765
  1068    765
  1069    765
  1070    765
  1071    765
  1072    765
  1073    765
  1074    765
   912    766
  1003    766
  1004    766
  1005    766
  1006    766
  1007    766
  1008    766
  1009    766
  1010    766
  1011    766
  1012    766
  1013    766
  1014    766
  1024    766
  1025    766
  1026    766
  1027    766
  1028    766
  1039    766
  1040    766
  1041    766
  1042    766
  1043    766
  1044    766
  1045    766
  1046    766
  1047    766
  1048    766
  1055    766
  1056    766
  1057    766
  1058    766
  1059    766
  1060    766
  1061    766
  1062    766
  1063    766
  1064    766
  1065    766
  1072    766
  1073    766
  1074    766
  1075    766
  1076    766
  1077    766
  1078    766
  1079    766
   913    767
  1003    767
  1004    767
  1005    767
  1006    767
  1007    767
  1008    767
  1009    767
  1010    767
  1011    767
  1012    767
  1013    767
  1023    767
  1024    767
  1025    767
  1026    767
  1027    767
  1039    767
  1040    767
  1041    767
  1042    767
  1043    767
  1044    767
  1045    767
  1046    767
  1047    767
  1048    767
  1054    767
  1055    767
  1056    767
  1057    767
  1058    767
  1059    767
  1060    767
  1061    767
  1062    767
  1063    767
  1064    767
  1072    767
  1073    767
  1074    767
  1075    767
  1076    767
  1077    767
  1078    767
  1079    767
  1080    767
  1081    767
   908    768
   909    768
   912    768
   913    768
   914    768
   915    768
   916    768
   917    768
   918    768
  1010    768
  1011    768
  1023    768
  1024    768
  1025    768
  1026    768
  1027    768
  1028    768
  1029    768
  1030    768
  1031    768
  1032    768
  1033    768
  1034    768
  1035    768
  1036    768
  1037    768
  1038    768
  1039    768
  1040    768
  1041    768
  1042    768
  1043    768
  1044    768
  1048    768
  1049    768
  1050    768
  1055    768
  1056    768
  1057    768
  1058    768
  1059    768
  1063    768
  1064    768
  1065    768
  1067    768
  1068    768
  1069    768
  1070    768
  1071    768
  1072    768
  1073    768
  1074    768
  1075    768
  1076    768
  1077    768
  1078    768
  1079    768
  1080    768
  1081    768
  1082    768
  1083    768
  1084    768
   907    769
   908    769
   909    769
   911    769
   912    769
   913    769
   914    769
   915    769
   916    769
   917    769
   918    769
   920    769
   921    769
  1023    769
  1024    769
  1025    769
  1026    769
  1027    769
  1028    769
  1029    769
  1030    769
  1031    769
  1032    769
  1033    769
  1034    769
  1035    769
  1036    769
  1037    769
  1038    769
  1039    769
  1040    769
  1041    769
  1042    769
  1043    769
  1044    769
  1047    769
  1048    769
  1049    769
  1050    769
  1055    769
  1056    769
  1057    769
  1058    769
  1059    769
  1060    769
  1061    769
  1062    769
  1063    769
  1064    769
  1065    769
  1066    769
  1067    769
  1069    769
  1070    769
  1071    769
  1072    769
  1073    769
  1074    769
  1075    769
  1076    769
  1077    769
  1078    769
  1079    769
  1080    769
  1081    769
  1082    769
  1083    769
  1084    769
  1085    769
  1086    769
  1023    770
  1024    770
  1025    770
  1026    770
  1027    770
  1028    770
  1029    770
  1030    770
  1031    770
  1032    770
  1033    770
  1034    770
  1035    770
  1036    770
  1037    770
  1038    770
  1039    770
  1040    770
  1041    770
  1042    770
  1043    770
  1044    770
  1045    770
  1046    770
  1047    770
  1048    770
  1049    770
  1050    770
  1053    770
  1054    770
  1055    770
  1056    770
  1057    770
  1058    770
  1059    770
  1060    770
  1061    770
  1062    770
  1063    770
  1064    770
  1065    770
  1066    770
  1067    770
  1068    770
  1069    770
  1070    770
  1071    770
  1072    770
  1073    770
  1074    770
  1075    770
  1076    770
  1077    770
  1078    770
  1079    770
  1080    770
  1081    770
  1082    770
  1083    770
  1084    770
  1085    770
  1086    770
  1087    770
  1088    770
  1089    770
  1023    771
  1024    771
  1025    771
  1026    771
  1027    771
  1028    771
  1029    771
  1030    771
  1031    771
  1032    771
  1033    771
  1034    771
  1035    771
  1036    771
  1037    771
  1038    771
  1039    771
  1040    771
  1041    771
  1042    771
  1043    771
  1044    771
  1045    771
  1046    771
  1047    771
  1048    771
  1049    771
  1053    771
  1054    771
  1055    771
  1056    771
  1057    771
  1061    771
  1062    771
  1063    771
  1064    771
  1065    771
  1066    771
  1067    771
  1068    771
  1069    771
  1070    771
  1071    771
  1072    771
  1073    771
  1074    771
  1075    771
  1076    771
  1077    771
  1078    771
  1079    771
  1080    771
  1081    771
  1082    771
  1083    771
  1084    771
  1085    771
  1086    771
  1087    771
  1088    771
  1089    771
  1090    771
  1091    771
  1023    772
  1024    772
  1025    772
  1026    772
  1027    772
  1028    772
  1029    772
  1030    772
  1031    772
  1032    772
  1033    772
  1034    772
  1035    772
  1036    772
  1037    772
  1038    772
  1039    772
  1040    772
  1041    772
  1042    772
  1043    772
  1044    772
  1045    772
  1046    772
  1047    772
  1048    772
  1051    772
  1052    772
  1053    772
  1054    772
  1055    772
  1058    772
  1060    772
  1061    772
  1062    772
  1063    772
  1064    772
  1065    772
  1066    772
  1067    772
  1068    772
  1069    772
  1070    772
  1071    772
  1072    772
  1073    772
  1074    772
  1075    772
  1076    772
  1077    772
  1078    772
  1079    772
  1080    772
  1081    772
  1082    772
  1083    772
  1084    772
  1085    772
  1086    772
  1087    772
  1088    772
  1089    772
  1090    772
  1091    772
  1092    772
  1093    772
  1094    772
  1023    773
  1024    773
  1025    773
  1026    773
  1027    773
  1028    773
  1029    773
  1030    773
  1031    773
  1032    773
  1033    773
  1034    773
  1035    773
  1036    773
  1037    773
  1038    773
  1039    773
  1040    773
  1041    773
  1042    773
  1043    773
  1044    773
  1045    773
  1046    773
  1047    773
  1048    773
  1052    773
  1053    773
  1054    773
  1055    773
  1056    773
  1057    773
  1058    773
  1059    773
  1060    773
  1061    773
  1062    773
  1063    773
  1064    773
  1065    773
  1066    773
  1067    773
  1068    773
  1069    773
  1070    773
  1071    773
  1072    773
  1073    773
  1074    773
  1075    773
  1076    773
  1077    773
  1078    773
  1079    773
  1080    773
  1081    773
  1082    773
  1083    773
  1084    773
  1085    773
  1086    773
  1087    773
  1088    773
  1089    773
  1090    773
  1091    773
  1092    773
  1093    773
  1094    773
  1095    773
  1096    773
  1023    774
  1024    774
  1025    774
  1026    774
  1027    774
  1028    774
  1029    774
  1030    774
  1031    774
  1032    774
  1033    774
  1034    774
  1035    774
  1036    774
  1037    774
  1038    774
  1039    774
  1040    774
  1042    774
  1043    774
  1044    774
  1045    774
  1046    774
  1047    774
  1048    774
  1051    774
  1052    774
  1053    774
  1054    774
  1055    774
  1056    774
  1057    774
  1058    774
  1059    774
  1060    774
  1061    774
  1062    774
  1063    774
  1064    774
  1065    774
  1066    774
  1067    774
  1068    774
  1069    774
  1070    774
  1071    774
  1072    774
  1073    774
  1074    774
  1075    774
  1076    774
  1077    774
  1078    774
  1079    774
  1080    774
  1081    774
  1082    774
  1083    774
  1084    774
  1085    774
  1086    774
  1087    774
  1088    774
  1089    774
  1090    774
  1091    774
  1092    774
  1093    774
  1094    774
  1095    774
  1096    774
  1097    774
  1098    774
  1099    774
  1023    775
  1024    775
  1025    775
  1026    775
  1027    775
  1028    775
  1029    775
  1030    775
  1031    775
  1032    775
  1033    775
  1034    775
  1035    775
  1036    775
  1037    775
  1038    775
  1039    775
  1040    775
  1044    775
  1045    775
  1046    775
  1047    775
  1052    775
  1053    775
  1054    775
  1055    775
  1056    775
  1057    775
  1058    775
  1059    775
  1060    775
  1061    775
  1062    775
  1063    775
  1064    775
  1065    775
  1066    775
  1067    775
  1068    775
  1069    775
  1070    775
  1071    775
  1072    775
  1073    775
  1074    775
  1075    775
  1076    775
  1077    775
  1078    775
  1079    775
  1080    775
  1081    775
  1082    775
  1083    775
  1084    775
  1085    775
  1086    775
  1087    775
  1088    775
  1089    775
  1090    775
  1091    775
  1092    775
  1093    775
  1094    775
  1095    775
  1096    775
  1097    775
  1098    775
  1099    775
  1100    775
  1101    775
  1027    776
  1029    776
  1030    776
  1031    776
  1032    776
  1033    776
  1034    776
  1035    776
  1036    776
  1037    776
  1038    776
  1039    776
  1040    776
  1051    776
  1052    776
  1053    776
  1054    776
  1055    776
  1056    776
  1057    776
  1058    776
  1059    776
  1060    776
  1061    776
  1062    776
  1063    776
  1064    776
  1065    776
  1066    776
  1067    776
  1068    776
  1069    776
  1070    776
  1071    776
  1072    776
  1073    776
  1074    776
  1075    776
  1076    776
  1077    776
  1078    776
  1079    776
  1080    776
  1082    776
  1083    776
  1084    776
  1085    776
  1086    776
  1087    776
  1088    776
  1089    776
  1090    776
  1091    776
  1092    776
  1093    776
  1094    776
  1095    776
  1096    776
  1097    776
  1098    776
  1099    776
  1100    776
  1101    776
  1102    776
  1103    776
  1104    776
  1029    777
  1030    777
  1031    777
  1032    777
  1033    777
  1034    777
  1035    777
  1036    777
  1037    777
  1038    777
  1039    777
  1040    777
  1051    777
  1052    777
  1053    777
  1054    777
  1055    777
  1056    777
  1057    777
  1058    777
  1059    777
  1060    777
  1061    777
  1062    777
  1063    777
  1064    777
  1065    777
  1066    777
  1067    777
  1068    777
  1069    777
  1070    777
  1071    777
  1072    777
  1073    777
  1074    777
  1075    777
  1076    777
  1077    777
  1078    777
  1079    777
  1080    777
  1081    777
  1082    777
  1083    777
  1084    777
  1085    777
  1086    777
  1087    777
  1088    777
  1089    777
  1090    777
  1091    777
  1092    777
  1093    777
  1094    777
  1095    777
  1096    777
  1097    777
  1098    777
  1099    777
  1100    777
  1101    777
  1102    777
  1103    777
  1104    777
  1105    777
  1106    777
  1031    778
  1032    778
  1033    778
  1034    778
  1035    778
  1036    778
  1037    778
  1038    778
  1039    778
  1040    778
  1051    778
  1052    778
  1053    778
  1054    778
  1055    778
  1056    778
  1057    778
  1058    778
  1059    778
  1060    778
  1061    778
  1062    778
  1063    778
  1064    778
  1065    778
  1066    778
  1067    778
  1068    778
  1069    778
  1070    778
  1071    778
  1072    778
  1073    778
  1074    778
  1075    778
  1076    778
  1077    778
  1078    778
  1079    778
  1080    778
  1081    778
  1082    778
  1083    778
  1084    778
  1085    778
  1086    778
  1087    778
  1088    778
  1089    778
  1090    778
  1091    778
  1092    778
  1093    778
  1094    778
  1095    778
  1096    778
  1097    778
  1098    778
  1099    778
  1100    778
  1101    778
  1102    778
  1103    778
  1104    778
  1105    778
  1106    778
  1107    778
  1108    778
  1109    778
  1031    779
  1032    779
  1033    779
  1034    779
  1035    779
  1036    779
  1037    779
  1038    779
  1039    779
  1040    779
  1051    779
  1052    779
  1053    779
  1055    779
  1056    779
  1057    779
  1058    779
  1059    779
  1060    779
  1061    779
  1062    779
  1063    779
  1064    779
  1065    779
  1066    779
  1067    779
  1068    779
  1069    779
  1070    779
  1071    779
  1072    779
  1073    779
  1074    779
  1076    779
  1077    779
  1078    779
  1079    779
  1080    779
  1081    779
  1082    779
  1083    779
  1084    779
  1085    779
  1086    779
  1087    779
  1088    779
  1089    779
  1090    779
  1091    779
  1092    779
  1093    779
  1094    779
  1095    779
  1096    779
  1099    779
  1100    779
  1101    779
  1102    779
  1103    779
  1104    779
  1105    779
  1106    779
  1107    779
  1108    779
  1109    779
  1110    779
  1111    779
  1112    779
  1031    780
  1032    780
  1033    780
  1034    780
  1035    780
  1036    780
  1037    780
  1038    780
  1039    780
  1040    780
  1052    780
  1053    780
  1054    780
  1055    780
  1056    780
  1057    780
  1058    780
  1059    780
  1060    780
  1061    780
  1062    780
  1063    780
  1064    780
  1065    780
  1066    780
  1067    780
  1068    780
  1069    780
  1070    780
  1071    780
  1072    780
  1073    780
  1075    780
  1076    780
  1077    780
  1078    780
  1079    780
  1080    780
  1081    780
  1082    780
  1083    780
  1084    780
  1085    780
  1086    780
  1087    780
  1088    780
  1089    780
  1090    780
  1091    780
  1092    780
  1093    780
  1094    780
  1095    780
  1096    780
  1097    780
  1098    780
  1099    780
  1100    780
  1101    780
  1102    780
  1103    780
  1104    780
  1105    780
  1106    780
  1107    780
  1108    780
  1109    780
  1110    780
  1111    780
  1112    780
  1113    780
  1114    780
  1031    781
  1032    781
  1033    781
  1034    781
  1035    781
  1036    781
  1037    781
  1038    781
  1039    781
  1040    781
  1051    781
  1052    781
  1053    781
  1054    781
  1055    781
  1056    781
  1057    781
  1058    781
  1059    781
  1060    781
  1061    781
  1062    781
  1063    781
  1064    781
  1065    781
  1066    781
  1067    781
  1068    781
  1069    781
  1070    781
  1071    781
  1072    781
  1073    781
  1074    781
  1075    781
  1076    781
  1077    781
  1078    781
  1079    781
  1080    781
  1081    781
  1082    781
  1083    781
  1084    781
  1085    781
  1086    781
  1087    781
  1088    781
  1089    781
  1090    781
  1094    781
  1096    781
  1097    781
  1098    781
  1099    781
  1100    781
  1101    781
  1102    781
  1103    781
  1104    781
  1105    781
  1106    781
  1107    781
  1108    781
  1109    781
  1110    781
  1111    781
  1112    781
  1113    781
  1114    781
  1115    781
  1116    781
  1032    782
  1033    782
  1034    782
  1035    782
  1036    782
  1037    782
  1038    782
  1039    782
  1050    782
  1051    782
  1053    782
  1054    782
  1055    782
  1056    782
  1057    782
  1058    782
  1059    782
  1060    782
  1061    782
  1062    782
  1063    782
  1064    782
  1065    782
  1066    782
  1067    782
  1068    782
  1069    782
  1071    782
  1072    782
  1073    782
  1074    782
  1075    782
  1076    782
  1077    782
  1078    782
  1079    782
  1080    782
  1081    782
  1082    782
  1083    782
  1084    782
  1085    782
  1086    782
  1087    782
  1088    782
  1098    782
  1099    782
  1100    782
  1101    782
  1102    782
  1103    782
  1104    782
  1105    782
  1106    782
  1107    782
  1108    782
  1109    782
  1110    782
  1112    782
  1113    782
  1114    782
  1030    783
  1031    783
  1032    783
  1033    783
  1034    783
  1035    783
  1036    783
  1037    783
  1051    783
  1052    783
  1055    783
  1056    783
  1057    783
  1058    783
  1059    783
  1060    783
  1061    783
  1062    783
  1063    783
  1064    783
  1065    783
  1066    783
  1067    783
  1070    783
  1071    783
  1072    783
  1073    783
  1074    783
  1075    783
  1076    783
  1077    783
  1078    783
  1079    783
  1080    783
  1081    783
  1082    783
  1083    783
  1084    783
  1085    783
  1086    783
  1087    783
  1088    783
  1089    783
  1090    783
  1098    783
  1099    783
  1100    783
  1101    783
  1102    783
  1103    783
  1104    783
  1105    783
  1106    783
  1107    783
  1108    783
  1109    783
  1110    783
  1111    783
  1112    783
  1113    783
  1028    784
  1029    784
  1030    784
  1031    784
  1032    784
  1033    784
  1034    784
  1035    784
  1036    784
  1037    784
  1053    784
  1054    784
  1055    784
  1067    784
  1068    784
  1069    784
  1070    784
  1071    784
  1072    784
  1073    784
  1074    784
  1075    784
  1076    784
  1077    784
  1078    784
  1079    784
  1080    784
  1081    784
  1082    784
  1083    784
  1084    784
  1085    784
  1086    784
  1087    784
  1088    784
  1097    784
  1098    784
  1099    784
  1109    784
  1110    784
  1111    784
  1112    784
  1123    784
  1124    784
  1029    785
  1030    785
  1031    785
  1032    785
  1033    785
  1034    785
  1035    785
  1036    785
  1061    785
  1062    785
  1063    785
  1064    785
  1065    785
  1066    785
  1067    785
  1068    785
  1069    785
  1070    785
  1071    785
  1072    785
  1073    785
  1074    785
  1075    785
  1076    785
  1077    785
  1078    785
  1079    785
  1080    785
  1081    785
  1082    785
  1083    785
  1084    785
  1086    785
  1087    785
  1101    785
  1102    785
  1103    785
  1104    785
  1105    785
  1106    785
  1107    785
  1108    785
  1109    785
  1110    785
  1117    785
  1118    785
  1119    785
  1120    785
  1123    785
  1124    785
  1125    785
  1126    785
  1127    785
  1031    786
  1032    786
  1033    786
  1034    786
  1035    786
  1036    786
  1037    786
  1038    786
  1039    786
  1040    786
  1041    786
  1042    786
  1043    786
  1061    786
  1062    786
  1063    786
  1065    786
  1066    786
  1067    786
  1068    786
  1069    786
  1070    786
  1071    786
  1072    786
  1073    786
  1074    786
  1075    786
  1076    786
  1077    786
  1078    786
  1079    786
  1080    786
  1081    786
  1082    786
  1084    786
  1085    786
  1086    786
  1087    786
  1103    786
  1104    786
  1105    786
  1106    786
  1107    786
  1108    786
  1109    786
  1110    786
  1113    786
  1114    786
  1115    786
  1116    786
  1117    786
  1118    786
  1119    786
  1120    786
  1016    787
  1017    787
  1029    787
  1030    787
  1031    787
  1032    787
  1033    787
  1034    787
  1035    787
  1036    787
  1037    787
  1038    787
  1042    787
  1043    787
  1044    787
  1045    787
  1060    787
  1061    787
  1062    787
  1063    787
  1064    787
  1065    787
  1066    787
  1067    787
  1068    787
  1069    787
  1070    787
  1071    787
  1072    787
  1073    787
  1074    787
  1075    787
  1076    787
  1077    787
  1078    787
  1079    787
  1080    787
  1081    787
  1082    787
  1083    787
  1084    787
  1085    787
  1086    787
  1087    787
  1088    787
  1089    787
  1090    787
  1091    787
  1103    787
  1104    787
  1105    787
  1106    787
  1107    787
  1113    787
  1114    787
  1115    787
  1116    787
  1117    787
  1118    787
  1119    787
  1120    787
  1013    788
  1014    788
  1015    788
  1016    788
  1017    788
  1018    788
  1019    788
  1020    788
  1021    788
  1022    788
  1023    788
  1024    788
  1025    788
  1026    788
  1027    788
  1028    788
  1029    788
  1030    788
  1031    788
  1032    788
  1033    788
  1034    788
  1035    788
  1036    788
  1037    788
  1038    788
  1039    788
  1040    788
  1041    788
  1042    788
  1045    788
  1046    788
  1047    788
  1059    788
  1060    788
  1061    788
  1062    788
  1063    788
  1064    788
  1065    788
  1066    788
  1067    788
  1068    788
  1069    788
  1070    788
  1071    788
  1072    788
  1073    788
  1074    788
  1075    788
  1076    788
  1077    788
  1078    788
  1079    788
  1092    788
  1093    788
  1103    788
  1104    788
  1105    788
  1106    788
  1113    788
  1114    788
  1115    788
  1116    788
  1117    788
  1118    788
  1119    788
  1120    788
  1014    789
  1015    789
  1016    789
  1017    789
  1018    789
  1019    789
  1020    789
  1021    789
  1022    789
  1023    789
  1024    789
  1025    789
  1026    789
  1027    789
  1028    789
  1029    789
  1030    789
  1031    789
  1032    789
  1033    789
  1034    789
  1035    789
  1036    789
  1037    789
  1038    789
  1039    789
  1040    789
  1041    789
  1042    789
  1043    789
  1044    789
  1045    789
  1046    789
  1048    789
  1049    789
  1058    789
  1059    789
  1060    789
  1061    789
  1062    789
  1063    789
  1064    789
  1065    789
  1066    789
  1067    789
  1068    789
  1069    789
  1070    789
  1071    789
  1072    789
  1073    789
  1074    789
  1075    789
  1076    789
  1077    789
  1084    789
  1085    789
  1086    789
  1087    789
  1088    789
  1089    789
  1090    789
  1093    789
  1094    789
  1095    789
  1096    789
  1113    789
  1114    789
  1115    789
  1116    789
  1117    789
  1118    789
  1119    789
  1120    789
  1012    790
  1013    790
  1014    790
  1015    790
  1016    790
  1017    790
  1018    790
  1019    790
  1020    790
  1021    790
  1022    790
  1023    790
  1024    790
  1025    790
  1026    790
  1027    790
  1028    790
  1029    790
  1030    790
  1031    790
  1032    790
  1033    790
  1034    790
  1035    790
  1036    790
  1037    790
  1038    790
  1039    790
  1040    790
  1041    790
  1042    790
  1043    790
  1044    790
  1045    790
  1046    790
  1047    790
  1056    790
  1057    790
  1058    790
  1059    790
  1060    790
  1061    790
  1062    790
  1063    790
  1064    790
  1065    790
  1066    790
  1067    790
  1068    790
  1069    790
  1070    790
  1071    790
  1072    790
  1073    790
  1074    790
  1075    790
  1077    790
  1078    790
  1079    790
  1081    790
  1082    790
  1083    790
  1084    790
  1085    790
  1086    790
  1087    790
  1088    790
  1089    790
  1090    790
  1091    790
  1092    790
  1093    790
  1094    790
  1095    790
  1096    790
  1113    790
  1114    790
  1115    790
  1116    790
  1117    790
  1118    790
  1119    790
  1120    790
  1121    790
  1122    790
  1011    791
  1012    791
  1013    791
  1014    791
  1015    791
  1016    791
  1017    791
  1018    791
  1019    791
  1020    791
  1021    791
  1022    791
  1023    791
  1024    791
  1025    791
  1026    791
  1027    791
  1028    791
  1029    791
  1030    791
  1031    791
  1032    791
  1033    791
  1034    791
  1035    791
  1036    791
  1037    791
  1038    791
  1039    791
  1040    791
  1041    791
  1042    791
  1043    791
  1044    791
  1045    791
  1046    791
  1047    791
  1048    791
  1054    791
  1055    791
  1056    791
  1057    791
  1058    791
  1059    791
  1060    791
  1061    791
  1062    791
  1063    791
  1064    791
  1065    791
  1066    791
  1067    791
  1068    791
  1069    791
  1070    791
  1071    791
  1072    791
  1073    791
  1074    791
  1076    791
  1077    791
  1078    791
  1080    791
  1081    791
  1082    791
  1083    791
  1084    791
  1085    791
  1086    791
  1087    791
  1088    791
  1089    791
  1090    791
  1091    791
  1092    791
  1093    791
  1094    791
  1097    791
  1098    791
  1113    791
  1114    791
  1115    791
  1116    791
  1117    791
  1118    791
  1119    791
  1120    791
  1121    791
  1122    791
  1008    792
  1009    792
  1010    792
  1011    792
  1012    792
  1013    792
  1014    792
  1015    792
  1016    792
  1017    792
  1018    792
  1019    792
  1020    792
  1021    792
  1022    792
  1023    792
  1024    792
  1025    792
  1026    792
  1027    792
  1028    792
  1029    792
  1030    792
  1031    792
  1032    792
  1033    792
  1034    792
  1035    792
  1036    792
  1037    792
  1038    792
  1039    792
  1040    792
  1041    792
  1042    792
  1043    792
  1044    792
  1045    792
  1046    792
  1048    792
  1049    792
  1050    792
  1052    792
  1053    792
  1054    792
  1055    792
  1056    792
  1057    792
  1058    792
  1059    792
  1060    792
  1061    792
  1062    792
  1063    792
  1064    792
  1065    792
  1066    792
  1067    792
  1068    792
  1069    792
  1070    792
  1071    792
  1072    792
  1073    792
  1074    792
  1075    792
  1076    792
  1077    792
  1078    792
  1079    792
  1080    792
  1081    792
  1082    792
  1083    792
  1084    792
  1085    792
  1086    792
  1087    792
  1088    792
  1089    792
  1090    792
  1091    792
  1092    792
  1093    792
  1094    792
  1095    792
  1096    792
  1097    792
  1098    792
  1099    792
  1100    792
  1101    792
  1112    792
  1113    792
  1114    792
  1115    792
  1116    792
  1117    792
  1118    792
  1119    792
  1120    792
  1121    792
  1122    792
  1123    792
  1124    792
  1125    792
  1007    793
  1008    793
  1009    793
  1010    793
  1011    793
  1012    793
  1013    793
  1014    793
  1015    793
  1016    793
  1017    793
  1018    793
  1019    793
  1020    793
  1021    793
  1022    793
  1023    793
  1024    793
  1025    793
  1026    793
  1027    793
  1028    793
  1029    793
  1030    793
  1031    793
  1032    793
  1033    793
  1034    793
  1035    793
  1036    793
  1037    793
  1038    793
  1039    793
  1040    793
  1041    793
  1042    793
  1043    793
  1044    793
  1045    793
  1046    793
  1047    793
  1048    793
  1051    793
  1052    793
  1053    793
  1054    793
  1055    793
  1056    793
  1057    793
  1058    793
  1059    793
  1060    793
  1061    793
  1062    793
  1063    793
  1064    793
  1065    793
  1066    793
  1067    793
  1068    793
  1069    793
  1070    793
  1071    793
  1072    793
  1073    793
  1074    793
  1075    793
  1076    793
  1077    793
  1078    793
  1079    793
  1080    793
  1081    793
  1082    793
  1083    793
  1084    793
  1085    793
  1086    793
  1087    793
  1088    793
  1089    793
  1090    793
  1091    793
  1092    793
  1093    793
  1094    793
  1095    793
  1096    793
  1097    793
  1098    793
  1099    793
  1100    793
  1113    793
  1114    793
  1115    793
  1116    793
  1117    793
  1118    793
  1119    793
  1120    793
  1121    793
  1122    793
  1123    793
  1124    793
  1125    793
  1126    793
  1007    794
  1008    794
  1009    794
  1010    794
  1011    794
  1012    794
  1013    794
  1014    794
  1015    794
  1016    794
  1017    794
  1018    794
  1019    794
  1020    794
  1021    794
  1022    794
  1023    794
  1024    794
  1025    794
  1026    794
  1027    794
  1028    794
  1029    794
  1030    794
  1031    794
  1032    794
  1033    794
  1034    794
  1035    794
  1036    794
  1037    794
  1038    794
  1039    794
  1040    794
  1041    794
  1042    794
  1043    794
  1044    794
  1045    794
  1046    794
  1047    794
  1050    794
  1051    794
  1052    794
  1053    794
  1054    794
  1055    794
  1056    794
  1057    794
  1058    794
  1059    794
  1060    794
  1061    794
  1062    794
  1063    794
  1064    794
  1065    794
  1066    794
  1067    794
  1068    794
  1069    794
  1070    794
  1072    794
  1073    794
  1075    794
  1076    794
  1077    794
  1078    794
  1079    794
  1080    794
  1081    794
  1082    794
  1083    794
  1084    794
  1085    794
  1086    794
  1087    794
  1088    794
  1089    794
  1090    794
  1091    794
  1092    794
  1093    794
  1094    794
  1095    794
  1097    794
  1098    794
  1099    794
  1114    794
  1115    794
  1116    794
  1117    794
  1118    794
  1119    794
  1120    794
  1121    794
  1125    794
  1126    794
  1127    794
  1128    794
  1008    795
  1009    795
  1010    795
  1011    795
  1012    795
  1013    795
  1016    795
  1017    795
  1018    795
  1019    795
  1020    795
  1021    795
  1022    795
  1023    795
  1024    795
  1025    795
  1026    795
  1027    795
  1028    795
  1029    795
  1030    795
  1031    795
  1032    795
  1033    795
  1034    795
  1035    795
  1036    795
  1037    795
  1038    795
  1039    795
  1040    795
  1041    795
  1042    795
  1046    795
  1051    795
  1053    795
  1054    795
  1055    795
  1056    795
  1057    795
  1058    795
  1059    795
  1060    795
  1061    795
  1062    795
  1063    795
  1064    795
  1065    795
  1066    795
  1067    795
  1068    795
  1073    795
  1075    795
  1078    795
  1079    795
  1080    795
  1081    795
  1082    795
  1083    795
  1084    795
  1085    795
  1086    795
  1087    795
  1088    795
  1089    795
  1090    795
  1091    795
  1092    795
  1093    795
  1098    795
  1116    795
  1117    795
  1118    795
  1119    795
  1120    795
  1121    795
  1122    795
  1123    795
  1124    795
  1125    795
  1126    795
  1127    795
  1128    795
