   838    730
   839    730
   840    730
   841    730
   842    730
   843    730
   844    730
   845    730
   846    730
   847    730
   848    730
   849    730
   850    730
   851    730
   852    730
   853    730
   854    730
   855    730
   856    730
   857    730
   858    730
   859    730
   860    730
   861    730
   862    730
   863    730
   864    730
   865    730
   866    730
   867    730
   868    730
   869    730
   870    730
   871    730
   872    730
   873    730
   874    730
   875    730
   876    730
   877    730
   878    730
   879    730
   880    730
   881    730
   882    730
   883    730
   884    730
   885    730
   886    730
   887    730
   888    730
   889    730
   890    730
   891    730
   892    730
   893    730
   894    730
   895    730
   896    730
   897    730
   898    730
   899    730
   900    730
   901    730
   902    730
   903    730
   904    730
   905    730
   906    730
   907    730
   908    730
   909    730
   910    730
   911    730
   912    730
   913    730
   914    730
   915    730
   916    730
   917    730
   918    730
   919    730
   920    730
   921    730
   922    730
   923    730
   924    730
   925    730
   928    730
   929    730
   931    730
   932    730
   933    730
   934    730
   935    730
   936    730
   937    730
   938    730
   939    730
   940    730
   941    730
   942    730
   943    730
   944    730
   948    730
   949    730
   950    730
   951    730
   952    730
   953    730
   955    730
   956    730
   957    730
   958    730
   959    730
   962    730
   963    730
   964    730
   965    730
   966    730
   969    730
   970    730
   971    730
   972    730
   973    730
   974    730
   975    730
   976    730
   977    730
   978    730
   979    730
   980    730
   981    730
   982    730
   983    730
   986    730
   987    730
   988    730
   838    731
   839    731
   840    731
   841    731
   842    731
   843    731
   844    731
   845    731
   846    731
   847    731
   848    731
   849    731
   850    731
   851    731
   852    731
   853    731
   854    731
   855    731
   856    731
   857    731
   858    731
   859    731
   860    731
   861    731
   863    731
   864    731
   865    731
   866    731
   867    731
   868    731
   869    731
   870    731
   871    731
   872    731
   873    731
   874    731
   875    731
   876    731
   877    731
   878    731
   879    731
   880    731
   881    731
   882    731
   883    731
   884    731
   885    731
   886    731
   887    731
   888    731
   889    731
   890    731
   891    731
   892    731
   893    731
   894    731
   895    731
   896    731
   897    731
   898    731
   899    731
   900    731
   901    731
   902    731
   903    731
   904    731
   905    731
   906    731
   907    731
   908    731
   909    731
   910    731
   911    731
   912    731
   913    731
   914    731
   915    731
   916    731
   917    731
   918    731
   919    731
   920    731
   921    731
   922    731
   923    731
   924    731
   925    731
   928    731
   929    731
   930    731
   931    731
   932    731
   933    731
   934    731
   935    731
   936    731
   937    731
   938    731
   939    731
   943    731
   944    731
   945    731
   947    731
   948    731
   949    731
   950    731
   951    731
   956    731
   957    731
   958    731
   959    731
   960    731
   961    731
   962    731
   965    731
   966    731
   967    731
   968    731
   969    731
   970    731
   971    731
   972    731
   973    731
   974    731
   975    731
   976    731
   977    731
   978    731
   979    731
   980    731
   981    731
   982    731
   983    731
   986    731
   987    731
   988    731
   989    731
   990    731
   838    732
   839    732
   840    732
   841    732
   842    732
   843    732
   844    732
   845    732
   846    732
   847    732
   848    732
   849    732
   850    732
   851    732
   852    732
   853    732
   854    732
   855    732
   856    732
   857    732
   858    732
   859    732
   860    732
   861    732
   862    732
   863    732
   864    732
   865    732
   866    732
   867    732
   868    732
   869    732
   870    732
   871    732
   872    732
   873    732
   874    732
   875    732
   876    732
   877    732
   878    732
   879    732
   880    732
   881    732
   882    732
   883    732
   884    732
   885    732
   886    732
   887    732
   888    732
   889    732
   890    732
   891    732
   892    732
   893    732
   894    732
   895    732
   896    732
   897    732
   898    732
   899    732
   900    732
   901    732
   902    732
   903    732
   904    732
   905    732
   906    732
   907    732
   908    732
   909    732
   912    732
   913    732
   914    732
   915    732
   916    732
   917    732
   918    732
   919    732
   920    732
   921    732
   922    732
   923    732
   924    732
   925    732
   928    732
   929    732
   930    732
   931    732
   932    732
   933    732
   934    732
   935    732
   936    732
   938    732
   939    732
   940    732
   941    732
   942    732
   943    732
   944    732
   945    732
   948    732
   949    732
   959    732
   960    732
   961    732
   962    732
   963    732
   964    732
   965    732
   966    732
   967    732
   969    732
   970    732
   973    732
   974    732
   975    732
   976    732
   977    732
   978    732
   979    732
   980    732
   981    732
   982    732
   983    732
   984    732
   985    732
   986    732
   987    732
   990    732
   838    733
   839    733
   840    733
   841    733
   842    733
   843    733
   844    733
   845    733
   846    733
   847    733
   848    733
   849    733
   850    733
   851    733
   852    733
   853    733
   854    733
   855    733
   856    733
   857    733
   858    733
   859    733
   860    733
   861    733
   862    733
   863    733
   864    733
   865    733
   866    733
   867    733
   868    733
   869    733
   870    733
   871    733
   872    733
   873    733
   874    733
   875    733
   876    733
   877    733
   878    733
   879    733
   880    733
   881    733
   882    733
   883    733
   884    733
   885    733
   886    733
   887    733
   888    733
   889    733
   890    733
   891    733
   892    733
   893    733
   894    733
   895    733
   896    733
   897    733
   898    733
   899    733
   900    733
   901    733
   902    733
   903    733
   904    733
   905    733
   906    733
   907    733
   908    733
   909    733
   912    733
   913    733
   914    733
   915    733
   916    733
   917    733
   918    733
   919    733
   920    733
   921    733
   922    733
   923    733
   924    733
   925    733
   926    733
   927    733
   928    733
   930    733
   931    733
   932    733
   933    733
   934    733
   935    733
   936    733
   937    733
   938    733
   939    733
   940    733
   941    733
   942    733
   943    733
   946    733
   958    733
   959    733
   960    733
   964    733
   965    733
   966    733
   967    733
   968    733
   969    733
   970    733
   971    733
   972    733
   973    733
   974    733
   975    733
   976    733
   977    733
   978    733
   980    733
   981    733
   982    733
   983    733
   984    733
   985    733
   986    733
   987    733
   988    733
   989    733
   990    733
   838    734
   839    734
   840    734
   841    734
   842    734
   843    734
   844    734
   845    734
   846    734
   847    734
   848    734
   854    734
   855    734
   856    734
   857    734
   858    734
   859    734
   860    734
   861    734
   862    734
   863    734
   864    734
   865    734
   866    734
   867    734
   868    734
   869    734
   870    734
   871    734
   872    734
   873    734
   874    734
   875    734
   876    734
   877    734
   878    734
   879    734
   880    734
   881    734
   882    734
   883    734
   886    734
   887    734
   888    734
   889    734
   890    734
   891    734
   892    734
   893    734
   894    734
   895    734
   896    734
   900    734
   901    734
   902    734
   903    734
   912    734
   913    734
   914    734
   915    734
   920    734
   921    734
   922    734
   923    734
   924    734
   925    734
   928    734
   929    734
   930    734
   931    734
   932    734
   933    734
   937    734
   938    734
   939    734
   940    734
   941    734
   942    734
   943    734
   944    734
   945    734
   946    734
   947    734
   948    734
   960    734
   961    734
   962    734
   963    734
   964    734
   967    734
   972    734
   973    734
   974    734
   975    734
   976    734
   977    734
   978    734
   979    734
   980    734
   981    734
   982    734
   983    734
   984    734
   985    734
   986    734
   838    735
   839    735
   840    735
   841    735
   842    735
   843    735
   844    735
   845    735
   846    735
   847    735
   854    735
   855    735
   856    735
   857    735
   858    735
   859    735
   860    735
   861    735
   862    735
   863    735
   864    735
   865    735
   866    735
   867    735
   868    735
   869    735
   870    735
   871    735
   872    735
   873    735
   874    735
   875    735
   876    735
   877    735
   878    735
   879    735
   880    735
   881    735
   882    735
   883    735
   884    735
   885    735
   886    735
   887    735
   888    735
   889    735
   890    735
   891    735
   892    735
   893    735
   894    735
   895    735
   896    735
   900    735
   901    735
   902    735
   912    735
   913    735
   914    735
   915    735
   916    735
   920    735
   921    735
   922    735
   923    735
   930    735
   931    735
   932    735
   938    735
   939    735
   940    735
   941    735
   942    735
   943    735
   944    735
   948    735
   949    735
   950    735
   960    735
   961    735
   962    735
   963    735
   973    735
   974    735
   975    735
   976    735
   977    735
   978    735
   979    735
   980    735
   981    735
   982    735
   983    735
   984    735
   985    735
   986    735
   988    735
   989    735
   990    735
   845    736
   852    736
   853    736
   854    736
   855    736
   856    736
   857    736
   858    736
   859    736
   860    736
   861    736
   862    736
   863    736
   864    736
   865    736
   866    736
   867    736
   868    736
   869    736
   870    736
   871    736
   872    736
   873    736
   877    736
   878    736
   879    736
   880    736
   881    736
   882    736
   883    736
   884    736
   885    736
   886    736
   891    736
   892    736
   893    736
   895    736
   896    736
   897    736
   915    736
   916    736
   917    736
   918    736
   919    736
   920    736
   921    736
   922    736
   923    736
   924    736
   926    736
   927    736
   928    736
   929    736
   930    736
   931    736
   932    736
   933    736
   934    736
   935    736
   936    736
   937    736
   938    736
   939    736
   943    736
   949    736
   950    736
   959    736
   960    736
   961    736
   962    736
   963    736
   964    736
   965    736
   966    736
   967    736
   968    736
   976    736
   977    736
   978    736
   979    736
   980    736
   981    736
   982    736
   983    736
   986    736
   987    736
   989    736
   990    736
   991    736
   992    736
  1002    736
  1003    736
   852    737
   853    737
   854    737
   855    737
   856    737
   857    737
   858    737
   859    737
   860    737
   861    737
   862    737
   863    737
   864    737
   865    737
   866    737
   867    737
   868    737
   869    737
   870    737
   871    737
   876    737
   877    737
   878    737
   879    737
   880    737
   881    737
   882    737
   883    737
   884    737
   885    737
   886    737
   887    737
   888    737
   889    737
   890    737
   891    737
   895    737
   896    737
   897    737
   898    737
   899    737
   916    737
   917    737
   918    737
   919    737
   920    737
   921    737
   922    737
   923    737
   924    737
   927    737
   928    737
   929    737
   930    737
   931    737
   932    737
   933    737
   934    737
   935    737
   936    737
   937    737
   938    737
   939    737
   943    737
   950    737
   951    737
   960    737
   961    737
   962    737
   963    737
   964    737
   965    737
   966    737
   967    737
   968    737
   970    737
   976    737
   978    737
   979    737
   980    737
   981    737
   983    737
   988    737
   989    737
   990    737
   991    737
   992    737
   993    737
   994    737
   995    737
   996    737
   997    737
   998    737
   999    737
  1000    737
  1001    737
  1002    737
   853    738
   854    738
   857    738
   858    738
   859    738
   862    738
   863    738
   864    738
   868    738
   870    738
   871    738
   872    738
   876    738
   877    738
   878    738
   879    738
   880    738
   881    738
   882    738
   883    738
   889    738
   890    738
   891    738
   892    738
   893    738
   894    738
   895    738
   896    738
   916    738
   917    738
   918    738
   919    738
   920    738
   921    738
   922    738
   923    738
   924    738
   927    738
   928    738
   929    738
   930    738
   931    738
   932    738
   933    738
   938    738
   939    738
   940    738
   941    738
   942    738
   943    738
   947    738
   948    738
   949    738
   950    738
   958    738
   962    738
   963    738
   964    738
   965    738
   968    738
   976    738
   977    738
   978    738
   979    738
   980    738
   981    738
   983    738
   984    738
   985    738
   986    738
   988    738
   990    738
   994    738
   998    738
   999    738
   852    739
   853    739
   854    739
   855    739
   857    739
   858    739
   859    739
   861    739
   862    739
   863    739
   864    739
   865    739
   866    739
   867    739
   868    739
   869    739
   870    739
   871    739
   877    739
   878    739
   879    739
   880    739
   881    739
   882    739
   883    739
   889    739
   890    739
   891    739
   892    739
   893    739
   894    739
   895    739
   896    739
   916    739
   917    739
   920    739
   921    739
   922    739
   923    739
   924    739
   927    739
   928    739
   929    739
   930    739
   931    739
   932    739
   933    739
   938    739
   939    739
   940    739
   941    739
   942    739
   943    739
   944    739
   949    739
   950    739
   959    739
   962    739
   963    739
   964    739
   965    739
   966    739
   967    739
   968    739
   969    739
   970    739
   975    739
   976    739
   977    739
   981    739
   857    740
   861    740
   862    740
   863    740
   864    740
   865    740
   866    740
   867    740
   868    740
   869    740
   870    740
   871    740
   878    740
   879    740
   880    740
   881    740
   888    740
   890    740
   891    740
   894    740
   895    740
   920    740
   921    740
   922    740
   923    740
   924    740
   925    740
   926    740
   927    740
   933    740
   936    740
   937    740
   938    740
   940    740
   941    740
   942    740
   943    740
   949    740
   950    740
   954    740
   955    740
   956    740
   957    740
   958    740
   959    740
   960    740
   961    740
   962    740
   963    740
   964    740
   965    740
   966    740
   967    740
   968    740
   969    740
   970    740
   971    740
   972    740
   973    740
   974    740
   975    740
   976    740
  1012    740
  1013    740
   857    741
   861    741
   862    741
   863    741
   864    741
   865    741
   866    741
   867    741
   868    741
   869    741
   870    741
   877    741
   878    741
   879    741
   880    741
   886    741
   887    741
   889    741
   892    741
   893    741
   894    741
   895    741
   920    741
   921    741
   922    741
   923    741
   924    741
   925    741
   926    741
   927    741
   932    741
   933    741
   934    741
   935    741
   936    741
   937    741
   938    741
   939    741
   940    741
   941    741
   942    741
   943    741
   948    741
   949    741
   951    741
   952    741
   953    741
   954    741
   955    741
   964    741
   967    741
   968    741
   974    741
   975    741
   976    741
   977    741
   978    741
   979    741
   980    741
   981    741
   982    741
   997    741
  1010    741
  1011    741
   861    742
   862    742
   863    742
   892    742
   893    742
   894    742
   895    742
   924    742
   925    742
   926    742
   927    742
   928    742
   929    742
   930    742
   931    742
   932    742
   933    742
   935    742
   960    742
   963    742
   964    742
   965    742
   967    742
   968    742
   972    742
   990    742
   991    742
   992    742
   993    742
   994    742
   995    742
   996    742
   997    742
   998    742
   999    742
  1000    742
  1001    742
  1002    742
  1003    742
  1004    742
  1005    742
  1006    742
  1007    742
  1008    742
  1009    742
  1010    742
  1011    742
   860    743
   862    743
   863    743
   892    743
   893    743
   894    743
   895    743
   924    743
   925    743
   926    743
   927    743
   928    743
   929    743
   930    743
   967    743
   968    743
   969    743
   976    743
   977    743
   978    743
   979    743
   980    743
   981    743
   982    743
   983    743
   984    743
   985    743
   986    743
   987    743
   988    743
   989    743
   990    743
   991    743
   992    743
   993    743
   994    743
   995    743
   996    743
   997    743
   998    743
   999    743
  1000    743
  1001    743
  1002    743
  1003    743
  1004    743
  1005    743
  1006    743
  1007    743
  1008    743
  1009    743
  1010    743
   826    744
   828    744
   830    744
   831    744
   860    744
   861    744
   862    744
   863    744
   880    744
   881    744
   882    744
   883    744
   884    744
   913    744
   927    744
   961    744
   962    744
   963    744
   964    744
   965    744
   966    744
   967    744
   968    744
   969    744
   970    744
   971    744
   972    744
   973    744
   974    744
   975    744
   976    744
   977    744
   978    744
   979    744
   980    744
   981    744
   982    744
   983    744
   984    744
   985    744
   986    744
   987    744
   988    744
   989    744
   990    744
   991    744
   992    744
   993    744
   994    744
   995    744
   996    744
   997    744
   998    744
   999    744
  1000    744
  1001    744
  1002    744
   825    745
   826    745
   827    745
   828    745
   829    745
   830    745
   831    745
   832    745
   835    745
   839    745
   844    745
   859    745
   860    745
   861    745
   862    745
   863    745
   864    745
   872    745
   873    745
   874    745
   875    745
   876    745
   877    745
   879    745
   880    745
   881    745
   882    745
   883    745
   884    745
   889    745
   890    745
   891    745
   892    745
   893    745
   894    745
   898    745
   899    745
   900    745
   901    745
   902    745
   903    745
   904    745
   905    745
   912    745
   913    745
   914    745
   927    745
   928    745
   936    745
   941    745
   942    745
   943    745
   944    745
   945    745
   946    745
   947    745
   948    745
   949    745
   950    745
   951    745
   952    745
   953    745
   954    745
   955    745
   956    745
   957    745
   958    745
   959    745
   960    745
   961    745
   962    745
   963    745
   964    745
   965    745
   966    745
   967    745
   968    745
   969    745
   970    745
   971    745
   972    745
   975    745
   976    745
   977    745
   978    745
   979    745
   980    745
   981    745
   982    745
   983    745
   984    745
   985    745
   986    745
   987    745
   988    745
   989    745
   990    745
   991    745
   992    745
   993    745
   994    745
   995    745
   996    745
   997    745
   998    745
   999    745
  1000    745
  1001    745
  1002    745
  1003    745
  1011    745
   798    746
   799    746
   821    746
   822    746
   823    746
   824    746
   825    746
   826    746
   827    746
   828    746
   829    746
   830    746
   831    746
   832    746
   833    746
   834    746
   835    746
   836    746
   837    746
   838    746
   839    746
   840    746
   841    746
   842    746
   843    746
   844    746
   845    746
   846    746
   847    746
   848    746
   849    746
   850    746
   851    746
   852    746
   853    746
   854    746
   855    746
   856    746
   857    746
   858    746
   859    746
   860    746
   864    746
   865    746
   866    746
   867    746
   868    746
   869    746
   870    746
   871    746
   872    746
   873    746
   874    746
   875    746
   876    746
   877    746
   878    746
   879    746
   883    746
   884    746
   885    746
   886    746
   887    746
   888    746
   889    746
   890    746
   891    746
   892    746
   893    746
   894    746
   895    746
   896    746
   898    746
   899    746
   900    746
   901    746
   902    746
   903    746
   904    746
   905    746
   906    746
   907    746
   908    746
   911    746
   912    746
   913    746
   914    746
   915    746
   916    746
   917    746
   919    746
   926    746
   927    746
   930    746
   931    746
   932    746
   933    746
   934    746
   935    746
   939    746
   943    746
   944    746
   945    746
   946    746
   947    746
   948    746
   949    746
   950    746
   951    746
   952    746
   953    746
   954    746
   955    746
   956    746
   957    746
   958    746
   959    746
   965    746
   966    746
   967    746
   968    746
   969    746
   970    746
   971    746
   972    746
   973    746
   974    746
   975    746
   976    746
   977    746
   978    746
   979    746
   980    746
   981    746
   982    746
   983    746
   984    746
   985    746
   986    746
   987    746
   988    746
   989    746
   990    746
   991    746
   992    746
  1009    746
  1010    746
   796    747
   797    747
   798    747
   799    747
   818    747
   819    747
   820    747
   821    747
   822    747
   823    747
   824    747
   832    747
   838    747
   840    747
   841    747
   845    747
   846    747
   847    747
   854    747
   856    747
   866    747
   867    747
   868    747
   869    747
   870    747
   873    747
   874    747
   878    747
   880    747
   896    747
   897    747
   898    747
   899    747
   909    747
   922    747
   923    747
   924    747
   925    747
   926    747
   929    747
   930    747
   931    747
   935    747
   936    747
   937    747
   938    747
   939    747
   940    747
   941    747
   942    747
   943    747
   944    747
   945    747
   946    747
   947    747
   948    747
   949    747
   950    747
   951    747
   952    747
   953    747
   954    747
   955    747
   956    747
   957    747
   958    747
   959    747
   960    747
   961    747
   962    747
   963    747
   964    747
   965    747
   966    747
   967    747
   968    747
   969    747
   970    747
   973    747
   974    747
   975    747
  1002    747
  1003    747
  1004    747
  1006    747
   794    748
   795    748
   796    748
   797    748
   798    748
   799    748
   800    748
   801    748
   802    748
   803    748
   804    748
   805    748
   816    748
   817    748
   818    748
   819    748
   820    748
   834    748
   860    748
   861    748
   862    748
   863    748
   888    748
   889    748
   891    748
   892    748
   893    748
   894    748
   895    748
   903    748
   904    748
   915    748
   916    748
   929    748
   930    748
   931    748
   932    748
   933    748
   934    748
   935    748
   936    748
   950    748
   951    748
   952    748
   953    748
   954    748
   955    748
   956    748
   957    748
   958    748
   959    748
   960    748
   961    748
   962    748
   963    748
   964    748
   966    748
   967    748
   968    748
   969    748
   970    748
   988    748
   989    748
   991    748
   992    748
   993    748
   994    748
   995    748
   996    748
   999    748
  1000    748
  1001    748
  1002    748
   792    749
   793    749
   794    749
   795    749
   796    749
   797    749
   798    749
   799    749
   800    749
   801    749
   802    749
   803    749
   804    749
   805    749
   806    749
   807    749
   809    749
   811    749
   813    749
   815    749
   816    749
   874    749
   875    749
   876    749
   877    749
   878    749
   879    749
   880    749
   881    749
   882    749
   883    749
   884    749
   885    749
   886    749
   887    749
   888    749
   889    749
   890    749
   891    749
   892    749
   893    749
   894    749
   895    749
   896    749
   902    749
   904    749
   905    749
   906    749
   907    749
   908    749
   909    749
   910    749
   911    749
   912    749
   913    749
   914    749
   915    749
   916    749
   922    749
   923    749
   924    749
   925    749
   926    749
   971    749
   972    749
   973    749
   974    749
   975    749
   982    749
   983    749
   984    749
   985    749
   986    749
   987    749
   988    749
   989    749
   998    749
   999    749
   790    750
   791    750
   792    750
   793    750
   794    750
   795    750
   796    750
   797    750
   798    750
   799    750
   800    750
   801    750
   805    750
   806    750
   807    750
   808    750
   809    750
   810    750
   811    750
   812    750
   813    750
   814    750
   815    750
   852    750
   853    750
   854    750
   855    750
   856    750
   857    750
   858    750
   859    750
   860    750
   861    750
   862    750
   863    750
   864    750
   865    750
   866    750
   867    750
   868    750
   869    750
   870    750
   871    750
   872    750
   873    750
   874    750
   875    750
   876    750
   877    750
   878    750
   879    750
   880    750
   881    750
   882    750
   883    750
   884    750
   885    750
   886    750
   887    750
   888    750
   889    750
   890    750
   891    750
   892    750
   893    750
   894    750
   895    750
   896    750
   897    750
   898    750
   899    750
   900    750
   901    750
   902    750
   903    750
   904    750
   905    750
   906    750
   907    750
   908    750
   909    750
   910    750
   911    750
   912    750
   913    750
   914    750
   915    750
   920    750
   921    750
   922    750
   923    750
   924    750
   925    750
   926    750
   933    750
   936    750
   937    750
   938    750
   939    750
   940    750
   941    750
   943    750
   944    750
   946    750
   947    750
   948    750
   949    750
   950    750
   960    750
   968    750
   969    750
   970    750
   971    750
   976    750
   978    750
   979    750
   980    750
   981    750
   982    750
   825    751
   826    751
   827    751
   828    751
   829    751
   830    751
   831    751
   833    751
   834    751
   835    751
   836    751
   837    751
   838    751
   839    751
   840    751
   841    751
   842    751
   843    751
   844    751
   845    751
   846    751
   847    751
   848    751
   849    751
   850    751
   851    751
   852    751
   853    751
   854    751
   855    751
   856    751
   857    751
   858    751
   859    751
   860    751
   861    751
   862    751
   863    751
   864    751
   865    751
   866    751
   867    751
   868    751
   869    751
   870    751
   871    751
   872    751
   873    751
   874    751
   875    751
   876    751
   877    751
   878    751
   879    751
   880    751
   881    751
   882    751
   883    751
   884    751
   885    751
   886    751
   887    751
   888    751
   889    751
   890    751
   891    751
   892    751
   893    751
   894    751
   895    751
   896    751
   897    751
   898    751
   899    751
   900    751
   901    751
   902    751
   903    751
   904    751
   905    751
   906    751
   907    751
   908    751
   909    751
   910    751
   911    751
   912    751
   913    751
   917    751
   918    751
   926    751
   927    751
   928    751
   929    751
   930    751
   931    751
   932    751
   933    751
   934    751
   935    751
   936    751
   937    751
   938    751
   939    751
   944    751
   945    751
   946    751
   947    751
   948    751
   949    751
   950    751
   951    751
   952    751
   953    751
   958    751
   959    751
   960    751
   961    751
   962    751
   963    751
   964    751
   965    751
   966    751
   967    751
   968    751
   977    751
   978    751
   979    751
   817    752
   818    752
   819    752
   820    752
   821    752
   822    752
   823    752
   824    752
   825    752
   826    752
   827    752
   828    752
   829    752
   830    752
   831    752
   832    752
   833    752
   834    752
   835    752
   836    752
   837    752
   838    752
   839    752
   840    752
   841    752
   842    752
   843    752
   844    752
   845    752
   846    752
   847    752
   848    752
   849    752
   850    752
   851    752
   852    752
   853    752
   854    752
   855    752
   856    752
   857    752
   858    752
   859    752
   860    752
   861    752
   862    752
   863    752
   864    752
   865    752
   866    752
   867    752
   868    752
   869    752
   870    752
   871    752
   872    752
   873    752
   874    752
   875    752
   876    752
   885    752
   886    752
   887    752
   888    752
   889    752
   890    752
   891    752
   892    752
   893    752
   894    752
   895    752
   896    752
   916    752
   917    752
   919    752
   920    752
   921    752
   923    752
   924    752
   925    752
   926    752
   927    752
   928    752
   929    752
   930    752
   934    752
   953    752
   954    752
   955    752
   956    752
   957    752
   958    752
   959    752
   960    752
   961    752
   982    752
   792    753
   793    753
   794    753
   795    753
   796    753
   797    753
   798    753
   799    753
   800    753
   801    753
   802    753
   803    753
   804    753
   805    753
   806    753
   807    753
   808    753
   809    753
   810    753
   811    753
   812    753
   813    753
   814    753
   815    753
   816    753
   817    753
   818    753
   819    753
   820    753
   821    753
   822    753
   823    753
   824    753
   825    753
   826    753
   827    753
   828    753
   829    753
   830    753
   831    753
   832    753
   833    753
   834    753
   835    753
   836    753
   837    753
   838    753
   839    753
   840    753
   841    753
   842    753
   843    753
   844    753
   845    753
   846    753
   847    753
   848    753
   849    753
   850    753
   851    753
   852    753
   853    753
   854    753
   855    753
   856    753
   857    753
   858    753
   859    753
   860    753
   861    753
   862    753
   863    753
   864    753
   865    753
   866    753
   867    753
   868    753
   870    753
   871    753
   872    753
   873    753
   874    753
   875    753
   876    753
   894    753
   895    753
   906    753
   907    753
   908    753
   909    753
   910    753
   911    753
   912    753
   913    753
   914    753
   915    753
   916    753
   917    753
   918    753
   919    753
   920    753
   921    753
   922    753
   923    753
   924    753
   925    753
   926    753
   927    753
   783    754
   784    754
   785    754
   789    754
   790    754
   791    754
   792    754
   793    754
   794    754
   795    754
   796    754
   797    754
   798    754
   799    754
   800    754
   801    754
   802    754
   803    754
   804    754
   805    754
   806    754
   807    754
   808    754
   809    754
   810    754
   811    754
   812    754
   813    754
   814    754
   815    754
   816    754
   820    754
   821    754
   822    754
   823    754
   824    754
   825    754
   826    754
   827    754
   828    754
   829    754
   830    754
   831    754
   832    754
   833    754
   834    754
   835    754
   836    754
   837    754
   838    754
   839    754
   840    754
   841    754
   842    754
   843    754
   844    754
   845    754
   846    754
   847    754
   848    754
   849    754
   850    754
   851    754
   852    754
   853    754
   854    754
   855    754
   856    754
   857    754
   858    754
   877    754
   878    754
   879    754
   880    754
   881    754
   892    754
   893    754
   894    754
   895    754
   896    754
   897    754
   898    754
   899    754
   906    754
   907    754
   908    754
   909    754
   910    754
   911    754
   912    754
   913    754
   914    754
   915    754
   916    754
   917    754
   918    754
   919    754
   920    754
   921    754
   922    754
   923    754
   924    754
   925    754
   926    754
   927    754
   780    755
   781    755
   782    755
   783    755
   784    755
   785    755
   786    755
   787    755
   788    755
   789    755
   790    755
   791    755
   792    755
   793    755
   794    755
   795    755
   796    755
   797    755
   798    755
   799    755
   800    755
   801    755
   802    755
   803    755
   804    755
   805    755
   806    755
   807    755
   808    755
   809    755
   810    755
   811    755
   812    755
   813    755
   814    755
   815    755
   816    755
   817    755
   818    755
   819    755
   820    755
   821    755
   822    755
   823    755
   824    755
   825    755
   826    755
   827    755
   828    755
   829    755
   830    755
   831    755
   832    755
   833    755
   834    755
   835    755
   836    755
   837    755
   838    755
   839    755
   840    755
   868    755
   869    755
   870    755
   871    755
   872    755
   873    755
   874    755
   875    755
   876    755
   880    755
   881    755
   882    755
   889    755
   892    755
   893    755
   895    755
   896    755
   897    755
   898    755
   899    755
   905    755
   906    755
   907    755
   908    755
   909    755
   910    755
   911    755
   912    755
   913    755
   914    755
   915    755
   916    755
   917    755
   918    755
   919    755
   920    755
   921    755
   922    755
   923    755
   924    755
   925    755
   926    755
   927    755
   788    756
   789    756
   790    756
   791    756
   792    756
   793    756
   794    756
   795    756
   796    756
   797    756
   798    756
   799    756
   800    756
   801    756
   802    756
   803    756
   804    756
   805    756
   806    756
   807    756
   808    756
   809    756
   810    756
   811    756
   812    756
   813    756
   814    756
   815    756
   816    756
   817    756
   818    756
   819    756
   820    756
   846    756
   847    756
   853    756
   854    756
   855    756
   856    756
   857    756
   858    756
   859    756
   860    756
   861    756
   863    756
   864    756
   865    756
   866    756
   867    756
   873    756
   880    756
   881    756
   886    756
   887    756
   888    756
   889    756
   890    756
   891    756
   892    756
   893    756
   894    756
   896    756
   897    756
   898    756
   899    756
   900    756
   901    756
   902    756
   903    756
   904    756
   905    756
   906    756
   907    756
   908    756
   910    756
   911    756
   912    756
   913    756
   914    756
   915    756
   916    756
   917    756
   918    756
   919    756
   920    756
   921    756
   922    756
   923    756
   924    756
   925    756
   926    756
   927    756
   798    757
   799    757
   800    757
   801    757
   802    757
   803    757
   804    757
   805    757
   806    757
   807    757
   835    757
   836    757
   837    757
   838    757
   839    757
   840    757
   841    757
   842    757
   843    757
   844    757
   845    757
   846    757
   847    757
   848    757
   849    757
   850    757
   851    757
   852    757
   861    757
   862    757
   863    757
   864    757
   880    757
   881    757
   882    757
   883    757
   884    757
   885    757
   886    757
   887    757
   888    757
   889    757
   890    757
   891    757
   892    757
   893    757
   896    757
   897    757
   898    757
   899    757
   900    757
   901    757
   902    757
   903    757
   904    757
   905    757
   906    757
   907    757
   912    757
   913    757
   914    757
   915    757
   916    757
   917    757
   918    757
   919    757
   920    757
   921    757
   922    757
   923    757
   924    757
   926    757
   927    757
   784    758
   785    758
   786    758
   787    758
   788    758
   789    758
   790    758
   791    758
   794    758
   795    758
   796    758
   797    758
   816    758
   817    758
   818    758
   819    758
   820    758
   821    758
   822    758
   823    758
   824    758
   825    758
   826    758
   827    758
   828    758
   832    758
   833    758
   834    758
   835    758
   848    758
   849    758
   850    758
   879    758
   880    758
   881    758
   882    758
   883    758
   884    758
   885    758
   894    758
   895    758
   896    758
   897    758
   898    758
   899    758
   900    758
   901    758
   902    758
   903    758
   912    758
   913    758
   914    758
   915    758
   916    758
   917    758
   918    758
   919    758
   920    758
   921    758
   922    758
   923    758
   924    758
   925    758
   928    758
   929    758
   930    758
   931    758
   932    758
   933    758
   934    758
   935    758
   936    758
   937    758
   938    758
   939    758
   940    758
   941    758
   942    758
   943    758
   774    759
   775    759
   776    759
   777    759
   778    759
   779    759
   780    759
   781    759
   782    759
   783    759
   784    759
   785    759
   786    759
   787    759
   788    759
   789    759
   790    759
   791    759
   792    759
   793    759
   794    759
   795    759
   796    759
   797    759
   798    759
   799    759
   815    759
   816    759
   817    759
   818    759
   819    759
   820    759
   821    759
   822    759
   823    759
   824    759
   827    759
   828    759
   829    759
   830    759
   831    759
   832    759
   833    759
   834    759
   849    759
   850    759
   880    759
   881    759
   882    759
   883    759
   894    759
   895    759
   896    759
   897    759
   898    759
   899    759
   900    759
   901    759
   902    759
   903    759
   912    759
   913    759
   914    759
   915    759
   916    759
   917    759
   918    759
   919    759
   920    759
   921    759
   922    759
   923    759
   924    759
   925    759
   930    759
   931    759
   932    759
   933    759
   934    759
   935    759
   936    759
   937    759
   938    759
   939    759
   940    759
   941    759
   942    759
   943    759
   770    760
   771    760
   772    760
   773    760
   774    760
   775    760
   776    760
   777    760
   778    760
   779    760
   780    760
   781    760
   782    760
   783    760
   798    760
   799    760
   800    760
   801    760
   802    760
   803    760
   804    760
   805    760
   806    760
   807    760
   808    760
   809    760
   810    760
   811    760
   812    760
   813    760
   814    760
   815    760
   816    760
   830    760
   831    760
   832    760
   833    760
   834    760
   875    760
   876    760
   879    760
   880    760
   881    760
   882    760
   894    760
   895    760
   896    760
   897    760
   899    760
   900    760
   901    760
   912    760
   913    760
   914    760
   915    760
   916    760
   929    760
   930    760
   931    760
   932    760
   933    760
   934    760
   935    760
   936    760
   937    760
   938    760
   939    760
   940    760
   941    760
   942    760
   943    760
   944    760
   768    761
   769    761
   770    761
   771    761
   772    761
   773    761
   774    761
   775    761
   776    761
   777    761
   778    761
   779    761
   780    761
   781    761
   782    761
   800    761
   801    761
   802    761
   803    761
   804    761
   805    761
   806    761
   807    761
   808    761
   810    761
   811    761
   812    761
   814    761
   815    761
   832    761
   833    761
   834    761
   849    761
   875    761
   876    761
   880    761
   881    761
   894    761
   895    761
   896    761
   899    761
   900    761
   901    761
   912    761
   913    761
   914    761
   915    761
   916    761
   928    761
   929    761
   930    761
   931    761
   932    761
   933    761
   934    761
   935    761
   936    761
   937    761
   938    761
   939    761
   940    761
   941    761
   942    761
   943    761
   766    762
   767    762
   768    762
   769    762
   770    762
   771    762
   772    762
   773    762
   832    762
   833    762
   841    762
   842    762
   843    762
   844    762
   876    762
   877    762
   878    762
   879    762
   912    762
   913    762
   765    763
   766    763
   767    763
   768    763
   769    763
   770    763
   771    763
   772    763
   773    763
   832    763
   833    763
   840    763
   841    763
   842    763
   843    763
   844    763
   845    763
   846    763
   874    763
   875    763
   876    763
   877    763
   878    763
   879    763
   912    763
   913    763
   914    763
   764    764
   765    764
   766    764
   767    764
   768    764
   769    764
   770    764
   771    764
   772    764
   773    764
   774    764
   840    764
   841    764
   842    764
   843    764
   844    764
   845    764
   846    764
   847    764
   874    764
   875    764
   876    764
   877    764
   912    764
   913    764
   914    764
   915    764
   765    765
   766    765
   767    765
   768    765
   769    765
   770    765
   771    765
   772    765
   773    765
   840    765
   841    765
   842    765
   843    765
   844    765
   845    765
   846    765
   912    765
   913    765
   914    765
   915    765
   764    766
   765    766
   766    766
   767    766
   768    766
   769    766
   770    766
   771    766
   840    766
   841    766
   842    766
   843    766
   910    766
   911    766
   912    766
   913    766
   914    766
   915    766
   765    767
   766    767
   767    767
   768    767
   769    767
   770    767
   771    767
   841    767
   842    767
   843    767
   909    767
   910    767
   912    767
   913    767
   914    767
   915    767
   768    768
   769    768
   770    768
   839    768
   840    768
   842    768
   843    768
   768    769
   769    769
   770    769
   834    769
   835    769
   836    769
   837    769
   838    769
   839    769
   840    769
   842    769
   843    769
   835    770
   836    770
   837    770
   840    770
   841    770
   842    770
   843    770
   835    771
   836    771
   837    771
   839    771
   840    771
   841    771
   842    771
   843    771
