   830    730
   831    730
   832    730
   833    730
   834    730
   835    730
   836    730
   837    730
   838    730
   839    730
   840    730
   841    730
   842    730
   843    730
   844    730
   845    730
   846    730
   847    730
   848    730
   862    730
   863    730
   864    730
   866    730
   867    730
   868    730
   869    730
   870    730
   871    730
   872    730
   879    730
   880    730
   888    730
   889    730
   890    730
   891    730
   892    730
   893    730
   894    730
   895    730
   828    731
   830    731
   831    731
   832    731
   833    731
   834    731
   835    731
   836    731
   837    731
   838    731
   839    731
   840    731
   841    731
   842    731
   846    731
   847    731
   858    731
   859    731
   861    731
   862    731
   863    731
   864    731
   865    731
   866    731
   867    731
   868    731
   869    731
   870    731
   871    731
   878    731
   879    731
   888    731
   889    731
   890    731
   891    731
   892    731
   893    731
   894    731
   895    731
   826    732
   827    732
   828    732
   829    732
   830    732
   831    732
   832    732
   833    732
   834    732
   835    732
   836    732
   837    732
   838    732
   839    732
   840    732
   847    732
   848    732
   858    732
   859    732
   860    732
   861    732
   862    732
   863    732
   864    732
   865    732
   866    732
   867    732
   868    732
   870    732
   871    732
   878    732
   879    732
   880    732
   888    732
   889    732
   890    732
   891    732
   892    732
   893    732
   894    732
   895    732
   824    733
   825    733
   826    733
   827    733
   828    733
   829    733
   830    733
   831    733
   832    733
   833    733
   834    733
   835    733
   836    733
   837    733
   838    733
   839    733
   840    733
   847    733
   858    733
   859    733
   860    733
   861    733
   862    733
   863    733
   864    733
   865    733
   866    733
   867    733
   870    733
   871    733
   872    733
   878    733
   879    733
   880    733
   888    733
   889    733
   890    733
   891    733
   892    733
   893    733
   894    733
   895    733
   830    734
   831    734
   832    734
   833    734
   834    734
   835    734
   836    734
   837    734
   838    734
   839    734
   847    734
   848    734
   856    734
   857    734
   858    734
   859    734
   860    734
   861    734
   862    734
   863    734
   864    734
   865    734
   870    734
   871    734
   872    734
   873    734
   878    734
   879    734
   880    734
   881    734
   882    734
   883    734
   884    734
   885    734
   886    734
   887    734
   888    734
   889    734
   890    734
   891    734
   892    734
   893    734
   894    734
   820    735
   821    735
   822    735
   823    735
   824    735
   825    735
   826    735
   827    735
   828    735
   830    735
   831    735
   832    735
   833    735
   834    735
   835    735
   836    735
   837    735
   838    735
   839    735
   841    735
   843    735
   844    735
   845    735
   846    735
   847    735
   848    735
   856    735
   857    735
   858    735
   859    735
   860    735
   861    735
   862    735
   863    735
   864    735
   865    735
   866    735
   867    735
   868    735
   869    735
   870    735
   871    735
   872    735
   873    735
   878    735
   879    735
   880    735
   881    735
   882    735
   883    735
   884    735
   885    735
   886    735
   887    735
   888    735
   889    735
   890    735
   891    735
   892    735
   893    735
   818    736
   819    736
   820    736
   821    736
   822    736
   823    736
   824    736
   825    736
   826    736
   827    736
   829    736
   830    736
   831    736
   832    736
   833    736
   834    736
   835    736
   836    736
   837    736
   838    736
   839    736
   840    736
   841    736
   842    736
   843    736
   844    736
   845    736
   846    736
   847    736
   848    736
   849    736
   850    736
   851    736
   852    736
   853    736
   857    736
   858    736
   859    736
   860    736
   861    736
   862    736
   863    736
   864    736
   886    736
   887    736
   888    736
   889    736
   890    736
   891    736
   816    737
   819    737
   820    737
   821    737
   822    737
   823    737
   824    737
   825    737
   826    737
   827    737
   828    737
   832    737
   833    737
   834    737
   835    737
   836    737
   837    737
   847    737
   848    737
   849    737
   850    737
   851    737
   852    737
   853    737
   854    737
   857    737
   858    737
   859    737
   860    737
   861    737
   862    737
   863    737
   874    737
   875    737
   876    737
   877    737
   878    737
   879    737
   886    737
   887    737
   888    737
   889    737
   890    737
   814    738
   815    738
   816    738
   817    738
   818    738
   819    738
   820    738
   821    738
   822    738
   823    738
   824    738
   825    738
   826    738
   827    738
   828    738
   829    738
   830    738
   831    738
   832    738
   833    738
   834    738
   835    738
   836    738
   847    738
   848    738
   849    738
   850    738
   851    738
   852    738
   853    738
   854    738
   855    738
   856    738
   857    738
   858    738
   859    738
   860    738
   861    738
   862    738
   863    738
   864    738
   872    738
   873    738
   874    738
   875    738
   876    738
   877    738
   878    738
   879    738
   885    738
   886    738
   887    738
   888    738
   889    738
   812    739
   813    739
   814    739
   815    739
   816    739
   817    739
   818    739
   819    739
   820    739
   821    739
   822    739
   823    739
   824    739
   825    739
   826    739
   827    739
   830    739
   831    739
   832    739
   833    739
   834    739
   835    739
   836    739
   837    739
   838    739
   839    739
   840    739
   841    739
   843    739
   844    739
   845    739
   846    739
   847    739
   848    739
   849    739
   850    739
   851    739
   854    739
   855    739
   856    739
   857    739
   858    739
   859    739
   860    739
   861    739
   862    739
   863    739
   864    739
   872    739
   873    739
   874    739
   876    739
   877    739
   878    739
   879    739
   884    739
   885    739
   886    739
   887    739
   888    739
   889    739
   810    740
   811    740
   812    740
   813    740
   816    740
   817    740
   818    740
   819    740
   820    740
   821    740
   822    740
   823    740
   824    740
   825    740
   826    740
   827    740
   828    740
   829    740
   830    740
   831    740
   832    740
   833    740
   834    740
   835    740
   836    740
   837    740
   838    740
   839    740
   840    740
   841    740
   846    740
   847    740
   848    740
   849    740
   850    740
   851    740
   852    740
   853    740
   854    740
   855    740
   856    740
   857    740
   858    740
   859    740
   860    740
   861    740
   862    740
   863    740
   877    740
   879    740
   884    740
   885    740
   886    740
   887    740
   808    741
   809    741
   810    741
   811    741
   812    741
   813    741
   814    741
   815    741
   816    741
   817    741
   818    741
   819    741
   820    741
   821    741
   822    741
   823    741
   824    741
   825    741
   826    741
   827    741
   828    741
   829    741
   830    741
   831    741
   832    741
   833    741
   834    741
   835    741
   836    741
   837    741
   838    741
   839    741
   840    741
   841    741
   848    741
   849    741
   850    741
   851    741
   852    741
   853    741
   854    741
   855    741
   856    741
   857    741
   858    741
   859    741
   860    741
   861    741
   862    741
   863    741
   879    741
   880    741
   881    741
   884    741
   885    741
   886    741
   806    742
   807    742
   808    742
   809    742
   810    742
   811    742
   812    742
   813    742
   814    742
   815    742
   816    742
   823    742
   825    742
   826    742
   829    742
   830    742
   831    742
   833    742
   834    742
   835    742
   879    742
   880    742
   881    742
   804    743
   805    743
   808    743
   809    743
   810    743
   811    743
   812    743
   813    743
   814    743
   815    743
   824    743
   830    743
   831    743
   832    743
   833    743
   835    743
   879    743
   880    743
   881    743
   882    743
   802    744
   803    744
   814    744
   815    744
   827    744
   832    744
   833    744
   834    744
   835    744
   836    744
   837    744
   876    744
   877    744
   878    744
   879    744
   880    744
   881    744
   882    744
   800    745
   801    745
   802    745
   803    745
   814    745
   815    745
   830    745
   831    745
   832    745
   833    745
   834    745
   835    745
   836    745
   837    745
   875    745
   876    745
   877    745
   878    745
   879    745
   880    745
   881    745
   882    745
   798    746
   799    746
   800    746
   801    746
   802    746
   803    746
   824    746
   825    746
   826    746
   827    746
   828    746
   829    746
   830    746
   831    746
   832    746
   833    746
   834    746
   835    746
   836    746
   837    746
   838    746
   839    746
   840    746
   841    746
   842    746
   843    746
   844    746
   845    746
   855    746
   856    746
   857    746
   858    746
   859    746
   860    746
   861    746
   865    746
   867    746
   868    746
   869    746
   870    746
   871    746
   872    746
   873    746
   874    746
   875    746
   880    746
   881    746
   882    746
   883    746
   796    747
   797    747
   798    747
   799    747
   802    747
   803    747
   822    747
   823    747
   824    747
   825    747
   826    747
   827    747
   828    747
   831    747
   832    747
   833    747
   834    747
   835    747
   836    747
   837    747
   838    747
   839    747
   840    747
   841    747
   842    747
   843    747
   844    747
   845    747
   846    747
   847    747
   848    747
   849    747
   850    747
   851    747
   852    747
   853    747
   854    747
   855    747
   856    747
   857    747
   858    747
   859    747
   860    747
   861    747
   862    747
   863    747
   864    747
   865    747
   866    747
   867    747
   868    747
   869    747
   870    747
   882    747
   883    747
   794    748
   795    748
   796    748
   797    748
   798    748
   799    748
   800    748
   801    748
   802    748
   803    748
   804    748
   805    748
   806    748
   807    748
   808    748
   809    748
   810    748
   811    748
   812    748
   821    748
   822    748
   823    748
   824    748
   834    748
   836    748
   840    748
   842    748
   847    748
   848    748
   849    748
   850    748
   857    748
   861    748
   862    748
   863    748
   864    748
   865    748
   866    748
   883    748
   884    748
   793    749
   794    749
   795    749
   796    749
   797    749
   798    749
   799    749
   800    749
   801    749
   802    749
   803    749
   804    749
   805    749
   806    749
   807    749
   808    749
   809    749
   810    749
   811    749
   812    749
   813    749
   814    749
   815    749
   816    749
   817    749
   818    749
   819    749
   820    749
   821    749
   822    749
   883    749
   884    749
   791    750
   792    750
   793    750
   794    750
   795    750
   796    750
   797    750
   798    750
   799    750
   800    750
   805    750
   806    750
   808    750
   811    750
   812    750
   813    750
   814    750
   815    750
   816    750
   817    750
   818    750
   820    750
   860    750
   861    750
   862    750
   863    750
   864    750
   865    750
   866    750
   867    750
   868    750
   869    750
   870    750
   871    750
   872    750
   873    750
   874    750
   875    750
   876    750
   877    750
   878    750
   879    750
   880    750
   881    750
   882    750
   883    750
   789    751
   790    751
   791    751
   842    751
   843    751
   844    751
   845    751
   846    751
   847    751
   848    751
   849    751
   850    751
   851    751
   852    751
   853    751
   854    751
   855    751
   856    751
   857    751
   858    751
   859    751
   860    751
   861    751
   862    751
   863    751
   864    751
   865    751
   866    751
   867    751
   868    751
   869    751
   870    751
   871    751
   872    751
   873    751
   874    751
   875    751
   876    751
   877    751
   878    751
   879    751
   880    751
   881    751
   882    751
   787    752
   788    752
   820    752
   821    752
   822    752
   823    752
   824    752
   825    752
   826    752
   827    752
   828    752
   829    752
   830    752
   831    752
   832    752
   833    752
   834    752
   835    752
   836    752
   837    752
   838    752
   839    752
   840    752
   841    752
   842    752
   843    752
   844    752
   845    752
   846    752
   847    752
   848    752
   849    752
   850    752
   851    752
   852    752
   853    752
   854    752
   855    752
   856    752
   857    752
   858    752
   859    752
   860    752
   861    752
   862    752
   863    752
   864    752
   865    752
   866    752
   867    752
   868    752
   869    752
   870    752
   871    752
   872    752
   873    752
   874    752
   875    752
   876    752
   877    752
   878    752
   879    752
   795    753
   796    753
   797    753
   798    753
   799    753
   800    753
   801    753
   802    753
   803    753
   804    753
   805    753
   806    753
   807    753
   808    753
   809    753
   810    753
   811    753
   812    753
   813    753
   814    753
   815    753
   816    753
   817    753
   818    753
   819    753
   820    753
   821    753
   822    753
   823    753
   824    753
   825    753
   826    753
   827    753
   828    753
   829    753
   830    753
   831    753
   832    753
   833    753
   834    753
   835    753
   836    753
   837    753
   838    753
   839    753
   840    753
   841    753
   842    753
   843    753
   846    753
   847    753
   848    753
   849    753
   850    753
   851    753
   852    753
   853    753
   854    753
   855    753
   856    753
   857    753
   858    753
   859    753
   860    753
   861    753
   862    753
   863    753
   864    753
   865    753
   866    753
   867    753
   868    753
   869    753
   870    753
   871    753
   873    753
   874    753
   875    753
   876    753
   877    753
   878    753
   879    753
   783    754
   784    754
   785    754
   786    754
   787    754
   788    754
   789    754
   790    754
   791    754
   792    754
   793    754
   794    754
   795    754
   796    754
   797    754
   798    754
   799    754
   800    754
   801    754
   802    754
   803    754
   804    754
   805    754
   806    754
   807    754
   808    754
   809    754
   810    754
   811    754
   812    754
   813    754
   814    754
   815    754
   816    754
   817    754
   818    754
   819    754
   820    754
   821    754
   822    754
   823    754
   824    754
   825    754
   826    754
   827    754
   828    754
   829    754
   830    754
   831    754
   832    754
   833    754
   834    754
   835    754
   836    754
   837    754
   838    754
   839    754
   840    754
   841    754
   842    754
   843    754
   844    754
   845    754
   846    754
   847    754
   848    754
   849    754
   850    754
   851    754
   852    754
   853    754
   854    754
   855    754
   856    754
   857    754
   858    754
   859    754
   860    754
   861    754
   862    754
   863    754
   864    754
   865    754
   866    754
   867    754
   880    754
   881    754
   780    755
   781    755
   782    755
   783    755
   784    755
   785    755
   786    755
   787    755
   788    755
   789    755
   790    755
   791    755
   792    755
   793    755
   794    755
   795    755
   796    755
   797    755
   798    755
   799    755
   800    755
   801    755
   802    755
   803    755
   804    755
   805    755
   806    755
   807    755
   808    755
   809    755
   810    755
   811    755
   812    755
   813    755
   814    755
   815    755
   816    755
   817    755
   818    755
   819    755
   820    755
   821    755
   822    755
   823    755
   824    755
   825    755
   826    755
   827    755
   828    755
   829    755
   830    755
   831    755
   832    755
   833    755
   834    755
   835    755
   836    755
   837    755
   838    755
   839    755
   840    755
   841    755
   842    755
   843    755
   844    755
   845    755
   846    755
   847    755
   848    755
   849    755
   873    755
   874    755
   875    755
   876    755
   877    755
   878    755
   879    755
   778    756
   779    756
   780    756
   781    756
   782    756
   783    756
   791    756
   792    756
   793    756
   794    756
   795    756
   796    756
   797    756
   798    756
   799    756
   800    756
   801    756
   802    756
   803    756
   804    756
   805    756
   806    756
   807    756
   808    756
   809    756
   810    756
   811    756
   812    756
   813    756
   814    756
   815    756
   816    756
   817    756
   818    756
   819    756
   820    756
   821    756
   822    756
   823    756
   824    756
   825    756
   826    756
   827    756
   828    756
   829    756
   830    756
   831    756
   832    756
   856    756
   857    756
   858    756
   859    756
   860    756
   861    756
   862    756
   863    756
   864    756
   865    756
   866    756
   867    756
   868    756
   869    756
   870    756
   871    756
   872    756
   873    756
   875    756
   877    756
   776    757
   777    757
   778    757
   779    757
   780    757
   796    757
   797    757
   798    757
   799    757
   800    757
   801    757
   802    757
   803    757
   804    757
   805    757
   806    757
   807    757
   808    757
   809    757
   810    757
   846    757
   847    757
   848    757
   849    757
   850    757
   851    757
   852    757
   853    757
   854    757
   855    757
   856    757
   787    758
   788    758
   789    758
   790    758
   791    758
   840    758
   841    758
   842    758
   843    758
   844    758
   845    758
   846    758
   847    758
   772    759
   773    759
   774    759
   775    759
   776    759
   777    759
   782    759
   783    759
   784    759
   785    759
   791    759
   792    759
   793    759
   794    759
   807    759
   808    759
   809    759
   810    759
   811    759
   812    759
   813    759
   814    759
   815    759
   816    759
   819    759
   820    759
   821    759
   822    759
   823    759
   824    759
   825    759
   826    759
   827    759
   829    759
   834    759
   835    759
   836    759
   837    759
   838    759
   839    759
   840    759
   841    759
   842    759
   843    759
   775    760
   776    760
   777    760
   778    760
   779    760
   780    760
   781    760
   782    760
   783    760
   784    760
   785    760
   793    760
   794    760
   795    760
   796    760
   797    760
   804    760
   805    760
   806    760
   815    760
   816    760
   817    760
   818    760
   819    760
   820    760
   821    760
   822    760
   823    760
   824    760
   825    760
   826    760
   827    760
   828    760
   829    760
   830    760
   831    760
   832    760
   833    760
   835    760
   776    761
   777    761
   778    761
   779    761
   780    761
   781    761
   782    761
   783    761
   784    761
   794    761
   795    761
   796    761
   797    761
   798    761
   799    761
   800    761
   801    761
   802    761
   803    761
   804    761
   817    761
   779    762
   799    762
   800    762
   801    762
   802    762
   803    762
   804    762
   805    762
   806    762
   807    762
   808    762
   799    763
   800    763
   801    763
   802    763
   803    763
   804    763
   805    763
   806    763
   807    763
   808    763
   809    763
   811    763
   812    763
   813    763
   814    763
   815    763
   799    764
   800    764
   801    764
   802    764
   803    764
   804    764
   805    764
   806    764
   807    764
   808    764
   809    764
   810    764
   811    764
   812    764
   813    764
   814    764
   815    764
   800    765
   801    765
   802    765
   803    765
   805    765
   811    765
   812    765
   813    765
   814    765
   815    765
   814    766
   815    766
   813    767
   814    767
