   840    730
   841    730
   842    730
   843    730
   844    730
   845    730
   846    730
   847    730
   848    730
   849    730
   850    730
   851    730
   852    730
   853    730
   854    730
   855    730
   856    730
   857    730
   858    730
   859    730
   860    730
   861    730
   862    730
   863    730
   864    730
   865    730
   866    730
   867    730
   868    730
   869    730
   870    730
   871    730
   872    730
   873    730
   874    730
   875    730
   876    730
   877    730
   878    730
   879    730
   880    730
   881    730
   882    730
   883    730
   884    730
   885    730
   886    730
   887    730
   888    730
   889    730
   890    730
   891    730
   892    730
   893    730
   894    730
   895    730
   896    730
   897    730
   898    730
   899    730
   900    730
   901    730
   902    730
   903    730
   904    730
   905    730
   906    730
   907    730
   908    730
   909    730
   910    730
   911    730
   912    730
   913    730
   914    730
   915    730
   916    730
   917    730
   918    730
   919    730
   920    730
   921    730
   922    730
   923    730
   924    730
   925    730
   926    730
   927    730
   928    730
   929    730
   930    730
   931    730
   932    730
   933    730
   934    730
   935    730
   936    730
   937    730
   938    730
   939    730
   940    730
   941    730
   942    730
   943    730
   944    730
   945    730
   946    730
   947    730
   948    730
   949    730
   950    730
   951    730
   952    730
   953    730
   959    730
   960    730
   961    730
   962    730
   969    730
   970    730
   971    730
   972    730
   973    730
   974    730
   975    730
   984    730
   985    730
   986    730
   987    730
   988    730
   840    731
   841    731
   842    731
   843    731
   844    731
   845    731
   846    731
   847    731
   848    731
   849    731
   850    731
   851    731
   852    731
   853    731
   854    731
   855    731
   856    731
   857    731
   858    731
   859    731
   860    731
   861    731
   862    731
   863    731
   864    731
   865    731
   866    731
   867    731
   868    731
   869    731
   870    731
   871    731
   872    731
   873    731
   874    731
   875    731
   876    731
   877    731
   878    731
   879    731
   880    731
   881    731
   882    731
   883    731
   884    731
   885    731
   886    731
   887    731
   888    731
   889    731
   890    731
   891    731
   892    731
   893    731
   894    731
   895    731
   896    731
   897    731
   898    731
   899    731
   900    731
   901    731
   902    731
   903    731
   904    731
   905    731
   906    731
   907    731
   908    731
   909    731
   910    731
   911    731
   912    731
   913    731
   914    731
   915    731
   916    731
   917    731
   918    731
   919    731
   920    731
   921    731
   922    731
   923    731
   924    731
   925    731
   926    731
   927    731
   928    731
   929    731
   930    731
   931    731
   932    731
   933    731
   934    731
   935    731
   936    731
   937    731
   938    731
   939    731
   940    731
   941    731
   942    731
   943    731
   944    731
   945    731
   946    731
   947    731
   948    731
   949    731
   950    731
   951    731
   952    731
   953    731
   954    731
   955    731
   956    731
   957    731
   958    731
   959    731
   960    731
   963    731
   964    731
   965    731
   966    731
   967    731
   968    731
   969    731
   970    731
   971    731
   972    731
   973    731
   974    731
   975    731
   976    731
   977    731
   978    731
   979    731
   980    731
   981    731
   982    731
   983    731
   984    731
   985    731
   986    731
   987    731
   988    731
   989    731
   990    731
   838    732
   839    732
   840    732
   841    732
   842    732
   845    732
   846    732
   847    732
   848    732
   849    732
   850    732
   851    732
   852    732
   853    732
   854    732
   855    732
   856    732
   857    732
   858    732
   859    732
   860    732
   861    732
   862    732
   863    732
   864    732
   865    732
   866    732
   867    732
   868    732
   869    732
   870    732
   871    732
   872    732
   873    732
   874    732
   875    732
   876    732
   877    732
   878    732
   879    732
   880    732
   881    732
   882    732
   883    732
   884    732
   885    732
   886    732
   887    732
   888    732
   889    732
   890    732
   891    732
   892    732
   893    732
   894    732
   895    732
   896    732
   897    732
   898    732
   899    732
   900    732
   901    732
   902    732
   903    732
   904    732
   905    732
   906    732
   907    732
   908    732
   909    732
   910    732
   911    732
   912    732
   913    732
   914    732
   915    732
   916    732
   917    732
   918    732
   919    732
   920    732
   921    732
   922    732
   923    732
   924    732
   925    732
   928    732
   929    732
   930    732
   931    732
   932    732
   933    732
   934    732
   935    732
   936    732
   937    732
   938    732
   939    732
   940    732
   941    732
   942    732
   943    732
   944    732
   945    732
   946    732
   947    732
   948    732
   949    732
   950    732
   951    732
   952    732
   953    732
   954    732
   955    732
   956    732
   957    732
   958    732
   959    732
   960    732
   961    732
   962    732
   963    732
   964    732
   965    732
   966    732
   967    732
   968    732
   969    732
   970    732
   971    732
   972    732
   973    732
   975    732
   976    732
   977    732
   978    732
   979    732
   980    732
   981    732
   982    732
   983    732
   984    732
   985    732
   986    732
   987    732
   988    732
   989    732
   990    732
   991    732
   992    732
   993    732
   838    733
   839    733
   840    733
   841    733
   842    733
   843    733
   844    733
   845    733
   846    733
   847    733
   848    733
   849    733
   850    733
   851    733
   852    733
   853    733
   854    733
   855    733
   856    733
   857    733
   858    733
   859    733
   860    733
   861    733
   862    733
   863    733
   864    733
   865    733
   866    733
   867    733
   868    733
   869    733
   870    733
   871    733
   872    733
   873    733
   874    733
   875    733
   876    733
   877    733
   878    733
   879    733
   880    733
   881    733
   882    733
   883    733
   884    733
   885    733
   886    733
   887    733
   888    733
   889    733
   890    733
   891    733
   892    733
   893    733
   894    733
   895    733
   896    733
   897    733
   900    733
   901    733
   902    733
   903    733
   904    733
   905    733
   906    733
   907    733
   908    733
   909    733
   910    733
   911    733
   912    733
   913    733
   914    733
   915    733
   916    733
   917    733
   918    733
   919    733
   920    733
   921    733
   922    733
   923    733
   924    733
   925    733
   928    733
   929    733
   930    733
   931    733
   932    733
   933    733
   934    733
   935    733
   936    733
   938    733
   939    733
   940    733
   941    733
   942    733
   944    733
   945    733
   946    733
   947    733
   948    733
   949    733
   950    733
   951    733
   952    733
   953    733
   954    733
   955    733
   956    733
   957    733
   958    733
   959    733
   960    733
   961    733
   962    733
   963    733
   964    733
   965    733
   966    733
   967    733
   968    733
   969    733
   970    733
   971    733
   972    733
   973    733
   974    733
   975    733
   976    733
   983    733
   991    733
   992    733
   993    733
   994    733
   995    733
   838    734
   839    734
   840    734
   841    734
   842    734
   843    734
   844    734
   845    734
   846    734
   847    734
   848    734
   849    734
   850    734
   851    734
   852    734
   853    734
   854    734
   855    734
   856    734
   857    734
   858    734
   859    734
   860    734
   861    734
   862    734
   863    734
   864    734
   865    734
   866    734
   867    734
   868    734
   869    734
   870    734
   871    734
   872    734
   873    734
   874    734
   875    734
   876    734
   877    734
   878    734
   879    734
   880    734
   881    734
   882    734
   883    734
   884    734
   885    734
   886    734
   887    734
   888    734
   889    734
   890    734
   891    734
   892    734
   893    734
   894    734
   895    734
   896    734
   897    734
   898    734
   899    734
   900    734
   912    734
   913    734
   914    734
   915    734
   916    734
   917    734
   918    734
   919    734
   920    734
   921    734
   928    734
   929    734
   930    734
   931    734
   932    734
   933    734
   934    734
   935    734
   937    734
   943    734
   944    734
   945    734
   946    734
   947    734
   948    734
   951    734
   952    734
   953    734
   954    734
   958    734
   959    734
   960    734
   961    734
   962    734
   963    734
   964    734
   965    734
   967    734
   968    734
   969    734
   970    734
   971    734
   972    734
   973    734
   974    734
   975    734
   978    734
   979    734
   980    734
   981    734
   982    734
   983    734
   984    734
   991    734
   992    734
   993    734
   994    734
   995    734
   996    734
   997    734
   998    734
   838    735
   839    735
   840    735
   841    735
   842    735
   843    735
   844    735
   845    735
   846    735
   847    735
   848    735
   849    735
   850    735
   851    735
   852    735
   853    735
   854    735
   855    735
   856    735
   857    735
   858    735
   860    735
   861    735
   862    735
   863    735
   864    735
   865    735
   866    735
   867    735
   868    735
   869    735
   870    735
   871    735
   872    735
   873    735
   874    735
   875    735
   877    735
   878    735
   879    735
   880    735
   881    735
   882    735
   883    735
   884    735
   885    735
   886    735
   887    735
   888    735
   889    735
   890    735
   891    735
   892    735
   893    735
   894    735
   895    735
   896    735
   897    735
   898    735
   899    735
   912    735
   913    735
   914    735
   915    735
   916    735
   919    735
   920    735
   921    735
   922    735
   926    735
   927    735
   928    735
   929    735
   931    735
   932    735
   933    735
   934    735
   935    735
   936    735
   937    735
   938    735
   939    735
   940    735
   941    735
   942    735
   943    735
   944    735
   945    735
   946    735
   947    735
   948    735
   949    735
   950    735
   958    735
   959    735
   960    735
   961    735
   962    735
   963    735
   964    735
   965    735
   966    735
   967    735
   968    735
   969    735
   970    735
   971    735
   972    735
   973    735
   974    735
   975    735
   976    735
   977    735
   980    735
   983    735
   984    735
   985    735
   986    735
   987    735
   988    735
   989    735
   990    735
   991    735
   992    735
   993    735
   994    735
   995    735
   996    735
   997    735
   998    735
   999    735
  1000    735
   838    736
   839    736
   840    736
   841    736
   842    736
   843    736
   844    736
   845    736
   846    736
   847    736
   848    736
   849    736
   850    736
   851    736
   852    736
   853    736
   854    736
   855    736
   856    736
   857    736
   858    736
   859    736
   860    736
   861    736
   862    736
   863    736
   864    736
   865    736
   866    736
   867    736
   880    736
   881    736
   882    736
   883    736
   884    736
   885    736
   886    736
   887    736
   917    736
   918    736
   919    736
   920    736
   921    736
   922    736
   923    736
   928    736
   929    736
   932    736
   933    736
   934    736
   935    736
   936    736
   941    736
   942    736
   943    736
   944    736
   945    736
   946    736
   951    736
   952    736
   953    736
   954    736
   955    736
   956    736
   958    736
   959    736
   960    736
   961    736
   966    736
   967    736
   968    736
   969    736
   970    736
   971    736
   972    736
   987    736
   991    736
   992    736
   994    736
   995    736
   996    736
   999    736
  1001    736
   837    737
   838    737
   839    737
   840    737
   841    737
   842    737
   843    737
   844    737
   845    737
   846    737
   847    737
   848    737
   849    737
   850    737
   851    737
   852    737
   853    737
   854    737
   855    737
   856    737
   857    737
   858    737
   859    737
   860    737
   861    737
   862    737
   863    737
   864    737
   865    737
   866    737
   867    737
   868    737
   869    737
   880    737
   881    737
   882    737
   883    737
   884    737
   885    737
   886    737
   887    737
   888    737
   917    737
   918    737
   919    737
   928    737
   929    737
   930    737
   931    737
   932    737
   933    737
   934    737
   935    737
   942    737
   943    737
   944    737
   945    737
   952    737
   953    737
   954    737
   955    737
   956    737
   960    737
   962    737
   963    737
   964    737
   965    737
   966    737
   968    737
   969    737
   970    737
   971    737
   972    737
   973    737
   974    737
   975    737
   992    737
   993    737
   994    737
   995    737
   996    737
   997    737
  1004    737
  1005    737
   840    738
   841    738
   842    738
   843    738
   844    738
   845    738
   846    738
   847    738
   848    738
   849    738
   850    738
   851    738
   852    738
   853    738
   854    738
   855    738
   856    738
   857    738
   858    738
   859    738
   860    738
   861    738
   862    738
   863    738
   864    738
   865    738
   866    738
   867    738
   868    738
   869    738
   870    738
   871    738
   876    738
   877    738
   878    738
   882    738
   883    738
   884    738
   885    738
   886    738
   887    738
   888    738
   916    738
   917    738
   918    738
   919    738
   931    738
   932    738
   933    738
   934    738
   954    738
   955    738
   961    738
   962    738
   963    738
   964    738
   965    738
   966    738
   967    738
   968    738
   969    738
   970    738
   989    738
   992    738
   993    738
   994    738
   995    738
   996    738
  1000    738
  1001    738
  1002    738
  1004    738
  1007    738
  1008    738
   839    739
   840    739
   841    739
   842    739
   843    739
   844    739
   845    739
   846    739
   847    739
   848    739
   849    739
   851    739
   852    739
   853    739
   854    739
   855    739
   856    739
   857    739
   858    739
   859    739
   860    739
   861    739
   862    739
   863    739
   864    739
   865    739
   866    739
   867    739
   868    739
   870    739
   872    739
   873    739
   874    739
   875    739
   876    739
   877    739
   878    739
   879    739
   881    739
   882    739
   883    739
   884    739
   885    739
   886    739
   887    739
   888    739
   889    739
   916    739
   917    739
   918    739
   919    739
   928    739
   929    739
   930    739
   931    739
   932    739
   933    739
   934    739
   954    739
   955    739
   956    739
   961    739
   962    739
   963    739
   964    739
   965    739
   966    739
   967    739
   968    739
   969    739
   970    739
   988    739
   989    739
   990    739
   991    739
   992    739
   993    739
   994    739
   995    739
  1004    739
  1008    739
  1009    739
  1010    739
   833    740
   834    740
   835    740
   836    740
   838    740
   839    740
   840    740
   841    740
   842    740
   843    740
   847    740
   848    740
   849    740
   850    740
   851    740
   852    740
   853    740
   854    740
   855    740
   863    740
   864    740
   865    740
   866    740
   878    740
   879    740
   880    740
   916    740
   917    740
   918    740
   919    740
   920    740
   934    740
   935    740
   953    740
   954    740
   955    740
   956    740
   964    740
   965    740
   966    740
   967    740
   968    740
   969    740
   970    740
   971    740
   972    740
   973    740
   974    740
   975    740
   977    740
   978    740
   979    740
   980    740
   981    740
   982    740
   983    740
   984    740
   985    740
   986    740
   987    740
   995    740
   996    740
   997    740
   998    740
   999    740
  1000    740
  1001    740
  1002    740
  1003    740
  1004    740
  1005    740
  1010    740
  1012    740
  1013    740
   832    741
   833    741
   834    741
   835    741
   836    741
   837    741
   838    741
   839    741
   840    741
   841    741
   842    741
   843    741
   850    741
   851    741
   852    741
   853    741
   854    741
   855    741
   865    741
   878    741
   879    741
   880    741
   881    741
   915    741
   916    741
   917    741
   918    741
   919    741
   920    741
   932    741
   934    741
   935    741
   952    741
   953    741
   954    741
   955    741
   956    741
   957    741
   959    741
   960    741
   961    741
   962    741
   963    741
   964    741
   965    741
   966    741
   967    741
   968    741
   969    741
   974    741
   975    741
   976    741
   977    741
   978    741
   979    741
   980    741
   981    741
   982    741
   984    741
   985    741
   986    741
   987    741
   988    741
   989    741
   990    741
   991    741
   992    741
   995    741
   996    741
   997    741
   998    741
   832    742
   833    742
   848    742
   849    742
   850    742
   851    742
   914    742
   915    742
   916    742
   917    742
   918    742
   919    742
   920    742
   921    742
   922    742
   930    742
   931    742
   932    742
   933    742
   934    742
   935    742
   936    742
   937    742
   943    742
   944    742
   951    742
   952    742
   957    742
   958    742
   959    742
   960    742
   961    742
   969    742
   970    742
   971    742
   972    742
   973    742
   974    742
   975    742
   976    742
   977    742
   978    742
   979    742
   980    742
   981    742
   982    742
   984    742
   985    742
   986    742
  1010    742
  1011    742
  1012    742
  1013    742
  1014    742
  1015    742
  1016    742
  1017    742
  1018    742
   832    743
   833    743
   850    743
   851    743
   913    743
   914    743
   915    743
   916    743
   917    743
   918    743
   919    743
   920    743
   921    743
   922    743
   927    743
   928    743
   929    743
   930    743
   931    743
   932    743
   936    743
   937    743
   938    743
   939    743
   940    743
   941    743
   942    743
   943    743
   944    743
   945    743
   946    743
   947    743
   948    743
   949    743
   950    743
   956    743
   957    743
   958    743
   962    743
   963    743
   964    743
   965    743
   966    743
   967    743
   969    743
   970    743
   971    743
   972    743
   973    743
   974    743
   983    743
   992    743
   993    743
   994    743
   995    743
   996    743
   997    743
   998    743
   999    743
  1000    743
  1001    743
  1002    743
  1003    743
  1004    743
  1005    743
  1006    743
  1007    743
  1008    743
  1009    743
  1010    743
  1011    743
  1012    743
  1013    743
  1014    743
  1015    743
  1016    743
  1017    743
  1018    743
  1019    743
  1020    743
  1021    743
   832    744
   833    744
   848    744
   849    744
   850    744
   851    744
   912    744
   913    744
   914    744
   915    744
   916    744
   917    744
   918    744
   919    744
   920    744
   921    744
   922    744
   923    744
   924    744
   925    744
   926    744
   927    744
   928    744
   929    744
   931    744
   932    744
   935    744
   947    744
   948    744
   949    744
   950    744
   956    744
   957    744
   970    744
   971    744
   972    744
   973    744
   974    744
   975    744
   977    744
   978    744
   979    744
   980    744
   981    744
   982    744
   983    744
   984    744
   985    744
   986    744
   987    744
   988    744
   989    744
   990    744
   991    744
   992    744
   993    744
   994    744
   995    744
   996    744
   997    744
   998    744
   999    744
  1000    744
  1001    744
  1002    744
  1003    744
  1004    744
  1005    744
  1006    744
  1007    744
  1008    744
  1009    744
  1010    744
  1011    744
  1012    744
  1013    744
  1014    744
  1015    744
  1016    744
  1017    744
  1018    744
  1019    744
  1020    744
  1021    744
  1022    744
  1023    744
   832    745
   833    745
   848    745
   849    745
   850    745
   851    745
   863    745
   912    745
   913    745
   914    745
   915    745
   916    745
   917    745
   918    745
   919    745
   920    745
   921    745
   922    745
   923    745
   924    745
   925    745
   926    745
   927    745
   928    745
   931    745
   932    745
   956    745
   964    745
   965    745
   966    745
   967    745
   968    745
   969    745
   970    745
   971    745
   972    745
   973    745
   974    745
   975    745
   976    745
   977    745
   978    745
   979    745
   980    745
   981    745
   982    745
   983    745
   984    745
   985    745
   986    745
   987    745
   988    745
   989    745
   990    745
   991    745
   992    745
   993    745
   994    745
   995    745
   996    745
   997    745
   998    745
   999    745
  1000    745
  1001    745
  1002    745
  1003    745
  1004    745
  1005    745
  1006    745
  1007    745
  1008    745
  1009    745
  1010    745
  1011    745
  1012    745
  1013    745
  1014    745
  1015    745
  1016    745
  1017    745
  1018    745
  1019    745
  1020    745
  1021    745
  1023    745
   798    746
   799    746
   831    746
   832    746
   833    746
   834    746
   835    746
   836    746
   837    746
   838    746
   839    746
   840    746
   841    746
   842    746
   843    746
   844    746
   845    746
   846    746
   847    746
   848    746
   849    746
   850    746
   851    746
   852    746
   863    746
   864    746
   865    746
   866    746
   867    746
   868    746
   871    746
   872    746
   874    746
   876    746
   877    746
   878    746
   879    746
   881    746
   882    746
   884    746
   885    746
   886    746
   887    746
   888    746
   889    746
   890    746
   904    746
   905    746
   906    746
   907    746
   908    746
   909    746
   910    746
   911    746
   912    746
   913    746
   914    746
   915    746
   916    746
   917    746
   918    746
   919    746
   920    746
   921    746
   922    746
   923    746
   924    746
   925    746
   926    746
   927    746
   928    746
   944    746
   945    746
   946    746
   947    746
   948    746
   949    746
   950    746
   951    746
   952    746
   953    746
   954    746
   955    746
   956    746
   957    746
   958    746
   959    746
   960    746
   961    746
   962    746
   963    746
   964    746
   965    746
   966    746
   967    746
   968    746
   969    746
   970    746
   971    746
   972    746
   973    746
   974    746
   975    746
   976    746
   979    746
   980    746
   981    746
   982    746
   983    746
   984    746
   985    746
   986    746
   987    746
   988    746
   989    746
   990    746
   991    746
   992    746
   993    746
   994    746
   995    746
   996    746
   997    746
   998    746
   999    746
  1000    746
  1001    746
  1002    746
  1003    746
  1004    746
  1005    746
  1006    746
  1007    746
  1008    746
  1009    746
  1012    746
  1013    746
  1014    746
  1015    746
   796    747
   797    747
   798    747
   799    747
   831    747
   832    747
   833    747
   834    747
   835    747
   836    747
   837    747
   838    747
   839    747
   840    747
   841    747
   842    747
   843    747
   844    747
   845    747
   846    747
   847    747
   848    747
   849    747
   850    747
   851    747
   852    747
   860    747
   861    747
   862    747
   863    747
   864    747
   865    747
   866    747
   867    747
   868    747
   869    747
   870    747
   871    747
   872    747
   873    747
   874    747
   875    747
   876    747
   877    747
   878    747
   880    747
   881    747
   882    747
   883    747
   886    747
   887    747
   888    747
   889    747
   890    747
   891    747
   892    747
   893    747
   894    747
   895    747
   896    747
   897    747
   898    747
   899    747
   900    747
   901    747
   902    747
   903    747
   904    747
   905    747
   906    747
   907    747
   908    747
   911    747
   912    747
   913    747
   914    747
   915    747
   916    747
   917    747
   918    747
   919    747
   920    747
   921    747
   922    747
   923    747
   924    747
   925    747
   926    747
   927    747
   928    747
   930    747
   931    747
   932    747
   933    747
   934    747
   935    747
   936    747
   937    747
   944    747
   945    747
   946    747
   947    747
   948    747
   949    747
   950    747
   951    747
   952    747
   953    747
   954    747
   955    747
   956    747
   957    747
   958    747
   959    747
   960    747
   961    747
   962    747
   963    747
   964    747
   965    747
   969    747
   970    747
   971    747
   972    747
   973    747
   974    747
   975    747
   976    747
   977    747
   978    747
   979    747
   980    747
   981    747
   982    747
   983    747
   984    747
   985    747
   986    747
   987    747
   988    747
   989    747
   990    747
   991    747
   992    747
   993    747
   994    747
   995    747
   999    747
  1000    747
  1001    747
  1002    747
  1006    747
  1007    747
  1012    747
  1013    747
  1018    747
  1019    747
  1020    747
  1021    747
  1022    747
  1030    747
   794    748
   795    748
   796    748
   797    748
   798    748
   799    748
   806    748
   807    748
   808    748
   831    748
   832    748
   836    748
   837    748
   838    748
   839    748
   840    748
   841    748
   842    748
   843    748
   844    748
   845    748
   846    748
   847    748
   848    748
   849    748
   850    748
   851    748
   852    748
   853    748
   854    748
   855    748
   856    748
   857    748
   858    748
   859    748
   860    748
   861    748
   862    748
   863    748
   865    748
   866    748
   874    748
   875    748
   877    748
   878    748
   879    748
   893    748
   894    748
   895    748
   896    748
   897    748
   898    748
   899    748
   900    748
   909    748
   910    748
   914    748
   915    748
   916    748
   917    748
   918    748
   919    748
   930    748
   931    748
   932    748
   933    748
   934    748
   935    748
   936    748
   937    748
   938    748
   939    748
   940    748
   941    748
   942    748
   943    748
   944    748
   945    748
   946    748
   947    748
   949    748
   950    748
   951    748
   952    748
   953    748
   954    748
   955    748
   957    748
   958    748
   959    748
   960    748
   961    748
   962    748
   963    748
   964    748
   965    748
   966    748
   967    748
   968    748
   969    748
   970    748
   971    748
   972    748
   973    748
   974    748
   975    748
   976    748
   977    748
   978    748
   979    748
  1008    748
  1009    748
  1012    748
  1013    748
  1015    748
  1016    748
  1017    748
  1018    748
  1019    748
  1020    748
  1021    748
  1022    748
  1023    748
  1024    748
  1025    748
  1026    748
  1027    748
  1028    748
  1029    748
  1030    748
  1031    748
  1032    748
  1033    748
   794    749
   795    749
   796    749
   797    749
   798    749
   799    749
   801    749
   802    749
   804    749
   805    749
   806    749
   807    749
   808    749
   809    749
   810    749
   831    749
   837    749
   838    749
   839    749
   840    749
   841    749
   842    749
   843    749
   844    749
   845    749
   846    749
   847    749
   854    749
   855    749
   856    749
   857    749
   858    749
   859    749
   860    749
   861    749
   862    749
   863    749
   864    749
   865    749
   866    749
   867    749
   868    749
   869    749
   870    749
   871    749
   922    749
   923    749
   924    749
   931    749
   932    749
   933    749
   934    749
   935    749
   936    749
   937    749
   938    749
   939    749
   940    749
   941    749
   942    749
   943    749
   944    749
   951    749
   952    749
   953    749
   954    749
   955    749
   956    749
   957    749
   958    749
   960    749
   962    749
   963    749
   964    749
   965    749
   966    749
   967    749
   968    749
   969    749
   970    749
   971    749
   972    749
   973    749
   974    749
   996    749
   997    749
   998    749
   999    749
  1000    749
  1001    749
  1002    749
  1003    749
  1004    749
  1005    749
  1008    749
  1009    749
  1010    749
  1011    749
  1012    749
  1013    749
  1014    749
  1015    749
  1016    749
  1017    749
  1018    749
  1019    749
  1020    749
  1023    749
  1024    749
  1025    749
  1026    749
  1027    749
  1028    749
  1030    749
  1031    749
  1032    749
  1033    749
   796    750
   797    750
   798    750
   799    750
   800    750
   801    750
   802    750
   803    750
   804    750
   805    750
   806    750
   807    750
   808    750
   809    750
   810    750
   811    750
   812    750
   813    750
   814    750
   815    750
   831    750
   840    750
   841    750
   842    750
   843    750
   844    750
   845    750
   846    750
   847    750
   848    750
   849    750
   850    750
   851    750
   852    750
   853    750
   854    750
   876    750
   877    750
   878    750
   879    750
   880    750
   881    750
   882    750
   883    750
   884    750
   885    750
   886    750
   887    750
   888    750
   889    750
   890    750
   891    750
   892    750
   893    750
   894    750
   895    750
   907    750
   908    750
   909    750
   910    750
   911    750
   912    750
   913    750
   914    750
   925    750
   926    750
   927    750
   928    750
   929    750
   937    750
   978    750
   987    750
   990    750
   991    750
   992    750
   993    750
   994    750
   995    750
   996    750
   997    750
  1002    750
  1006    750
  1007    750
  1008    750
  1009    750
  1010    750
  1011    750
  1012    750
  1013    750
  1014    750
  1015    750
  1016    750
  1017    750
  1018    750
  1019    750
  1020    750
  1021    750
  1022    750
  1023    750
  1026    750
  1029    750
  1030    750
  1031    750
  1032    750
  1033    750
  1034    750
  1035    750
   788    751
   789    751
   790    751
   791    751
   792    751
   793    751
   794    751
   795    751
   796    751
   797    751
   798    751
   799    751
   800    751
   801    751
   816    751
   817    751
   818    751
   819    751
   820    751
   821    751
   822    751
   823    751
   824    751
   825    751
   826    751
   827    751
   828    751
   829    751
   830    751
   859    751
   860    751
   861    751
   862    751
   863    751
   864    751
   865    751
   866    751
   867    751
   868    751
   869    751
   870    751
   871    751
   872    751
   873    751
   874    751
   875    751
   876    751
   877    751
   878    751
   879    751
   880    751
   881    751
   882    751
   883    751
   884    751
   885    751
   886    751
   887    751
   888    751
   889    751
   890    751
   891    751
   892    751
   893    751
   894    751
   895    751
   896    751
   897    751
   898    751
   899    751
   900    751
   901    751
   902    751
   903    751
   904    751
   905    751
   906    751
   907    751
   908    751
   909    751
   910    751
   911    751
   912    751
   913    751
   914    751
   915    751
   941    751
   942    751
   943    751
   946    751
   947    751
   948    751
   949    751
   950    751
   960    751
   961    751
   962    751
   963    751
   964    751
   965    751
   966    751
   967    751
   968    751
   970    751
   972    751
   973    751
   974    751
   975    751
   976    751
   978    751
   979    751
   980    751
   981    751
   982    751
   983    751
   984    751
   985    751
   986    751
   987    751
   988    751
   989    751
   990    751
   991    751
   992    751
   995    751
  1008    751
  1009    751
  1010    751
  1011    751
  1012    751
  1013    751
  1014    751
  1015    751
  1016    751
  1017    751
  1018    751
  1019    751
  1020    751
  1021    751
  1022    751
  1023    751
  1028    751
  1029    751
  1030    751
  1031    751
  1032    751
  1033    751
  1034    751
  1035    751
   790    752
   791    752
   792    752
   793    752
   798    752
   799    752
   800    752
   801    752
   803    752
   804    752
   807    752
   840    752
   841    752
   844    752
   846    752
   847    752
   848    752
   849    752
   850    752
   851    752
   852    752
   853    752
   854    752
   855    752
   856    752
   857    752
   858    752
   859    752
   860    752
   861    752
   862    752
   863    752
   864    752
   865    752
   866    752
   867    752
   868    752
   869    752
   870    752
   871    752
   872    752
   873    752
   874    752
   875    752
   876    752
   878    752
   879    752
   880    752
   881    752
   882    752
   883    752
   884    752
   885    752
   886    752
   887    752
   888    752
   889    752
   890    752
   891    752
   892    752
   893    752
   894    752
   895    752
   896    752
   897    752
   898    752
   899    752
   900    752
   901    752
   902    752
   903    752
   904    752
   905    752
   906    752
   907    752
   908    752
   909    752
   910    752
   911    752
   916    752
   917    752
   918    752
   919    752
   928    752
   929    752
   930    752
   931    752
   932    752
   933    752
   934    752
   937    752
   938    752
   939    752
   940    752
   941    752
   942    752
   943    752
   944    752
   945    752
   946    752
   947    752
   948    752
   949    752
   950    752
   951    752
   952    752
   953    752
   954    752
   956    752
   957    752
   958    752
   959    752
   967    752
   969    752
   970    752
   971    752
   972    752
   973    752
   974    752
   986    752
   987    752
   988    752
   989    752
   990    752
   991    752
  1007    752
  1008    752
  1009    752
  1010    752
  1011    752
  1012    752
  1013    752
  1014    752
  1015    752
  1016    752
  1017    752
  1018    752
  1019    752
  1020    752
  1021    752
  1022    752
  1023    752
  1024    752
  1025    752
  1026    752
  1027    752
  1040    752
  1041    752
  1042    752
  1043    752
   804    753
   805    753
   806    753
   807    753
   808    753
   809    753
   810    753
   811    753
   813    753
   815    753
   816    753
   817    753
   818    753
   819    753
   820    753
   821    753
   822    753
   823    753
   824    753
   825    753
   826    753
   827    753
   828    753
   829    753
   830    753
   831    753
   832    753
   833    753
   834    753
   835    753
   836    753
   837    753
   838    753
   839    753
   840    753
   841    753
   842    753
   843    753
   844    753
   845    753
   846    753
   847    753
   848    753
   849    753
   850    753
   851    753
   852    753
   853    753
   854    753
   855    753
   856    753
   857    753
   858    753
   859    753
   860    753
   861    753
   862    753
   863    753
   864    753
   865    753
   866    753
   867    753
   868    753
   869    753
   870    753
   871    753
   872    753
   873    753
   874    753
   875    753
   876    753
   877    753
   880    753
   881    753
   882    753
   883    753
   884    753
   885    753
   886    753
   887    753
   888    753
   889    753
   890    753
   891    753
   892    753
   893    753
   894    753
   895    753
   896    753
   897    753
   898    753
   899    753
   900    753
   901    753
   902    753
   913    753
   914    753
   915    753
   916    753
   919    753
   929    753
   930    753
   931    753
   932    753
   933    753
   934    753
   935    753
   936    753
   937    753
   938    753
   939    753
   940    753
   941    753
   942    753
   943    753
   944    753
   945    753
   946    753
   947    753
   948    753
   949    753
   950    753
   951    753
   952    753
   953    753
   954    753
   955    753
   956    753
   957    753
   958    753
   959    753
   986    753
   987    753
   988    753
   989    753
   990    753
   991    753
   992    753
  1004    753
  1005    753
  1006    753
  1007    753
  1008    753
  1009    753
  1010    753
  1011    753
  1012    753
  1013    753
  1014    753
  1015    753
  1016    753
  1017    753
  1018    753
  1019    753
  1020    753
  1021    753
  1022    753
  1023    753
  1024    753
  1025    753
  1026    753
  1027    753
  1040    753
  1041    753
  1042    753
  1043    753
  1044    753
  1045    753
  1046    753
   802    754
   803    754
   804    754
   805    754
   806    754
   807    754
   808    754
   809    754
   810    754
   811    754
   812    754
   813    754
   814    754
   815    754
   816    754
   817    754
   818    754
   819    754
   820    754
   821    754
   822    754
   823    754
   824    754
   825    754
   826    754
   827    754
   828    754
   829    754
   830    754
   831    754
   832    754
   833    754
   834    754
   835    754
   836    754
   837    754
   838    754
   839    754
   840    754
   841    754
   842    754
   843    754
   844    754
   845    754
   846    754
   847    754
   848    754
   849    754
   850    754
   851    754
   852    754
   853    754
   854    754
   855    754
   856    754
   857    754
   858    754
   859    754
   860    754
   862    754
   863    754
   864    754
   865    754
   866    754
   867    754
   868    754
   869    754
   873    754
   874    754
   875    754
   876    754
   877    754
   878    754
   879    754
   880    754
   881    754
   882    754
   883    754
   884    754
   885    754
   886    754
   887    754
   888    754
   889    754
   890    754
   891    754
   892    754
   912    754
   913    754
   914    754
   915    754
   916    754
   930    754
   931    754
   932    754
   933    754
   934    754
   935    754
   936    754
   937    754
   938    754
   939    754
   940    754
   941    754
   942    754
   943    754
   944    754
   945    754
   946    754
   947    754
   948    754
   949    754
   950    754
   951    754
   974    754
   975    754
   986    754
   987    754
   988    754
   989    754
   990    754
   991    754
   992    754
  1002    754
  1003    754
  1004    754
  1005    754
  1006    754
  1007    754
  1008    754
  1016    754
  1017    754
  1018    754
  1019    754
  1020    754
  1021    754
  1022    754
  1023    754
  1024    754
  1039    754
  1040    754
  1041    754
  1042    754
  1043    754
  1044    754
  1045    754
  1046    754
  1047    754
   781    755
   782    755
   783    755
   784    755
   785    755
   786    755
   787    755
   788    755
   789    755
   790    755
   791    755
   793    755
   794    755
   796    755
   798    755
   799    755
   800    755
   801    755
   802    755
   803    755
   804    755
   805    755
   806    755
   807    755
   808    755
   809    755
   810    755
   811    755
   812    755
   813    755
   814    755
   815    755
   816    755
   817    755
   818    755
   819    755
   820    755
   821    755
   822    755
   823    755
   824    755
   825    755
   826    755
   827    755
   828    755
   829    755
   830    755
   831    755
   832    755
   833    755
   834    755
   835    755
   836    755
   837    755
   838    755
   839    755
   840    755
   841    755
   842    755
   843    755
   844    755
   845    755
   846    755
   847    755
   848    755
   852    755
   853    755
   854    755
   855    755
   859    755
   860    755
   861    755
   862    755
   863    755
   864    755
   865    755
   866    755
   867    755
   903    755
   907    755
   911    755
   912    755
   913    755
   914    755
   915    755
   916    755
   917    755
   931    755
   932    755
   933    755
   934    755
   935    755
   936    755
   937    755
   938    755
   939    755
   940    755
   941    755
   942    755
   943    755
   944    755
   945    755
   946    755
   947    755
   948    755
   949    755
   950    755
   951    755
   974    755
   975    755
   986    755
   987    755
   988    755
   989    755
   990    755
   991    755
   992    755
  1002    755
  1003    755
  1004    755
  1005    755
  1006    755
  1007    755
  1008    755
  1015    755
  1016    755
  1017    755
  1018    755
  1019    755
  1020    755
  1021    755
  1022    755
  1023    755
  1040    755
  1041    755
  1042    755
  1043    755
  1044    755
  1045    755
  1046    755
  1047    755
  1048    755
   778    756
   779    756
   780    756
   781    756
   782    756
   783    756
   784    756
   785    756
   786    756
   787    756
   788    756
   789    756
   790    756
   791    756
   792    756
   793    756
   794    756
   795    756
   796    756
   797    756
   798    756
   799    756
   800    756
   801    756
   802    756
   803    756
   804    756
   805    756
   806    756
   807    756
   808    756
   809    756
   810    756
   811    756
   812    756
   813    756
   814    756
   815    756
   816    756
   817    756
   818    756
   819    756
   820    756
   821    756
   822    756
   823    756
   824    756
   825    756
   826    756
   827    756
   828    756
   829    756
   830    756
   831    756
   832    756
   833    756
   834    756
   835    756
   836    756
   837    756
   838    756
   839    756
   840    756
   841    756
   842    756
   843    756
   844    756
   845    756
   846    756
   847    756
   848    756
   849    756
   850    756
   851    756
   872    756
   873    756
   874    756
   875    756
   876    756
   877    756
   878    756
   879    756
   880    756
   881    756
   882    756
   883    756
   884    756
   885    756
   886    756
   895    756
   896    756
   897    756
   898    756
   899    756
   900    756
   901    756
   902    756
   903    756
   904    756
   905    756
   906    756
   907    756
   908    756
   909    756
   910    756
   911    756
   912    756
   913    756
   914    756
   915    756
   916    756
   917    756
   918    756
   919    756
   939    756
   986    756
   987    756
   988    756
   989    756
   990    756
   991    756
  1002    756
  1003    756
  1004    756
  1005    756
  1006    756
  1007    756
  1008    756
  1020    756
  1021    756
  1022    756
  1023    756
  1040    756
  1041    756
  1042    756
  1043    756
  1044    756
  1045    756
  1046    756
  1047    756
   776    757
   777    757
   778    757
   779    757
   780    757
   781    757
   782    757
   783    757
   784    757
   785    757
   786    757
   787    757
   788    757
   789    757
   790    757
   791    757
   792    757
   793    757
   794    757
   795    757
   796    757
   797    757
   798    757
   799    757
   800    757
   801    757
   802    757
   803    757
   804    757
   805    757
   806    757
   807    757
   808    757
   809    757
   810    757
   811    757
   812    757
   813    757
   814    757
   815    757
   816    757
   817    757
   818    757
   819    757
   820    757
   821    757
   822    757
   823    757
   824    757
   825    757
   826    757
   827    757
   828    757
   829    757
   830    757
   831    757
   832    757
   833    757
   834    757
   835    757
   836    757
   856    757
   858    757
   860    757
   861    757
   862    757
   863    757
   864    757
   865    757
   866    757
   867    757
   868    757
   869    757
   870    757
   871    757
   872    757
   873    757
   874    757
   875    757
   876    757
   877    757
   878    757
   879    757
   883    757
   884    757
   885    757
   886    757
   887    757
   888    757
   889    757
   890    757
   891    757
   892    757
   893    757
   894    757
   895    757
   896    757
   912    757
   913    757
   914    757
   915    757
   916    757
   917    757
   919    757
   920    757
   933    757
   934    757
   986    757
   987    757
   988    757
   989    757
   990    757
   991    757
  1002    757
  1003    757
  1004    757
  1005    757
  1006    757
  1007    757
  1020    757
  1021    757
  1022    757
  1023    757
  1040    757
  1041    757
  1042    757
  1043    757
  1044    757
  1045    757
  1046    757
  1047    757
   775    758
   776    758
   777    758
   778    758
   794    758
   795    758
   796    758
   797    758
   798    758
   799    758
   800    758
   801    758
   802    758
   803    758
   804    758
   805    758
   806    758
   807    758
   808    758
   809    758
   810    758
   846    758
   847    758
   848    758
   849    758
   850    758
   851    758
   852    758
   853    758
   854    758
   855    758
   857    758
   893    758
   912    758
   913    758
   914    758
   915    758
   916    758
   917    758
   932    758
   933    758
   934    758
   935    758
   936    758
   937    758
   938    758
   939    758
   988    758
   989    758
   990    758
   991    758
   992    758
  1004    758
  1005    758
  1006    758
  1007    758
  1040    758
  1041    758
  1042    758
  1043    758
  1044    758
  1045    758
  1046    758
  1047    758
  1048    758
  1049    758
  1050    758
  1051    758
  1052    758
  1053    758
  1054    758
  1055    758
  1056    758
  1057    758
  1058    758
   793    759
   818    759
   819    759
   820    759
   821    759
   822    759
   823    759
   824    759
   825    759
   826    759
   827    759
   828    759
   829    759
   830    759
   831    759
   839    759
   840    759
   841    759
   842    759
   843    759
   844    759
   845    759
   846    759
   847    759
   848    759
   849    759
   913    759
   914    759
   915    759
   916    759
   917    759
   932    759
   933    759
   934    759
   935    759
   936    759
   937    759
   938    759
   939    759
   988    759
   989    759
   990    759
   991    759
  1004    759
  1005    759
  1006    759
  1007    759
  1040    759
  1041    759
  1042    759
  1043    759
  1044    759
  1045    759
  1046    759
  1047    759
  1048    759
  1049    759
  1050    759
  1051    759
  1052    759
  1053    759
  1054    759
  1055    759
  1056    759
  1057    759
  1058    759
  1059    759
  1060    759
  1061    759
   770    760
   771    760
   772    760
   773    760
   774    760
   775    760
   776    760
   777    760
   778    760
   779    760
   780    760
   781    760
   782    760
   783    760
   785    760
   786    760
   787    760
   788    760
   789    760
   790    760
   791    760
   792    760
   803    760
   804    760
   805    760
   806    760
   807    760
   808    760
   809    760
   812    760
   813    760
   814    760
   815    760
   816    760
   817    760
   818    760
   819    760
   820    760
   821    760
   822    760
   823    760
   832    760
   833    760
   834    760
   835    760
   836    760
   837    760
   838    760
   839    760
   840    760
   843    760
   845    760
   932    760
   933    760
   934    760
   935    760
   936    760
   937    760
   938    760
   939    760
   990    760
   991    760
   992    760
  1006    760
  1007    760
  1024    760
  1025    760
  1038    760
  1039    760
  1046    760
  1047    760
  1048    760
  1049    760
  1050    760
  1051    760
  1052    760
  1060    760
  1061    760
  1062    760
  1063    760
  1064    760
   774    761
   775    761
   776    761
   777    761
   780    761
   781    761
   782    761
   784    761
   785    761
   786    761
   787    761
   788    761
   789    761
   790    761
   791    761
   792    761
   793    761
   794    761
   799    761
   800    761
   801    761
   802    761
   803    761
   804    761
   807    761
   808    761
   809    761
   810    761
   811    761
   812    761
   813    761
   814    761
   815    761
   816    761
   817    761
   818    761
   932    761
   933    761
   934    761
   935    761
   936    761
   937    761
   938    761
   939    761
   990    761
   991    761
  1006    761
  1007    761
  1024    761
  1025    761
  1037    761
  1038    761
  1039    761
  1046    761
  1047    761
  1048    761
  1049    761
  1050    761
  1051    761
  1052    761
  1054    761
  1060    761
  1061    761
  1062    761
  1063    761
  1064    761
  1065    761
  1066    761
   792    762
   793    762
   794    762
   795    762
   796    762
   797    762
   798    762
   799    762
   800    762
   808    762
   809    762
   810    762
   811    762
   812    762
   813    762
   814    762
   815    762
   816    762
   817    762
   932    762
   933    762
   934    762
   935    762
   936    762
   937    762
   938    762
   939    762
  1024    762
  1025    762
  1026    762
  1027    762
  1035    762
  1036    762
  1037    762
  1038    762
  1039    762
  1045    762
  1046    762
  1047    762
  1048    762
  1049    762
  1050    762
  1051    762
  1052    762
  1053    762
  1054    762
  1055    762
  1064    762
  1065    762
  1066    762
  1067    762
  1068    762
  1069    762
   792    763
   793    763
   794    763
   795    763
   796    763
   797    763
   798    763
   799    763
   808    763
   809    763
   810    763
   811    763
   812    763
   813    763
   814    763
   815    763
   816    763
   817    763
   818    763
   819    763
   931    763
   932    763
   933    763
   935    763
   936    763
   937    763
   938    763
   939    763
   940    763
  1024    763
  1025    763
  1026    763
  1027    763
  1035    763
  1036    763
  1037    763
  1038    763
  1039    763
  1040    763
  1046    763
  1047    763
  1048    763
  1049    763
  1050    763
  1051    763
  1052    763
  1053    763
  1054    763
  1055    763
  1056    763
  1064    763
  1065    763
  1066    763
  1067    763
  1068    763
  1069    763
  1070    763
  1071    763
   794    764
   795    764
   796    764
   797    764
   798    764
   799    764
   809    764
   810    764
   811    764
   812    764
   813    764
   814    764
   815    764
   816    764
   817    764
   818    764
   819    764
   820    764
   821    764
   822    764
   931    764
   932    764
   933    764
   934    764
   935    764
   936    764
   937    764
   938    764
   939    764
   992    764
   993    764
   994    764
   995    764
   996    764
   997    764
   998    764
   999    764
  1000    764
  1001    764
  1002    764
  1003    764
  1004    764
  1005    764
  1006    764
  1007    764
  1023    764
  1024    764
  1025    764
  1026    764
  1027    764
  1029    764
  1030    764
  1031    764
  1032    764
  1033    764
  1034    764
  1035    764
  1036    764
  1037    764
  1038    764
  1039    764
  1040    764
  1046    764
  1047    764
  1048    764
  1049    764
  1050    764
  1051    764
  1052    764
  1053    764
  1054    764
  1055    764
  1056    764
  1070    764
  1071    764
  1072    764
  1073    764
  1074    764
   794    765
   795    765
   796    765
   797    765
   798    765
   799    765
   810    765
   811    765
   812    765
   813    765
   814    765
   815    765
   816    765
   817    765
   818    765
   819    765
   820    765
   821    765
   932    765
   933    765
   934    765
   935    765
   936    765
   937    765
   938    765
   939    765
   992    765
   993    765
   994    765
   995    765
   996    765
   997    765
   998    765
   999    765
  1000    765
  1001    765
  1002    765
  1003    765
  1004    765
  1005    765
  1006    765
  1007    765
  1023    765
  1024    765
  1025    765
  1026    765
  1027    765
  1028    765
  1029    765
  1030    765
  1031    765
  1032    765
  1033    765
  1034    765
  1035    765
  1036    765
  1037    765
  1038    765
  1039    765
  1040    765
  1045    765
  1046    765
  1047    765
  1048    765
  1049    765
  1050    765
  1051    765
  1052    765
  1053    765
  1054    765
  1055    765
  1056    765
  1071    765
  1072    765
  1073    765
  1074    765
  1075    765
   795    766
   796    766
   797    766
   798    766
   799    766
   810    766
   811    766
   813    766
   815    766
   816    766
   817    766
   818    766
   819    766
   932    766
   933    766
   934    766
   935    766
   936    766
   937    766
   938    766
   939    766
   940    766
   942    766
   943    766
   991    766
   992    766
   993    766
   994    766
   995    766
   996    766
   997    766
   998    766
   999    766
  1000    766
  1001    766
  1002    766
  1003    766
  1004    766
  1005    766
  1006    766
  1007    766
  1008    766
  1023    766
  1024    766
  1025    766
  1026    766
  1027    766
  1028    766
  1029    766
  1030    766
  1031    766
  1032    766
  1033    766
  1034    766
  1035    766
  1036    766
  1037    766
  1039    766
  1040    766
  1046    766
  1047    766
  1048    766
  1049    766
  1050    766
  1051    766
  1052    766
  1055    766
  1056    766
  1071    766
  1072    766
  1073    766
  1074    766
  1075    766
  1076    766
   771    767
   772    767
   773    767
   776    767
   777    767
   795    767
   796    767
   797    767
   798    767
   932    767
   933    767
   934    767
   935    767
   936    767
   937    767
   938    767
   939    767
   943    767
   992    767
   993    767
   994    767
   995    767
   996    767
   997    767
   998    767
   999    767
  1000    767
  1001    767
  1002    767
  1003    767
  1004    767
  1005    767
  1006    767
  1007    767
  1019    767
  1020    767
  1021    767
  1022    767
  1023    767
  1024    767
  1025    767
  1026    767
  1027    767
  1028    767
  1029    767
  1030    767
  1031    767
  1032    767
  1033    767
  1034    767
  1035    767
  1036    767
  1037    767
  1038    767
  1039    767
  1040    767
  1045    767
  1046    767
  1047    767
  1048    767
  1049    767
  1050    767
  1051    767
  1052    767
  1053    767
  1054    767
  1055    767
  1063    767
  1064    767
  1071    767
  1072    767
  1073    767
  1074    767
  1075    767
  1080    767
  1081    767
   770    768
   771    768
   772    768
   773    768
   774    768
   775    768
   776    768
   777    768
   778    768
   779    768
   780    768
   781    768
   782    768
   783    768
   784    768
   785    768
   786    768
   787    768
   788    768
   929    768
   992    768
   995    768
   996    768
   997    768
  1012    768
  1013    768
  1014    768
  1015    768
  1016    768
  1017    768
  1018    768
  1019    768
  1020    768
  1021    768
  1022    768
  1023    768
  1024    768
  1025    768
  1026    768
  1027    768
  1028    768
  1029    768
  1030    768
  1031    768
  1039    768
  1040    768
  1041    768
  1042    768
  1043    768
  1044    768
  1045    768
  1046    768
  1047    768
  1048    768
  1049    768
  1050    768
  1051    768
  1052    768
  1053    768
  1054    768
  1055    768
  1059    768
  1060    768
  1061    768
  1062    768
  1063    768
  1064    768
  1065    768
  1066    768
  1067    768
  1068    768
  1071    768
  1072    768
  1073    768
  1074    768
  1075    768
  1076    768
  1077    768
  1080    768
  1081    768
  1082    768
   770    769
   771    769
   772    769
   773    769
   774    769
   775    769
   776    769
   777    769
   778    769
   779    769
   780    769
   783    769
   784    769
   785    769
   786    769
   787    769
   928    769
   929    769
   992    769
   993    769
   994    769
   996    769
   997    769
  1012    769
  1013    769
  1014    769
  1015    769
  1016    769
  1017    769
  1018    769
  1019    769
  1020    769
  1023    769
  1024    769
  1025    769
  1026    769
  1027    769
  1028    769
  1039    769
  1040    769
  1041    769
  1042    769
  1043    769
  1044    769
  1045    769
  1046    769
  1047    769
  1048    769
  1049    769
  1050    769
  1051    769
  1052    769
  1053    769
  1054    769
  1055    769
  1059    769
  1060    769
  1061    769
  1062    769
  1063    769
  1064    769
  1065    769
  1066    769
  1067    769
  1068    769
  1071    769
  1072    769
  1073    769
  1074    769
  1075    769
  1076    769
  1080    769
  1081    769
  1082    769
   763    770
   770    770
   771    770
   772    770
   773    770
   774    770
   776    770
   777    770
   783    770
   927    770
   928    770
   929    770
  1011    770
  1012    770
  1013    770
  1014    770
  1015    770
  1018    770
  1019    770
  1020    770
  1023    770
  1024    770
  1025    770
  1026    770
  1027    770
  1028    770
  1029    770
  1039    770
  1040    770
  1041    770
  1042    770
  1043    770
  1044    770
  1045    770
  1046    770
  1047    770
  1048    770
  1049    770
  1050    770
  1051    770
  1052    770
  1053    770
  1054    770
  1055    770
  1056    770
  1058    770
  1059    770
  1060    770
  1061    770
  1062    770
  1063    770
  1064    770
  1065    770
  1066    770
  1067    770
  1068    770
  1070    770
  1071    770
  1072    770
  1073    770
  1074    770
  1075    770
  1076    770
  1077    770
  1078    770
  1079    770
  1080    770
  1084    770
  1085    770
  1086    770
  1087    770
  1088    770
  1089    770
   769    771
   770    771
   771    771
   772    771
   773    771
   774    771
   928    771
   929    771
  1011    771
  1012    771
  1013    771
  1014    771
  1015    771
  1018    771
  1019    771
  1020    771
  1023    771
  1024    771
  1025    771
  1026    771
  1027    771
  1028    771
  1029    771
  1030    771
  1039    771
  1040    771
  1041    771
  1042    771
  1043    771
  1044    771
  1045    771
  1046    771
  1047    771
  1048    771
  1049    771
  1050    771
  1051    771
  1052    771
  1053    771
  1054    771
  1055    771
  1056    771
  1057    771
  1058    771
  1059    771
  1060    771
  1061    771
  1062    771
  1064    771
  1065    771
  1066    771
  1067    771
  1068    771
  1069    771
  1070    771
  1071    771
  1072    771
  1073    771
  1074    771
  1075    771
  1076    771
  1077    771
  1078    771
  1079    771
  1082    771
  1083    771
  1084    771
  1085    771
  1086    771
  1087    771
  1088    771
  1089    771
  1090    771
  1091    771
   780    772
   781    772
   782    772
   783    772
   784    772
  1012    772
  1013    772
  1014    772
  1015    772
  1016    772
  1017    772
  1018    772
  1019    772
  1020    772
  1021    772
  1022    772
  1023    772
  1024    772
  1025    772
  1026    772
  1039    772
  1040    772
  1041    772
  1042    772
  1043    772
  1044    772
  1047    772
  1048    772
  1049    772
  1051    772
  1052    772
  1053    772
  1054    772
  1055    772
  1056    772
  1057    772
  1058    772
  1059    772
  1060    772
  1061    772
  1062    772
  1063    772
  1064    772
  1065    772
  1066    772
  1067    772
  1068    772
  1069    772
  1070    772
  1071    772
  1072    772
  1073    772
  1074    772
  1075    772
  1076    772
  1080    772
  1081    772
  1082    772
  1083    772
  1084    772
  1085    772
  1086    772
  1087    772
  1088    772
  1089    772
  1090    772
  1091    772
  1092    772
  1093    772
  1094    772
   772    773
   773    773
   774    773
   775    773
   776    773
   778    773
   779    773
   780    773
   781    773
   782    773
   783    773
   784    773
   785    773
   786    773
   787    773
   788    773
   789    773
   790    773
   791    773
   796    773
   797    773
   798    773
   799    773
  1012    773
  1013    773
  1014    773
  1015    773
  1017    773
  1018    773
  1019    773
  1020    773
  1021    773
  1022    773
  1023    773
  1024    773
  1025    773
  1028    773
  1035    773
  1037    773
  1039    773
  1040    773
  1041    773
  1042    773
  1043    773
  1044    773
  1046    773
  1047    773
  1048    773
  1049    773
  1050    773
  1051    773
  1052    773
  1053    773
  1054    773
  1055    773
  1056    773
  1058    773
  1059    773
  1060    773
  1061    773
  1062    773
  1063    773
  1064    773
  1065    773
  1066    773
  1067    773
  1068    773
  1078    773
  1079    773
  1080    773
  1081    773
  1082    773
  1083    773
  1084    773
  1085    773
  1086    773
  1087    773
  1088    773
  1089    773
  1090    773
  1091    773
  1092    773
  1093    773
  1094    773
  1095    773
  1096    773
   764    774
   765    774
   766    774
   767    774
   768    774
   769    774
   770    774
   771    774
   772    774
   773    774
   774    774
   775    774
   776    774
   777    774
   778    774
   779    774
   781    774
   782    774
   783    774
   784    774
   785    774
   786    774
   787    774
   788    774
   789    774
   790    774
   796    774
   797    774
   798    774
   799    774
   934    774
   935    774
   944    774
   945    774
   946    774
   947    774
   948    774
   949    774
  1012    774
  1013    774
  1014    774
  1015    774
  1016    774
  1017    774
  1018    774
  1019    774
  1020    774
  1021    774
  1022    774
  1023    774
  1024    774
  1025    774
  1033    774
  1034    774
  1035    774
  1036    774
  1037    774
  1038    774
  1039    774
  1040    774
  1041    774
  1042    774
  1043    774
  1044    774
  1045    774
  1046    774
  1047    774
  1048    774
  1049    774
  1050    774
  1051    774
  1052    774
  1053    774
  1054    774
  1055    774
  1056    774
  1057    774
  1059    774
  1060    774
  1061    774
  1062    774
  1065    774
  1066    774
  1067    774
  1068    774
  1076    774
  1077    774
  1078    774
  1079    774
  1080    774
  1081    774
  1082    774
  1083    774
  1084    774
  1085    774
  1086    774
  1087    774
  1088    774
  1089    774
  1090    774
  1091    774
  1092    774
  1093    774
  1094    774
  1095    774
  1096    774
  1097    774
  1098    774
  1099    774
   934    775
   935    775
   936    775
   944    775
   945    775
   946    775
   947    775
   948    775
   949    775
   950    775
  1012    775
  1013    775
  1014    775
  1015    775
  1016    775
  1017    775
  1018    775
  1019    775
  1020    775
  1021    775
  1022    775
  1023    775
  1024    775
  1031    775
  1032    775
  1033    775
  1034    775
  1035    775
  1036    775
  1037    775
  1038    775
  1039    775
  1040    775
  1041    775
  1042    775
  1043    775
  1044    775
  1045    775
  1046    775
  1047    775
  1048    775
  1049    775
  1050    775
  1051    775
  1052    775
  1054    775
  1055    775
  1056    775
  1059    775
  1060    775
  1061    775
  1064    775
  1065    775
  1066    775
  1067    775
  1071    775
  1072    775
  1073    775
  1074    775
  1075    775
  1076    775
  1077    775
  1078    775
  1079    775
  1080    775
  1081    775
  1082    775
  1083    775
  1084    775
  1085    775
  1086    775
  1087    775
  1088    775
  1089    775
  1090    775
  1091    775
  1092    775
  1093    775
  1094    775
  1095    775
  1097    775
  1098    775
  1099    775
  1100    775
  1101    775
   933    776
   934    776
   935    776
   936    776
   937    776
   938    776
   939    776
   940    776
   946    776
   947    776
   948    776
  1012    776
  1013    776
  1014    776
  1015    776
  1016    776
  1019    776
  1020    776
  1021    776
  1022    776
  1023    776
  1024    776
  1029    776
  1030    776
  1031    776
  1032    776
  1033    776
  1034    776
  1035    776
  1036    776
  1037    776
  1038    776
  1039    776
  1040    776
  1051    776
  1052    776
  1053    776
  1054    776
  1055    776
  1056    776
  1057    776
  1058    776
  1059    776
  1060    776
  1061    776
  1062    776
  1063    776
  1064    776
  1068    776
  1069    776
  1070    776
  1071    776
  1072    776
  1073    776
  1074    776
  1075    776
  1076    776
  1077    776
  1078    776
  1079    776
  1080    776
  1081    776
  1082    776
  1083    776
  1084    776
  1085    776
  1086    776
  1087    776
  1088    776
  1089    776
  1090    776
  1091    776
  1092    776
  1093    776
  1094    776
  1095    776
  1096    776
  1097    776
  1098    776
  1099    776
  1100    776
  1101    776
  1102    776
  1103    776
  1104    776
   934    777
   935    777
   936    777
   937    777
   938    777
   939    777
   949    777
  1011    777
  1012    777
  1013    777
  1014    777
  1015    777
  1016    777
  1019    777
  1020    777
  1021    777
  1022    777
  1023    777
  1024    777
  1025    777
  1026    777
  1027    777
  1028    777
  1029    777
  1030    777
  1031    777
  1032    777
  1033    777
  1034    777
  1035    777
  1036    777
  1037    777
  1038    777
  1039    777
  1040    777
  1051    777
  1052    777
  1053    777
  1054    777
  1055    777
  1056    777
  1057    777
  1058    777
  1059    777
  1060    777
  1061    777
  1062    777
  1063    777
  1065    777
  1066    777
  1067    777
  1068    777
  1069    777
  1070    777
  1071    777
  1072    777
  1073    777
  1074    777
  1075    777
  1076    777
  1077    777
  1078    777
  1079    777
  1080    777
  1081    777
  1082    777
  1083    777
  1084    777
  1085    777
  1086    777
  1087    777
  1088    777
  1089    777
  1090    777
  1091    777
  1092    777
  1093    777
  1094    777
  1095    777
  1096    777
  1097    777
  1098    777
  1099    777
  1100    777
  1101    777
  1102    777
  1103    777
  1104    777
  1105    777
  1106    777
   934    778
   935    778
   936    778
   937    778
   938    778
   939    778
   940    778
   947    778
   948    778
   949    778
  1011    778
  1012    778
  1013    778
  1014    778
  1015    778
  1016    778
  1020    778
  1021    778
  1022    778
  1023    778
  1024    778
  1025    778
  1026    778
  1027    778
  1028    778
  1029    778
  1030    778
  1031    778
  1032    778
  1033    778
  1034    778
  1035    778
  1036    778
  1037    778
  1038    778
  1039    778
  1040    778
  1051    778
  1052    778
  1053    778
  1054    778
  1055    778
  1056    778
  1057    778
  1058    778
  1059    778
  1060    778
  1064    778
  1065    778
  1066    778
  1067    778
  1068    778
  1069    778
  1070    778
  1071    778
  1072    778
  1073    778
  1074    778
  1075    778
  1076    778
  1077    778
  1078    778
  1079    778
  1080    778
  1081    778
  1082    778
  1083    778
  1084    778
  1085    778
  1086    778
  1087    778
  1088    778
  1091    778
  1092    778
  1093    778
  1094    778
  1095    778
  1096    778
  1097    778
  1098    778
  1099    778
  1100    778
  1101    778
  1102    778
  1103    778
  1104    778
  1105    778
  1106    778
  1107    778
  1108    778
  1109    778
   933    779
   934    779
   935    779
   936    779
   937    779
   938    779
   939    779
   948    779
   949    779
   950    779
  1012    779
  1013    779
  1014    779
  1015    779
  1016    779
  1021    779
  1022    779
  1023    779
  1024    779
  1025    779
  1026    779
  1027    779
  1028    779
  1029    779
  1030    779
  1031    779
  1032    779
  1033    779
  1034    779
  1035    779
  1036    779
  1037    779
  1038    779
  1039    779
  1040    779
  1051    779
  1052    779
  1053    779
  1054    779
  1055    779
  1056    779
  1057    779
  1058    779
  1059    779
  1061    779
  1062    779
  1063    779
  1064    779
  1065    779
  1066    779
  1067    779
  1068    779
  1069    779
  1070    779
  1071    779
  1072    779
  1073    779
  1074    779
  1075    779
  1076    779
  1077    779
  1078    779
  1079    779
  1080    779
  1081    779
  1082    779
  1083    779
  1084    779
  1085    779
  1086    779
  1089    779
  1090    779
  1091    779
  1092    779
  1093    779
  1094    779
  1095    779
  1096    779
  1097    779
  1098    779
  1099    779
  1100    779
  1101    779
  1102    779
  1103    779
  1104    779
  1105    779
  1106    779
  1107    779
  1108    779
  1109    779
  1110    779
  1111    779
  1112    779
   934    780
   935    780
   936    780
   937    780
  1012    780
  1013    780
  1014    780
  1015    780
  1019    780
  1020    780
  1021    780
  1022    780
  1023    780
  1024    780
  1025    780
  1026    780
  1027    780
  1028    780
  1029    780
  1030    780
  1031    780
  1032    780
  1033    780
  1034    780
  1035    780
  1036    780
  1037    780
  1038    780
  1039    780
  1040    780
  1051    780
  1052    780
  1053    780
  1054    780
  1055    780
  1056    780
  1057    780
  1058    780
  1061    780
  1062    780
  1063    780
  1064    780
  1065    780
  1066    780
  1067    780
  1068    780
  1069    780
  1070    780
  1071    780
  1072    780
  1073    780
  1074    780
  1075    780
  1076    780
  1077    780
  1078    780
  1079    780
  1080    780
  1081    780
  1082    780
  1083    780
  1084    780
  1085    780
  1087    780
  1088    780
  1089    780
  1090    780
  1091    780
  1092    780
  1093    780
  1094    780
  1095    780
  1096    780
  1097    780
  1098    780
  1099    780
  1100    780
  1101    780
  1102    780
  1103    780
  1104    780
  1105    780
  1106    780
  1107    780
  1108    780
  1109    780
  1110    780
  1111    780
  1112    780
  1113    780
  1114    780
   934    781
   935    781
   936    781
   937    781
  1012    781
  1013    781
  1014    781
  1015    781
  1019    781
  1020    781
  1021    781
  1022    781
  1023    781
  1024    781
  1025    781
  1026    781
  1027    781
  1028    781
  1029    781
  1030    781
  1031    781
  1032    781
  1033    781
  1034    781
  1035    781
  1036    781
  1037    781
  1038    781
  1039    781
  1051    781
  1052    781
  1053    781
  1054    781
  1055    781
  1056    781
  1057    781
  1058    781
  1060    781
  1061    781
  1062    781
  1063    781
  1064    781
  1065    781
  1066    781
  1067    781
  1068    781
  1069    781
  1070    781
  1071    781
  1072    781
  1073    781
  1074    781
  1075    781
  1076    781
  1077    781
  1078    781
  1079    781
  1080    781
  1081    781
  1082    781
  1083    781
  1085    781
  1086    781
  1087    781
  1088    781
  1089    781
  1090    781
  1091    781
  1092    781
  1093    781
  1094    781
  1095    781
  1096    781
  1097    781
  1098    781
  1099    781
  1100    781
  1101    781
  1102    781
  1103    781
  1104    781
  1107    781
  1108    781
  1109    781
  1110    781
  1111    781
  1112    781
  1113    781
  1114    781
  1115    781
  1116    781
  1117    781
   934    782
   935    782
   936    782
   937    782
   954    782
   955    782
   956    782
   957    782
   958    782
  1011    782
  1012    782
  1013    782
  1014    782
  1015    782
  1016    782
  1017    782
  1019    782
  1020    782
  1021    782
  1022    782
  1023    782
  1024    782
  1025    782
  1026    782
  1027    782
  1028    782
  1029    782
  1030    782
  1031    782
  1032    782
  1033    782
  1034    782
  1035    782
  1036    782
  1037    782
  1038    782
  1039    782
  1040    782
  1051    782
  1052    782
  1053    782
  1054    782
  1055    782
  1056    782
  1057    782
  1058    782
  1060    782
  1061    782
  1062    782
  1063    782
  1064    782
  1065    782
  1066    782
  1067    782
  1068    782
  1069    782
  1070    782
  1071    782
  1072    782
  1073    782
  1074    782
  1075    782
  1076    782
  1077    782
  1078    782
  1084    782
  1085    782
  1086    782
  1087    782
  1088    782
  1089    782
  1090    782
  1091    782
  1092    782
  1093    782
  1094    782
  1095    782
  1096    782
  1097    782
  1098    782
  1099    782
  1100    782
  1101    782
  1107    782
  1108    782
  1109    782
  1110    782
  1111    782
  1112    782
  1113    782
  1114    782
  1115    782
  1116    782
  1117    782
  1118    782
  1119    782
   934    783
   935    783
   936    783
   937    783
   955    783
   956    783
   957    783
  1012    783
  1013    783
  1014    783
  1015    783
  1016    783
  1017    783
  1018    783
  1019    783
  1020    783
  1021    783
  1022    783
  1023    783
  1024    783
  1025    783
  1026    783
  1027    783
  1028    783
  1029    783
  1030    783
  1031    783
  1032    783
  1033    783
  1034    783
  1035    783
  1036    783
  1037    783
  1038    783
  1039    783
  1054    783
  1055    783
  1056    783
  1059    783
  1060    783
  1061    783
  1062    783
  1063    783
  1064    783
  1065    783
  1066    783
  1067    783
  1068    783
  1069    783
  1070    783
  1071    783
  1072    783
  1073    783
  1074    783
  1075    783
  1076    783
  1077    783
  1078    783
  1082    783
  1083    783
  1084    783
  1085    783
  1086    783
  1087    783
  1088    783
  1089    783
  1090    783
  1091    783
  1092    783
  1093    783
  1094    783
  1095    783
  1096    783
  1097    783
  1098    783
  1099    783
  1100    783
  1101    783
  1102    783
  1103    783
  1104    783
  1106    783
  1107    783
  1108    783
  1109    783
  1110    783
  1111    783
  1112    783
  1113    783
  1114    783
  1115    783
  1116    783
  1117    783
  1118    783
  1119    783
  1120    783
  1121    783
  1122    783
   937    784
   938    784
  1015    784
  1025    784
  1026    784
  1027    784
  1028    784
  1029    784
  1030    784
  1031    784
  1032    784
  1033    784
  1034    784
  1055    784
  1056    784
  1057    784
  1058    784
  1059    784
  1060    784
  1061    784
  1062    784
  1063    784
  1064    784
  1065    784
  1066    784
  1067    784
  1068    784
  1069    784
  1070    784
  1071    784
  1072    784
  1073    784
  1074    784
  1075    784
  1076    784
  1077    784
  1079    784
  1080    784
  1081    784
  1082    784
  1083    784
  1084    784
  1085    784
  1086    784
  1087    784
  1088    784
  1089    784
  1090    784
  1091    784
  1092    784
  1093    784
  1094    784
  1095    784
  1096    784
  1097    784
  1098    784
  1099    784
  1100    784
  1103    784
  1104    784
  1105    784
  1106    784
  1107    784
  1108    784
  1109    784
  1110    784
  1111    784
  1112    784
  1113    784
  1114    784
  1115    784
  1116    784
  1117    784
  1118    784
  1119    784
  1120    784
  1121    784
  1123    784
  1124    784
   937    785
   938    785
  1005    785
  1007    785
  1008    785
  1009    785
  1025    785
  1026    785
  1027    785
  1028    785
  1029    785
  1030    785
  1031    785
  1032    785
  1033    785
  1040    785
  1041    785
  1042    785
  1055    785
  1056    785
  1058    785
  1059    785
  1060    785
  1061    785
  1062    785
  1063    785
  1064    785
  1065    785
  1066    785
  1067    785
  1068    785
  1069    785
  1070    785
  1071    785
  1072    785
  1073    785
  1074    785
  1075    785
  1078    785
  1079    785
  1080    785
  1081    785
  1082    785
  1083    785
  1084    785
  1085    785
  1086    785
  1087    785
  1088    785
  1089    785
  1090    785
  1091    785
  1092    785
  1093    785
  1094    785
  1095    785
  1097    785
  1098    785
  1099    785
  1100    785
  1101    785
  1103    785
  1104    785
  1105    785
  1106    785
  1107    785
  1108    785
  1109    785
  1110    785
  1111    785
  1112    785
  1113    785
  1114    785
  1115    785
  1116    785
  1117    785
  1118    785
  1119    785
  1120    785
  1121    785
  1122    785
  1123    785
  1124    785
  1125    785
  1126    785
  1001    786
  1002    786
  1003    786
  1011    786
  1012    786
  1013    786
  1014    786
  1015    786
  1016    786
  1024    786
  1025    786
  1026    786
  1027    786
  1028    786
  1029    786
  1030    786
  1031    786
  1032    786
  1033    786
  1034    786
  1035    786
  1036    786
  1037    786
  1038    786
  1039    786
  1040    786
  1041    786
  1042    786
  1043    786
  1044    786
  1055    786
  1056    786
  1057    786
  1058    786
  1059    786
  1060    786
  1061    786
  1062    786
  1063    786
  1064    786
  1065    786
  1066    786
  1067    786
  1068    786
  1069    786
  1070    786
  1071    786
  1072    786
  1077    786
  1078    786
  1079    786
  1080    786
  1081    786
  1082    786
  1083    786
  1084    786
  1085    786
  1086    786
  1087    786
  1088    786
  1089    786
  1090    786
  1091    786
  1092    786
  1093    786
  1094    786
  1096    786
  1097    786
  1098    786
  1102    786
  1103    786
  1104    786
  1105    786
  1106    786
  1107    786
  1108    786
  1109    786
  1110    786
  1111    786
  1112    786
  1113    786
  1114    786
  1115    786
  1116    786
  1117    786
  1118    786
  1119    786
  1120    786
  1121    786
  1122    786
  1123    786
  1124    786
  1125    786
  1126    786
  1001    787
  1002    787
  1003    787
  1004    787
  1005    787
  1006    787
  1007    787
  1008    787
  1009    787
  1010    787
  1011    787
  1012    787
  1023    787
  1024    787
  1025    787
  1026    787
  1027    787
  1028    787
  1029    787
  1030    787
  1031    787
  1032    787
  1033    787
  1034    787
  1035    787
  1036    787
  1037    787
  1038    787
  1039    787
  1040    787
  1041    787
  1042    787
  1043    787
  1044    787
  1058    787
  1059    787
  1060    787
  1061    787
  1062    787
  1063    787
  1064    787
  1065    787
  1066    787
  1067    787
  1068    787
  1069    787
  1070    787
  1071    787
  1072    787
  1076    787
  1077    787
  1078    787
  1079    787
  1080    787
  1081    787
  1082    787
  1083    787
  1084    787
  1085    787
  1086    787
  1087    787
  1088    787
  1089    787
  1090    787
  1091    787
  1092    787
  1094    787
  1095    787
  1096    787
  1105    787
  1106    787
  1107    787
  1108    787
  1109    787
  1110    787
  1111    787
  1112    787
  1113    787
  1114    787
  1115    787
  1116    787
  1117    787
  1118    787
  1119    787
  1120    787
  1121    787
  1122    787
  1123    787
  1124    787
  1125    787
  1025    788
  1026    788
  1027    788
  1028    788
  1029    788
  1030    788
  1031    788
  1032    788
  1033    788
  1034    788
  1035    788
  1036    788
  1037    788
  1038    788
  1039    788
  1040    788
  1041    788
  1042    788
  1043    788
  1059    788
  1060    788
  1064    788
  1065    788
  1066    788
  1067    788
  1068    788
  1075    788
  1076    788
  1077    788
  1078    788
  1079    788
  1080    788
  1081    788
  1082    788
  1083    788
  1084    788
  1085    788
  1086    788
  1087    788
  1088    788
  1089    788
  1090    788
  1091    788
  1092    788
  1093    788
  1094    788
  1095    788
  1104    788
  1105    788
  1108    788
  1109    788
  1110    788
  1111    788
  1112    788
  1113    788
  1117    788
  1118    788
  1119    788
  1120    788
  1121    788
  1122    788
  1123    788
  1124    788
  1023    789
  1024    789
  1025    789
  1026    789
  1027    789
  1028    789
  1029    789
  1030    789
  1031    789
  1032    789
  1033    789
  1034    789
  1035    789
  1036    789
  1037    789
  1038    789
  1039    789
  1040    789
  1041    789
  1042    789
  1062    789
  1063    789
  1064    789
  1065    789
  1066    789
  1067    789
  1068    789
  1069    789
  1070    789
  1071    789
  1072    789
  1073    789
  1074    789
  1075    789
  1076    789
  1077    789
  1078    789
  1079    789
  1080    789
  1081    789
  1082    789
  1083    789
  1084    789
  1085    789
  1086    789
  1087    789
  1088    789
  1089    789
  1090    789
  1091    789
  1092    789
  1093    789
  1104    789
  1105    789
  1106    789
  1107    789
  1111    789
  1113    789
  1114    789
  1116    789
  1117    789
  1118    789
  1120    789
  1121    789
  1122    789
  1123    789
  1124    789
  1015    790
  1016    790
  1017    790
  1018    790
  1019    790
  1020    790
  1021    790
  1022    790
  1023    790
  1024    790
  1025    790
  1026    790
  1027    790
  1028    790
  1029    790
  1034    790
  1035    790
  1036    790
  1037    790
  1038    790
  1039    790
  1040    790
  1066    790
  1067    790
  1068    790
  1069    790
  1070    790
  1071    790
  1072    790
  1073    790
  1074    790
  1075    790
  1076    790
  1077    790
  1078    790
  1079    790
  1080    790
  1081    790
  1082    790
  1083    790
  1084    790
  1085    790
  1086    790
  1087    790
  1088    790
  1089    790
  1090    790
  1091    790
  1110    790
  1111    790
  1112    790
  1113    790
  1114    790
  1115    790
  1116    790
  1117    790
  1123    790
  1015    791
  1016    791
  1017    791
  1018    791
  1019    791
  1020    791
  1021    791
  1022    791
  1023    791
  1024    791
  1025    791
  1026    791
  1027    791
  1028    791
  1035    791
  1036    791
  1037    791
  1038    791
  1039    791
  1040    791
  1041    791
  1042    791
  1043    791
  1044    791
  1045    791
  1046    791
  1047    791
  1065    791
  1066    791
  1067    791
  1068    791
  1070    791
  1071    791
  1072    791
  1073    791
  1074    791
  1075    791
  1076    791
  1077    791
  1078    791
  1079    791
  1080    791
  1081    791
  1082    791
  1083    791
  1084    791
  1085    791
  1086    791
  1087    791
  1088    791
  1089    791
  1111    791
  1112    791
  1113    791
  1114    791
  1017    792
  1018    792
  1019    792
  1020    792
  1021    792
  1022    792
  1023    792
  1024    792
  1025    792
  1026    792
  1035    792
  1036    792
  1037    792
  1038    792
  1047    792
  1048    792
  1065    792
  1066    792
  1067    792
  1068    792
  1069    792
  1070    792
  1071    792
  1072    792
  1073    792
  1074    792
  1075    792
  1076    792
  1077    792
  1078    792
  1079    792
  1080    792
  1081    792
  1082    792
  1083    792
  1084    792
  1085    792
  1086    792
  1087    792
  1088    792
  1089    792
  1091    792
  1092    792
  1093    792
  1094    792
  1095    792
  1096    792
  1097    792
  1098    792
  1099    792
  1017    793
  1018    793
  1019    793
  1020    793
  1021    793
  1022    793
  1023    793
  1024    793
  1025    793
  1026    793
  1033    793
  1034    793
  1035    793
  1036    793
  1037    793
  1038    793
  1039    793
  1040    793
  1041    793
  1042    793
  1043    793
  1044    793
  1045    793
  1046    793
  1047    793
  1050    793
  1051    793
  1052    793
  1053    793
  1054    793
  1064    793
  1065    793
  1066    793
  1067    793
  1068    793
  1069    793
  1070    793
  1071    793
  1072    793
  1073    793
  1074    793
  1075    793
  1076    793
  1077    793
  1078    793
  1079    793
  1080    793
  1081    793
  1082    793
  1083    793
  1084    793
  1085    793
  1086    793
  1087    793
  1088    793
  1089    793
  1090    793
  1091    793
  1092    793
  1093    793
  1099    793
  1100    793
  1101    793
  1102    793
  1103    793
  1117    793
  1018    794
  1019    794
  1020    794
  1021    794
  1022    794
  1023    794
  1024    794
  1025    794
  1026    794
  1027    794
  1032    794
  1033    794
  1034    794
  1035    794
  1036    794
  1037    794
  1038    794
  1039    794
  1040    794
  1041    794
  1042    794
  1043    794
  1044    794
  1045    794
  1046    794
  1047    794
  1048    794
  1049    794
  1050    794
  1051    794
  1052    794
  1053    794
  1054    794
  1055    794
  1063    794
  1064    794
  1065    794
  1066    794
  1067    794
  1068    794
  1069    794
  1070    794
  1071    794
  1072    794
  1073    794
  1074    794
  1075    794
  1076    794
  1077    794
  1078    794
  1079    794
  1080    794
  1081    794
  1082    794
  1083    794
  1084    794
  1085    794
  1086    794
  1087    794
  1088    794
  1089    794
  1090    794
  1091    794
  1092    794
  1093    794
  1094    794
  1095    794
  1096    794
  1097    794
  1098    794
  1099    794
  1102    794
  1103    794
  1104    794
  1108    794
  1109    794
  1110    794
  1116    794
  1117    794
  1118    794
  1119    794
  1120    794
  1018    795
  1019    795
  1020    795
  1021    795
  1022    795
  1023    795
  1024    795
  1026    795
  1027    795
  1032    795
  1033    795
  1036    795
  1038    795
  1039    795
  1040    795
  1041    795
  1042    795
  1043    795
  1044    795
  1045    795
  1046    795
  1047    795
  1048    795
  1049    795
  1050    795
  1054    795
  1063    795
  1065    795
  1066    795
  1067    795
  1068    795
  1069    795
  1070    795
  1071    795
  1072    795
  1073    795
  1074    795
  1075    795
  1076    795
  1077    795
  1078    795
  1079    795
  1080    795
  1089    795
  1090    795
  1091    795
  1092    795
  1093    795
  1094    795
  1095    795
  1096    795
  1097    795
  1098    795
  1099    795
  1100    795
  1101    795
  1102    795
  1109    795
  1117    795
  1118    795
  1119    795
