   830    730
   831    730
   832    730
   833    730
   834    730
   835    730
   836    730
   837    730
   838    730
   839    730
   840    730
   841    730
   842    730
   843    730
   844    730
   845    730
   846    730
   847    730
   848    730
   849    730
   850    730
   851    730
   852    730
   853    730
   860    730
   861    730
   862    730
   863    730
   864    730
   865    730
   866    730
   867    730
   868    730
   869    730
   870    730
   871    730
   872    730
   873    730
   874    730
   875    730
   879    730
   880    730
   883    730
   884    730
   885    730
   886    730
   887    730
   888    730
   889    730
   890    730
   891    730
   892    730
   893    730
   894    730
   895    730
   896    730
   897    730
   898    730
   899    730
   900    730
   901    730
   902    730
   903    730
   904    730
   905    730
   906    730
   907    730
   908    730
   909    730
   910    730
   911    730
   912    730
   913    730
   914    730
   915    730
   916    730
   917    730
   918    730
   919    730
   920    730
   921    730
   922    730
   924    730
   925    730
   926    730
   927    730
   928    730
   929    730
   930    730
   931    730
   932    730
   933    730
   934    730
   935    730
   936    730
   937    730
   938    730
   939    730
   940    730
   941    730
   942    730
   943    730
   944    730
   945    730
   946    730
   947    730
   948    730
   949    730
   950    730
   951    730
   952    730
   953    730
   954    730
   955    730
   956    730
   957    730
   958    730
   959    730
   960    730
   963    730
   964    730
   965    730
   966    730
   967    730
   968    730
   972    730
   973    730
   974    730
   975    730
   976    730
   977    730
   978    730
   979    730
   980    730
   982    730
   987    730
   988    730
   828    731
   829    731
   830    731
   831    731
   832    731
   833    731
   834    731
   835    731
   836    731
   837    731
   838    731
   839    731
   840    731
   841    731
   842    731
   843    731
   844    731
   845    731
   846    731
   847    731
   848    731
   849    731
   850    731
   851    731
   852    731
   853    731
   860    731
   861    731
   862    731
   863    731
   864    731
   865    731
   866    731
   867    731
   868    731
   869    731
   870    731
   871    731
   872    731
   873    731
   874    731
   875    731
   878    731
   880    731
   884    731
   885    731
   886    731
   887    731
   888    731
   889    731
   890    731
   891    731
   892    731
   893    731
   894    731
   895    731
   896    731
   897    731
   898    731
   899    731
   900    731
   901    731
   902    731
   903    731
   904    731
   905    731
   906    731
   907    731
   908    731
   909    731
   910    731
   911    731
   912    731
   913    731
   914    731
   915    731
   916    731
   917    731
   918    731
   919    731
   920    731
   921    731
   922    731
   923    731
   924    731
   925    731
   926    731
   927    731
   928    731
   929    731
   930    731
   931    731
   932    731
   933    731
   934    731
   935    731
   936    731
   937    731
   938    731
   939    731
   940    731
   941    731
   942    731
   943    731
   944    731
   945    731
   946    731
   947    731
   948    731
   949    731
   950    731
   951    731
   952    731
   953    731
   954    731
   955    731
   956    731
   957    731
   958    731
   959    731
   960    731
   961    731
   962    731
   963    731
   964    731
   965    731
   966    731
   967    731
   973    731
   974    731
   975    731
   976    731
   977    731
   978    731
   979    731
   980    731
   981    731
   982    731
   983    731
   984    731
   985    731
   986    731
   987    731
   988    731
   989    731
   990    731
   827    732
   828    732
   829    732
   830    732
   831    732
   832    732
   833    732
   834    732
   835    732
   836    732
   837    732
   838    732
   839    732
   840    732
   841    732
   842    732
   843    732
   844    732
   845    732
   846    732
   847    732
   848    732
   849    732
   850    732
   851    732
   852    732
   853    732
   860    732
   861    732
   862    732
   863    732
   864    732
   865    732
   866    732
   868    732
   869    732
   870    732
   871    732
   872    732
   873    732
   874    732
   875    732
   878    732
   884    732
   885    732
   888    732
   889    732
   890    732
   891    732
   893    732
   894    732
   895    732
   896    732
   897    732
   898    732
   899    732
   900    732
   901    732
   902    732
   903    732
   904    732
   905    732
   906    732
   907    732
   908    732
   909    732
   910    732
   911    732
   912    732
   913    732
   914    732
   915    732
   916    732
   917    732
   918    732
   919    732
   920    732
   921    732
   922    732
   923    732
   924    732
   925    732
   926    732
   927    732
   928    732
   929    732
   930    732
   931    732
   932    732
   933    732
   934    732
   935    732
   936    732
   937    732
   938    732
   942    732
   943    732
   944    732
   945    732
   946    732
   947    732
   948    732
   949    732
   950    732
   951    732
   952    732
   959    732
   960    732
   963    732
   964    732
   965    732
   976    732
   977    732
   978    732
   979    732
   980    732
   981    732
   982    732
   984    732
   985    732
   986    732
   992    732
   993    732
   828    733
   829    733
   830    733
   831    733
   832    733
   833    733
   834    733
   835    733
   836    733
   837    733
   838    733
   839    733
   840    733
   841    733
   842    733
   843    733
   844    733
   845    733
   846    733
   847    733
   848    733
   849    733
   850    733
   851    733
   852    733
   853    733
   859    733
   860    733
   861    733
   862    733
   863    733
   864    733
   865    733
   866    733
   867    733
   868    733
   869    733
   870    733
   871    733
   872    733
   873    733
   874    733
   875    733
   884    733
   885    733
   886    733
   887    733
   888    733
   889    733
   890    733
   891    733
   893    733
   894    733
   895    733
   896    733
   897    733
   898    733
   899    733
   900    733
   901    733
   902    733
   903    733
   904    733
   905    733
   906    733
   907    733
   908    733
   909    733
   910    733
   911    733
   912    733
   913    733
   914    733
   915    733
   916    733
   917    733
   918    733
   919    733
   920    733
   921    733
   922    733
   927    733
   928    733
   929    733
   930    733
   931    733
   932    733
   933    733
   934    733
   935    733
   936    733
   937    733
   938    733
   939    733
   940    733
   941    733
   942    733
   943    733
   944    733
   945    733
   946    733
   947    733
   948    733
   949    733
   950    733
   951    733
   952    733
   959    733
   960    733
   961    733
   962    733
   963    733
   964    733
   965    733
   976    733
   977    733
   978    733
   979    733
   980    733
   981    733
   982    733
   992    733
   993    733
   994    733
   829    734
   830    734
   831    734
   832    734
   833    734
   834    734
   835    734
   836    734
   837    734
   838    734
   839    734
   843    734
   844    734
   845    734
   846    734
   847    734
   848    734
   849    734
   850    734
   851    734
   852    734
   853    734
   858    734
   859    734
   860    734
   861    734
   862    734
   863    734
   864    734
   866    734
   867    734
   868    734
   869    734
   871    734
   872    734
   873    734
   874    734
   875    734
   876    734
   877    734
   882    734
   883    734
   884    734
   885    734
   886    734
   887    734
   888    734
   889    734
   890    734
   891    734
   892    734
   893    734
   894    734
   895    734
   896    734
   897    734
   898    734
   899    734
   900    734
   901    734
   902    734
   903    734
   904    734
   905    734
   906    734
   907    734
   908    734
   909    734
   910    734
   911    734
   912    734
   913    734
   914    734
   915    734
   916    734
   917    734
   918    734
   919    734
   920    734
   921    734
   927    734
   928    734
   929    734
   930    734
   931    734
   932    734
   933    734
   934    734
   935    734
   939    734
   946    734
   959    734
   964    734
   965    734
   983    734
   984    734
   985    734
   986    734
   987    734
   988    734
   989    734
   990    734
   991    734
   992    734
   993    734
   829    735
   830    735
   831    735
   832    735
   833    735
   834    735
   835    735
   836    735
   837    735
   838    735
   839    735
   843    735
   844    735
   845    735
   846    735
   847    735
   848    735
   849    735
   850    735
   851    735
   852    735
   853    735
   858    735
   859    735
   860    735
   861    735
   862    735
   863    735
   864    735
   867    735
   868    735
   869    735
   870    735
   871    735
   872    735
   873    735
   874    735
   875    735
   876    735
   877    735
   880    735
   881    735
   882    735
   883    735
   884    735
   885    735
   886    735
   887    735
   888    735
   889    735
   890    735
   891    735
   893    735
   894    735
   895    735
   896    735
   897    735
   898    735
   899    735
   900    735
   901    735
   902    735
   903    735
   904    735
   905    735
   906    735
   907    735
   908    735
   909    735
   910    735
   912    735
   913    735
   914    735
   915    735
   916    735
   917    735
   918    735
   919    735
   920    735
   921    735
   922    735
   923    735
   924    735
   926    735
   927    735
   928    735
   929    735
   930    735
   931    735
   932    735
   934    735
   935    735
   944    735
   945    735
   946    735
   947    735
   948    735
   949    735
   960    735
   961    735
   963    735
   964    735
   965    735
   980    735
   981    735
   982    735
   983    735
   984    735
   985    735
   986    735
   987    735
   988    735
   989    735
   990    735
   991    735
   992    735
   993    735
   994    735
   995    735
   827    736
   832    736
   833    736
   834    736
   835    736
   848    736
   849    736
   850    736
   851    736
   852    736
   855    736
   856    736
   857    736
   858    736
   859    736
   860    736
   861    736
   862    736
   863    736
   869    736
   870    736
   871    736
   872    736
   873    736
   874    736
   880    736
   881    736
   882    736
   883    736
   884    736
   885    736
   886    736
   887    736
   889    736
   890    736
   891    736
   892    736
   893    736
   894    736
   895    736
   903    736
   917    736
   918    736
   919    736
   920    736
   921    736
   923    736
   928    736
   929    736
   930    736
   931    736
   932    736
   933    736
   934    736
   935    736
   936    736
   937    736
   944    736
   945    736
   946    736
   947    736
   948    736
   949    736
   950    736
   951    736
   952    736
   953    736
   954    736
   955    736
   957    736
   962    736
   963    736
   964    736
   965    736
   976    736
   977    736
   978    736
   979    736
   980    736
   981    736
   982    736
   991    736
   992    736
   993    736
   994    736
   995    736
   996    736
   998    736
   999    736
   825    737
   826    737
   827    737
   834    737
   835    737
   850    737
   851    737
   852    737
   853    737
   854    737
   855    737
   856    737
   857    737
   858    737
   859    737
   860    737
   861    737
   862    737
   863    737
   875    737
   876    737
   877    737
   878    737
   879    737
   880    737
   881    737
   882    737
   883    737
   886    737
   887    737
   888    737
   894    737
   895    737
   918    737
   919    737
   920    737
   921    737
   925    737
   927    737
   928    737
   929    737
   930    737
   931    737
   932    737
   933    737
   934    737
   935    737
   936    737
   944    737
   945    737
   946    737
   947    737
   948    737
   949    737
   950    737
   951    737
   953    737
   954    737
   955    737
   963    737
   964    737
   965    737
   966    737
   967    737
   975    737
   976    737
   977    737
   978    737
   979    737
   980    737
   981    737
   982    737
   983    737
   987    737
   990    737
   991    737
   992    737
   993    737
   994    737
   995    737
   996    737
   997    737
   998    737
   999    737
  1004    737
  1005    737
   848    738
   849    738
   850    738
   851    738
   852    738
   853    738
   854    738
   855    738
   856    738
   857    738
   858    738
   859    738
   860    738
   861    738
   862    738
   863    738
   871    738
   872    738
   873    738
   874    738
   875    738
   876    738
   879    738
   880    738
   883    738
   884    738
   885    738
   886    738
   887    738
   918    738
   919    738
   920    738
   921    738
   922    738
   923    738
   924    738
   925    738
   926    738
   927    738
   928    738
   959    738
   960    738
   961    738
   962    738
   963    738
   964    738
   965    738
   966    738
   970    738
   971    738
   972    738
   973    738
   974    738
   975    738
   976    738
   977    738
   978    738
   979    738
   980    738
   981    738
   982    738
   983    738
   984    738
   985    738
   986    738
   987    738
   988    738
   989    738
   990    738
   991    738
   992    738
   993    738
   994    738
   995    738
   998    738
   999    738
  1005    738
  1006    738
   847    739
   848    739
   849    739
   850    739
   851    739
   852    739
   853    739
   854    739
   855    739
   856    739
   857    739
   858    739
   859    739
   860    739
   861    739
   862    739
   863    739
   872    739
   873    739
   874    739
   875    739
   876    739
   877    739
   878    739
   879    739
   880    739
   881    739
   882    739
   883    739
   884    739
   885    739
   886    739
   887    739
   919    739
   920    739
   921    739
   922    739
   923    739
   924    739
   925    739
   926    739
   927    739
   928    739
   951    739
   952    739
   954    739
   955    739
   958    739
   959    739
   960    739
   961    739
   962    739
   963    739
   964    739
   965    739
   966    739
   967    739
   968    739
   973    739
   974    739
   975    739
   976    739
   977    739
   978    739
   979    739
   980    739
   981    739
   982    739
   983    739
   984    739
   985    739
   986    739
   988    739
   989    739
   990    739
   991    739
  1006    739
  1007    739
   848    740
   849    740
   850    740
   851    740
   852    740
   853    740
   854    740
   855    740
   856    740
   857    740
   858    740
   859    740
   860    740
   861    740
   862    740
   870    740
   871    740
   872    740
   873    740
   874    740
   875    740
   876    740
   877    740
   878    740
   879    740
   880    740
   881    740
   882    740
   883    740
   926    740
   927    740
   947    740
   948    740
   949    740
   950    740
   951    740
   952    740
   953    740
   954    740
   955    740
   956    740
   957    740
   958    740
   959    740
   960    740
   961    740
   962    740
   963    740
   967    740
   968    740
   969    740
   970    740
   971    740
   972    740
   973    740
   974    740
   975    740
   976    740
   977    740
   978    740
   979    740
   980    740
   981    740
   982    740
   983    740
   984    740
   985    740
   991    740
   992    740
   993    740
  1000    740
  1001    740
  1002    740
  1003    740
  1004    740
  1005    740
  1006    740
  1007    740
  1008    740
  1011    740
   848    741
   849    741
   850    741
   851    741
   852    741
   853    741
   854    741
   855    741
   856    741
   857    741
   859    741
   860    741
   861    741
   862    741
   863    741
   870    741
   871    741
   872    741
   873    741
   874    741
   875    741
   876    741
   877    741
   878    741
   879    741
   880    741
   926    741
   927    741
   944    741
   945    741
   946    741
   947    741
   948    741
   949    741
   950    741
   951    741
   959    741
   960    741
   970    741
   971    741
   972    741
   973    741
   974    741
   975    741
   976    741
   977    741
   978    741
   979    741
   980    741
   981    741
   984    741
   985    741
   986    741
   987    741
   988    741
  1007    741
  1008    741
  1009    741
  1010    741
  1011    741
  1015    741
   860    742
   861    742
   862    742
   922    742
   923    742
   925    742
   926    742
   927    742
   928    742
   944    742
   946    742
   968    742
  1003    742
  1004    742
  1005    742
  1006    742
  1007    742
  1008    742
  1009    742
  1010    742
  1011    742
  1012    742
  1013    742
  1014    742
  1015    742
  1016    742
  1017    742
  1018    742
   862    743
   921    743
   922    743
   923    743
   925    743
   926    743
   927    743
   928    743
   929    743
   930    743
   932    743
   933    743
   934    743
   935    743
   936    743
   937    743
   940    743
   941    743
   942    743
   943    743
   944    743
   976    743
   977    743
   978    743
   979    743
   984    743
   985    743
   986    743
   987    743
   988    743
   989    743
   990    743
   991    743
   992    743
   993    743
   994    743
   995    743
   996    743
   997    743
   998    743
   999    743
  1000    743
  1001    743
  1002    743
  1003    743
  1004    743
  1005    743
  1006    743
  1007    743
  1008    743
  1009    743
  1010    743
  1011    743
  1012    743
  1013    743
  1014    743
  1015    743
  1016    743
  1017    743
  1018    743
  1019    743
  1020    743
  1021    743
   880    744
   916    744
   920    744
   921    744
   922    744
   923    744
   924    744
   925    744
   926    744
   927    744
   928    744
   929    744
   930    744
   931    744
   932    744
   934    744
   936    744
   937    744
   938    744
   939    744
   940    744
   942    744
   945    744
   946    744
   961    744
   963    744
   965    744
   966    744
   967    744
   968    744
   971    744
   972    744
   973    744
   974    744
   975    744
   976    744
   977    744
   978    744
   979    744
   980    744
   981    744
   982    744
   983    744
   984    744
   985    744
   986    744
   987    744
   988    744
   989    744
   990    744
   991    744
   992    744
   993    744
   994    744
   995    744
   996    744
   997    744
   998    744
   999    744
  1000    744
  1001    744
  1002    744
  1003    744
  1004    744
  1005    744
  1006    744
  1007    744
  1008    744
  1009    744
  1010    744
  1011    744
  1012    744
  1013    744
  1014    744
  1015    744
  1016    744
  1017    744
  1019    744
  1020    744
  1021    744
  1022    744
  1023    744
   872    745
   873    745
   874    745
   875    745
   876    745
   878    745
   879    745
   883    745
   894    745
   907    745
   908    745
   909    745
   910    745
   911    745
   912    745
   913    745
   916    745
   917    745
   918    745
   919    745
   921    745
   922    745
   923    745
   924    745
   925    745
   926    745
   927    745
   928    745
   929    745
   930    745
   952    745
   953    745
   954    745
   955    745
   956    745
   957    745
   958    745
   959    745
   960    745
   961    745
   962    745
   963    745
   964    745
   965    745
   966    745
   967    745
   968    745
   969    745
   970    745
   971    745
   972    745
   973    745
   974    745
   975    745
   976    745
   977    745
   978    745
   979    745
   980    745
   981    745
   982    745
   983    745
   984    745
   985    745
   986    745
   987    745
   988    745
   989    745
   990    745
   991    745
   992    745
   993    745
   994    745
   995    745
   996    745
   997    745
   998    745
   999    745
  1000    745
  1001    745
  1002    745
  1003    745
  1004    745
  1005    745
  1006    745
  1007    745
  1008    745
  1009    745
  1010    745
  1011    745
   816    746
   817    746
   818    746
   819    746
   820    746
   827    746
   828    746
   829    746
   830    746
   839    746
   840    746
   848    746
   849    746
   850    746
   851    746
   861    746
   869    746
   870    746
   871    746
   872    746
   873    746
   874    746
   875    746
   876    746
   877    746
   878    746
   879    746
   880    746
   881    746
   882    746
   883    746
   884    746
   885    746
   886    746
   887    746
   888    746
   889    746
   890    746
   891    746
   892    746
   893    746
   894    746
   895    746
   896    746
   900    746
   901    746
   902    746
   903    746
   904    746
   905    746
   906    746
   907    746
   908    746
   909    746
   910    746
   911    746
   912    746
   913    746
   914    746
   915    746
   916    746
   917    746
   918    746
   919    746
   920    746
   921    746
   922    746
   923    746
   939    746
   940    746
   941    746
   942    746
   943    746
   944    746
   945    746
   946    746
   947    746
   948    746
   949    746
   950    746
   951    746
   952    746
   953    746
   954    746
   955    746
   956    746
   957    746
   958    746
   959    746
   960    746
   961    746
   962    746
   963    746
   964    746
   965    746
   966    746
   967    746
   968    746
   969    746
   970    746
   971    746
   972    746
   973    746
   974    746
   975    746
   976    746
   977    746
   978    746
   979    746
   980    746
   981    746
   982    746
   983    746
   984    746
   985    746
   986    746
   987    746
   988    746
   989    746
   991    746
   992    746
   993    746
   994    746
   995    746
   996    746
   997    746
   998    746
   999    746
  1000    746
  1001    746
  1003    746
  1004    746
  1005    746
   816    747
   817    747
   818    747
   819    747
   825    747
   826    747
   827    747
   828    747
   829    747
   830    747
   831    747
   835    747
   836    747
   837    747
   838    747
   839    747
   840    747
   848    747
   851    747
   852    747
   853    747
   856    747
   857    747
   859    747
   860    747
   861    747
   862    747
   863    747
   864    747
   865    747
   866    747
   867    747
   868    747
   869    747
   870    747
   874    747
   880    747
   888    747
   892    747
   896    747
   897    747
   898    747
   899    747
   900    747
   901    747
   902    747
   903    747
   904    747
   911    747
   912    747
   913    747
   914    747
   915    747
   916    747
   917    747
   918    747
   919    747
   930    747
   931    747
   932    747
   934    747
   935    747
   942    747
   943    747
   944    747
   945    747
   946    747
   947    747
   948    747
   949    747
   950    747
   951    747
   952    747
   953    747
   954    747
   955    747
   956    747
   957    747
   958    747
   964    747
   965    747
   966    747
   967    747
   968    747
   969    747
   970    747
   971    747
   972    747
   973    747
   974    747
   975    747
   976    747
   977    747
   978    747
   979    747
   980    747
   981    747
   982    747
   983    747
   984    747
   985    747
   993    747
   994    747
   995    747
   996    747
  1003    747
  1004    747
  1009    747
  1010    747
  1011    747
  1012    747
  1015    747
  1016    747
  1017    747
  1018    747
  1019    747
  1020    747
  1021    747
   812    748
   813    748
   814    748
   815    748
   816    748
   817    748
   818    748
   819    748
   820    748
   821    748
   822    748
   823    748
   824    748
   825    748
   826    748
   827    748
   828    748
   831    748
   832    748
   833    748
   834    748
   835    748
   836    748
   838    748
   839    748
   840    748
   841    748
   842    748
   843    748
   844    748
   845    748
   846    748
   847    748
   853    748
   854    748
   855    748
   856    748
   857    748
   858    748
   859    748
   862    748
   864    748
   865    748
   866    748
   867    748
   868    748
   869    748
   870    748
   871    748
   872    748
   873    748
   875    748
   876    748
   877    748
   878    748
   879    748
   924    748
   925    748
   926    748
   927    748
   928    748
   929    748
   930    748
   936    748
   937    748
   938    748
   939    748
   940    748
   941    748
   942    748
   943    748
   944    748
   945    748
   946    748
   947    748
   948    748
   949    748
   950    748
   951    748
   952    748
   953    748
   954    748
   955    748
   956    748
   957    748
   958    748
   959    748
   960    748
   961    748
   962    748
   963    748
   964    748
   965    748
   966    748
   967    748
   968    748
   969    748
   970    748
   971    748
   972    748
   973    748
   975    748
   976    748
   977    748
   978    748
   979    748
   980    748
  1008    748
  1009    748
  1010    748
  1011    748
  1012    748
  1013    748
  1014    748
  1015    748
  1016    748
  1017    748
  1018    748
  1019    748
  1020    748
  1021    748
  1022    748
  1023    748
  1024    748
  1029    748
  1030    748
  1031    748
  1032    748
  1033    748
   811    749
   812    749
   813    749
   814    749
   815    749
   816    749
   817    749
   818    749
   819    749
   820    749
   821    749
   822    749
   824    749
   825    749
   826    749
   844    749
   845    749
   846    749
   847    749
   850    749
   855    749
   860    749
   861    749
   862    749
   863    749
   887    749
   888    749
   889    749
   890    749
   891    749
   892    749
   893    749
   894    749
   913    749
   914    749
   930    749
   931    749
   932    749
   952    749
   953    749
   954    749
   955    749
   956    749
   957    749
   958    749
   959    749
   977    749
   987    749
   988    749
   989    749
   990    749
  1000    749
  1007    749
  1008    749
  1009    749
  1012    749
  1016    749
  1017    749
  1018    749
  1019    749
  1023    749
  1024    749
  1025    749
  1028    749
  1029    749
  1030    749
  1031    749
  1032    749
  1033    749
  1034    749
  1035    749
   807    750
   808    750
   809    750
   810    750
   811    750
   812    750
   813    750
   814    750
   815    750
   816    750
   817    750
   818    750
   819    750
   869    750
   870    750
   871    750
   872    750
   873    750
   874    750
   875    750
   876    750
   877    750
   878    750
   879    750
   880    750
   881    750
   882    750
   883    750
   884    750
   885    750
   886    750
   887    750
   888    750
   889    750
   890    750
   891    750
   892    750
   893    750
   894    750
   895    750
   896    750
   897    750
   898    750
   899    750
   900    750
   901    750
   902    750
   903    750
   904    750
   905    750
   906    750
   907    750
   908    750
   909    750
   910    750
   911    750
   912    750
   917    750
   918    750
   919    750
   920    750
   921    750
   922    750
   923    750
   967    750
   969    750
   970    750
   971    750
   972    750
   973    750
   977    750
   978    750
   979    750
   980    750
   981    750
   982    750
   983    750
   984    750
   985    750
   986    750
   987    750
   988    750
   989    750
   992    750
   993    750
   994    750
   995    750
   996    750
   997    750
   998    750
   999    750
  1000    750
  1001    750
  1002    750
  1003    750
  1004    750
  1005    750
  1006    750
  1007    750
  1015    750
  1016    750
  1024    750
  1025    750
  1027    750
  1028    750
  1029    750
  1030    750
  1031    750
  1032    750
  1033    750
  1034    750
  1035    750
  1036    750
  1037    750
  1038    750
   788    751
   789    751
   790    751
   791    751
   792    751
   793    751
   794    751
   795    751
   799    751
   800    751
   801    751
   802    751
   851    751
   852    751
   853    751
   854    751
   855    751
   856    751
   857    751
   858    751
   859    751
   860    751
   861    751
   862    751
   863    751
   864    751
   865    751
   866    751
   867    751
   868    751
   869    751
   870    751
   871    751
   872    751
   873    751
   874    751
   875    751
   876    751
   877    751
   878    751
   880    751
   881    751
   882    751
   883    751
   884    751
   885    751
   886    751
   887    751
   888    751
   889    751
   890    751
   891    751
   892    751
   893    751
   894    751
   895    751
   896    751
   897    751
   898    751
   899    751
   900    751
   901    751
   902    751
   903    751
   906    751
   907    751
   908    751
   909    751
   916    751
   920    751
   921    751
   922    751
   924    751
   925    751
   926    751
   927    751
   928    751
   929    751
   930    751
   931    751
   932    751
   933    751
   934    751
   937    751
   944    751
   945    751
   946    751
   947    751
   948    751
   949    751
   950    751
   951    751
   952    751
   953    751
   954    751
   955    751
   956    751
   957    751
   958    751
   959    751
   960    751
   962    751
   963    751
   964    751
   965    751
   966    751
   968    751
   969    751
   970    751
   971    751
   976    751
   977    751
   978    751
   979    751
   980    751
   981    751
   982    751
   983    751
   994    751
   995    751
   996    751
   997    751
   998    751
   999    751
  1000    751
  1001    751
  1002    751
  1003    751
  1004    751
  1005    751
  1006    751
  1007    751
  1008    751
  1016    751
  1024    751
  1025    751
  1026    751
  1027    751
  1028    751
  1029    751
  1030    751
  1031    751
  1032    751
  1033    751
  1034    751
  1035    751
  1036    751
  1037    751
  1038    751
  1039    751
  1040    751
   817    752
   818    752
   819    752
   820    752
   821    752
   822    752
   823    752
   824    752
   825    752
   826    752
   829    752
   830    752
   831    752
   832    752
   833    752
   834    752
   835    752
   836    752
   837    752
   838    752
   839    752
   840    752
   841    752
   842    752
   843    752
   844    752
   845    752
   846    752
   847    752
   848    752
   849    752
   850    752
   851    752
   852    752
   853    752
   854    752
   855    752
   856    752
   857    752
   858    752
   859    752
   860    752
   861    752
   862    752
   863    752
   864    752
   865    752
   866    752
   867    752
   868    752
   869    752
   870    752
   871    752
   872    752
   873    752
   874    752
   875    752
   876    752
   877    752
   878    752
   879    752
   880    752
   882    752
   883    752
   884    752
   885    752
   886    752
   887    752
   888    752
   889    752
   890    752
   891    752
   892    752
   893    752
   894    752
   895    752
   898    752
   899    752
   900    752
   901    752
   902    752
   903    752
   904    752
   905    752
   906    752
   907    752
   908    752
   912    752
   913    752
   914    752
   915    752
   925    752
   927    752
   928    752
   929    752
   930    752
   931    752
   932    752
   933    752
   934    752
   935    752
   936    752
   937    752
   938    752
   939    752
   940    752
   941    752
   942    752
   943    752
   944    752
   945    752
   950    752
   951    752
   955    752
   956    752
   957    752
   958    752
   959    752
   960    752
   961    752
   962    752
   963    752
   964    752
   965    752
   966    752
   967    752
   968    752
   969    752
   970    752
   971    752
   972    752
   973    752
   974    752
   975    752
   976    752
   990    752
   995    752
   996    752
   997    752
   998    752
   999    752
  1000    752
  1001    752
  1002    752
  1003    752
  1004    752
  1005    752
  1006    752
  1007    752
  1008    752
  1024    752
  1025    752
  1026    752
  1027    752
  1031    752
  1032    752
  1033    752
  1034    752
  1035    752
  1036    752
  1039    752
  1040    752
  1042    752
  1043    752
   795    753
   796    753
   797    753
   798    753
   799    753
   800    753
   804    753
   805    753
   806    753
   807    753
   808    753
   809    753
   810    753
   811    753
   812    753
   813    753
   814    753
   815    753
   816    753
   817    753
   818    753
   819    753
   820    753
   821    753
   822    753
   823    753
   824    753
   825    753
   826    753
   827    753
   828    753
   829    753
   830    753
   831    753
   832    753
   833    753
   834    753
   835    753
   836    753
   837    753
   838    753
   839    753
   840    753
   841    753
   842    753
   843    753
   844    753
   847    753
   848    753
   849    753
   850    753
   851    753
   852    753
   853    753
   854    753
   855    753
   856    753
   857    753
   858    753
   859    753
   860    753
   861    753
   862    753
   863    753
   864    753
   865    753
   866    753
   867    753
   868    753
   872    753
   873    753
   874    753
   875    753
   876    753
   877    753
   878    753
   879    753
   880    753
   882    753
   883    753
   884    753
   885    753
   886    753
   887    753
   888    753
   889    753
   890    753
   891    753
   892    753
   893    753
   894    753
   895    753
   912    753
   913    753
   914    753
   935    753
   939    753
   940    753
   941    753
   942    753
   943    753
   944    753
   982    753
   983    753
   990    753
   991    753
   992    753
   994    753
   995    753
   996    753
   997    753
   998    753
   999    753
  1000    753
  1001    753
  1003    753
  1004    753
  1005    753
  1006    753
  1007    753
  1008    753
  1032    753
  1033    753
  1034    753
  1035    753
  1036    753
  1037    753
  1039    753
  1040    753
  1042    753
  1043    753
   783    754
   790    754
   791    754
   792    754
   793    754
   794    754
   795    754
   796    754
   797    754
   798    754
   799    754
   800    754
   801    754
   802    754
   803    754
   804    754
   805    754
   806    754
   807    754
   808    754
   809    754
   810    754
   811    754
   812    754
   813    754
   814    754
   815    754
   816    754
   817    754
   818    754
   819    754
   820    754
   821    754
   822    754
   823    754
   824    754
   825    754
   826    754
   827    754
   831    754
   832    754
   833    754
   834    754
   835    754
   836    754
   837    754
   838    754
   839    754
   840    754
   841    754
   842    754
   843    754
   844    754
   845    754
   846    754
   847    754
   848    754
   849    754
   850    754
   851    754
   852    754
   853    754
   854    754
   855    754
   856    754
   857    754
   858    754
   860    754
   868    754
   869    754
   870    754
   904    754
   912    754
   913    754
   941    754
   942    754
   943    754
   944    754
   992    754
   993    754
   994    754
   995    754
   996    754
   997    754
   998    754
   999    754
  1000    754
  1001    754
  1004    754
  1005    754
  1006    754
  1007    754
  1008    754
  1032    754
  1033    754
  1034    754
  1035    754
  1036    754
  1037    754
  1039    754
  1040    754
  1042    754
  1043    754
  1044    754
   780    755
   781    755
   782    755
   783    755
   784    755
   789    755
   790    755
   791    755
   792    755
   793    755
   794    755
   795    755
   796    755
   797    755
   798    755
   799    755
   800    755
   801    755
   802    755
   803    755
   804    755
   805    755
   806    755
   807    755
   808    755
   809    755
   810    755
   811    755
   812    755
   813    755
   814    755
   815    755
   816    755
   817    755
   818    755
   819    755
   820    755
   821    755
   822    755
   823    755
   824    755
   825    755
   826    755
   827    755
   828    755
   829    755
   830    755
   831    755
   832    755
   833    755
   834    755
   835    755
   836    755
   837    755
   838    755
   839    755
   840    755
   841    755
   842    755
   843    755
   844    755
   845    755
   846    755
   847    755
   848    755
   849    755
   850    755
   851    755
   852    755
   853    755
   854    755
   855    755
   856    755
   857    755
   868    755
   869    755
   870    755
   872    755
   880    755
   882    755
   884    755
   886    755
   888    755
   894    755
   898    755
   902    755
   903    755
   910    755
   911    755
   912    755
   941    755
   942    755
   943    755
   944    755
   991    755
   992    755
   993    755
   994    755
   995    755
   996    755
   997    755
   998    755
   999    755
  1001    755
  1002    755
  1005    755
  1006    755
  1007    755
  1008    755
  1031    755
  1032    755
  1033    755
  1034    755
  1035    755
  1036    755
  1037    755
  1039    755
  1040    755
  1042    755
  1043    755
  1044    755
  1050    755
  1051    755
   778    756
   779    756
   780    756
   781    756
   782    756
   783    756
   784    756
   785    756
   786    756
   787    756
   788    756
   789    756
   790    756
   791    756
   792    756
   793    756
   794    756
   795    756
   796    756
   797    756
   798    756
   799    756
   800    756
   801    756
   802    756
   803    756
   804    756
   805    756
   806    756
   807    756
   808    756
   809    756
   810    756
   811    756
   812    756
   813    756
   814    756
   815    756
   816    756
   817    756
   818    756
   819    756
   820    756
   821    756
   822    756
   823    756
   824    756
   825    756
   826    756
   827    756
   828    756
   829    756
   830    756
   831    756
   832    756
   833    756
   834    756
   835    756
   837    756
   838    756
   839    756
   859    756
   862    756
   863    756
   871    756
   872    756
   873    756
   874    756
   875    756
   876    756
   877    756
   878    756
   879    756
   880    756
   881    756
   882    756
   883    756
   884    756
   885    756
   886    756
   887    756
   888    756
   889    756
   890    756
   891    756
   892    756
   893    756
   894    756
   895    756
   896    756
   897    756
   898    756
   899    756
   900    756
   901    756
   902    756
   903    756
   904    756
   905    756
   906    756
   907    756
   908    756
   909    756
   910    756
   911    756
   912    756
   935    756
   936    756
   937    756
   938    756
   939    756
   940    756
   941    756
   942    756
   943    756
   944    756
   995    756
   996    756
   997    756
   998    756
   999    756
  1000    756
  1001    756
  1002    756
  1003    756
  1004    756
  1005    756
  1006    756
  1007    756
  1008    756
  1032    756
  1033    756
  1034    756
  1035    756
  1036    756
  1037    756
  1038    756
  1039    756
  1040    756
  1042    756
  1043    756
  1044    756
  1050    756
  1051    756
  1052    756
  1053    756
   777    757
   778    757
   779    757
   780    757
   781    757
   782    757
   783    757
   784    757
   785    757
   786    757
   794    757
   795    757
   796    757
   797    757
   798    757
   799    757
   800    757
   801    757
   802    757
   803    757
   804    757
   805    757
   806    757
   807    757
   808    757
   809    757
   810    757
   811    757
   812    757
   813    757
   814    757
   815    757
   816    757
   817    757
   818    757
   819    757
   849    757
   850    757
   851    757
   852    757
   853    757
   854    757
   855    757
   856    757
   857    757
   858    757
   859    757
   873    757
   874    757
   875    757
   876    757
   881    757
   887    757
   888    757
   889    757
   892    757
   893    757
   894    757
   895    757
   896    757
   897    757
   898    757
   899    757
   900    757
   901    757
   902    757
   903    757
   904    757
   905    757
   906    757
   907    757
   908    757
   909    757
   910    757
   911    757
   935    757
   936    757
   937    757
   938    757
   939    757
   940    757
   941    757
   942    757
   943    757
   995    757
   996    757
   997    757
   998    757
   999    757
  1000    757
  1001    757
  1002    757
  1003    757
  1004    757
  1005    757
  1006    757
  1007    757
  1032    757
  1033    757
  1034    757
  1035    757
  1036    757
  1037    757
  1039    757
  1040    757
  1041    757
  1042    757
  1043    757
  1044    757
  1050    757
  1051    757
  1052    757
  1053    757
  1054    757
  1055    757
  1056    757
   831    758
   832    758
   833    758
   838    758
   839    758
   840    758
   841    758
   842    758
   843    758
   844    758
   845    758
   846    758
   847    758
   848    758
   908    758
   909    758
   910    758
   911    758
   912    758
   936    758
   937    758
   938    758
   939    758
   940    758
   941    758
   942    758
   943    758
   996    758
   997    758
   998    758
   999    758
  1000    758
  1001    758
  1002    758
  1003    758
  1004    758
  1005    758
  1006    758
  1007    758
  1008    758
  1009    758
  1010    758
  1011    758
  1032    758
  1033    758
  1034    758
  1035    758
  1036    758
  1037    758
  1038    758
  1039    758
  1040    758
  1041    758
  1042    758
  1043    758
  1049    758
  1050    758
  1051    758
  1052    758
  1053    758
  1054    758
  1055    758
  1056    758
  1057    758
  1058    758
   774    759
   775    759
   776    759
   780    759
   781    759
   811    759
   812    759
   813    759
   814    759
   815    759
   816    759
   817    759
   820    759
   831    759
   832    759
   833    759
   834    759
   835    759
   836    759
   837    759
   838    759
   839    759
   840    759
   841    759
   842    759
   843    759
   844    759
   845    759
   928    759
   932    759
   936    759
   937    759
   938    759
   939    759
   940    759
   941    759
   942    759
   943    759
   944    759
   996    759
   997    759
   998    759
   999    759
  1000    759
  1001    759
  1002    759
  1003    759
  1004    759
  1005    759
  1006    759
  1007    759
  1008    759
  1009    759
  1010    759
  1011    759
  1032    759
  1033    759
  1034    759
  1035    759
  1036    759
  1037    759
  1038    759
  1039    759
  1040    759
  1041    759
  1042    759
  1043    759
  1049    759
  1050    759
  1051    759
  1053    759
  1054    759
  1055    759
  1056    759
  1057    759
  1058    759
  1059    759
  1060    759
  1061    759
   770    760
   771    760
   772    760
   773    760
   774    760
   775    760
   776    760
   777    760
   778    760
   779    760
   780    760
   781    760
   782    760
   787    760
   788    760
   789    760
   790    760
   791    760
   792    760
   793    760
   796    760
   798    760
   799    760
   800    760
   801    760
   802    760
   803    760
   804    760
   805    760
   806    760
   807    760
   808    760
   809    760
   810    760
   815    760
   816    760
   817    760
   818    760
   819    760
   820    760
   821    760
   822    760
   823    760
   824    760
   825    760
   826    760
   827    760
   828    760
   829    760
   830    760
   831    760
   832    760
   910    760
   928    760
   929    760
   930    760
   931    760
   932    760
   933    760
   934    760
   937    760
   938    760
   939    760
   940    760
   941    760
   942    760
   943    760
   990    760
   991    760
   992    760
   993    760
   994    760
   995    760
  1004    760
  1005    760
  1006    760
  1007    760
  1008    760
  1009    760
  1010    760
  1011    760
  1012    760
  1013    760
  1014    760
  1015    760
  1025    760
  1032    760
  1033    760
  1034    760
  1035    760
  1036    760
  1037    760
  1038    760
  1039    760
  1040    760
  1041    760
  1042    760
  1043    760
  1044    760
  1045    760
  1052    760
  1053    760
  1054    760
  1055    760
  1056    760
  1057    760
  1058    760
  1059    760
  1060    760
  1061    760
  1062    760
  1063    760
  1064    760
   769    761
   770    761
   771    761
   772    761
   773    761
   774    761
   775    761
   776    761
   777    761
   778    761
   779    761
   780    761
   781    761
   782    761
   783    761
   784    761
   785    761
   786    761
   787    761
   788    761
   789    761
   790    761
   791    761
   792    761
   793    761
   794    761
   795    761
   796    761
   797    761
   798    761
   799    761
   800    761
   801    761
   816    761
   817    761
   818    761
   819    761
   820    761
   821    761
   822    761
   823    761
   824    761
   825    761
   826    761
   827    761
   828    761
   829    761
   830    761
   831    761
   927    761
   928    761
   929    761
   930    761
   931    761
   932    761
   933    761
   937    761
   938    761
   939    761
   940    761
   941    761
   942    761
   943    761
   989    761
   990    761
   991    761
   992    761
   993    761
   994    761
   995    761
  1004    761
  1005    761
  1006    761
  1007    761
  1008    761
  1009    761
  1010    761
  1011    761
  1012    761
  1013    761
  1014    761
  1015    761
  1024    761
  1025    761
  1032    761
  1033    761
  1034    761
  1035    761
  1036    761
  1037    761
  1038    761
  1039    761
  1040    761
  1041    761
  1042    761
  1043    761
  1044    761
  1052    761
  1053    761
  1054    761
  1055    761
  1056    761
  1057    761
  1058    761
  1059    761
  1060    761
  1061    761
  1062    761
  1063    761
  1064    761
  1065    761
  1066    761
   768    762
   769    762
   770    762
   776    762
   777    762
   778    762
   779    762
   780    762
   781    762
   783    762
   784    762
   785    762
   799    762
   800    762
   801    762
   802    762
   803    762
   928    762
   929    762
   930    762
   931    762
   932    762
   933    762
   941    762
   942    762
   943    762
   988    762
   989    762
   990    762
   991    762
   992    762
   993    762
   994    762
   995    762
  1005    762
  1006    762
  1007    762
  1008    762
  1009    762
  1010    762
  1011    762
  1012    762
  1013    762
  1014    762
  1015    762
  1016    762
  1024    762
  1025    762
  1026    762
  1027    762
  1032    762
  1033    762
  1034    762
  1035    762
  1036    762
  1037    762
  1038    762
  1039    762
  1040    762
  1041    762
  1042    762
  1043    762
  1045    762
  1046    762
  1047    762
  1048    762
  1049    762
  1050    762
  1051    762
  1052    762
  1053    762
  1054    762
  1055    762
  1062    762
  1063    762
  1064    762
  1065    762
  1066    762
  1067    762
  1068    762
  1069    762
   768    763
   769    763
   770    763
   776    763
   777    763
   778    763
   779    763
   780    763
   784    763
   799    763
   800    763
   801    763
   802    763
   803    763
   804    763
   928    763
   929    763
   930    763
   931    763
   932    763
   933    763
   934    763
   942    763
   988    763
   989    763
   990    763
   991    763
   992    763
   993    763
   994    763
   995    763
  1006    763
  1007    763
  1008    763
  1009    763
  1010    763
  1011    763
  1012    763
  1013    763
  1014    763
  1015    763
  1016    763
  1024    763
  1025    763
  1026    763
  1027    763
  1032    763
  1033    763
  1034    763
  1035    763
  1038    763
  1039    763
  1040    763
  1041    763
  1042    763
  1043    763
  1044    763
  1045    763
  1046    763
  1047    763
  1048    763
  1049    763
  1050    763
  1051    763
  1052    763
  1053    763
  1054    763
  1055    763
  1062    763
  1063    763
  1064    763
  1065    763
  1066    763
  1067    763
  1068    763
  1069    763
  1070    763
  1071    763
   769    764
   799    764
   800    764
   801    764
   802    764
   803    764
   804    764
   928    764
   992    764
   993    764
   994    764
   995    764
  1005    764
  1006    764
  1007    764
  1008    764
  1009    764
  1010    764
  1011    764
  1012    764
  1013    764
  1014    764
  1015    764
  1016    764
  1017    764
  1018    764
  1019    764
  1020    764
  1021    764
  1023    764
  1024    764
  1025    764
  1026    764
  1027    764
  1032    764
  1033    764
  1034    764
  1035    764
  1036    764
  1039    764
  1040    764
  1041    764
  1042    764
  1043    764
  1044    764
  1045    764
  1046    764
  1047    764
  1048    764
  1049    764
  1050    764
  1051    764
  1052    764
  1054    764
  1055    764
  1066    764
  1067    764
  1068    764
  1069    764
  1070    764
  1071    764
  1072    764
  1073    764
  1074    764
   768    765
   769    765
   770    765
   779    765
   800    765
   801    765
   802    765
   992    765
   993    765
   994    765
   995    765
  1005    765
  1006    765
  1007    765
  1008    765
  1009    765
  1010    765
  1011    765
  1012    765
  1013    765
  1014    765
  1015    765
  1016    765
  1017    765
  1018    765
  1019    765
  1020    765
  1021    765
  1023    765
  1024    765
  1025    765
  1026    765
  1027    765
  1031    765
  1032    765
  1033    765
  1034    765
  1035    765
  1038    765
  1039    765
  1040    765
  1041    765
  1042    765
  1043    765
  1044    765
  1045    765
  1046    765
  1047    765
  1048    765
  1049    765
  1050    765
  1051    765
  1052    765
  1066    765
  1067    765
  1068    765
  1069    765
  1070    765
  1071    765
  1072    765
  1073    765
  1074    765
  1075    765
  1076    765
   768    766
   769    766
   770    766
   777    766
   778    766
   779    766
   800    766
   801    766
   992    766
   993    766
   994    766
   995    766
  1006    766
  1007    766
  1008    766
  1009    766
  1010    766
  1011    766
  1012    766
  1013    766
  1014    766
  1015    766
  1016    766
  1017    766
  1018    766
  1019    766
  1020    766
  1021    766
  1022    766
  1023    766
  1024    766
  1025    766
  1026    766
  1027    766
  1032    766
  1033    766
  1034    766
  1035    766
  1039    766
  1040    766
  1041    766
  1042    766
  1043    766
  1044    766
  1045    766
  1046    766
  1047    766
  1048    766
  1049    766
  1050    766
  1051    766
  1052    766
  1070    766
  1071    766
  1072    766
  1073    766
  1074    766
  1075    766
  1076    766
  1077    766
  1078    766
  1079    766
   992    767
   993    767
   994    767
   995    767
  1005    767
  1006    767
  1007    767
  1008    767
  1009    767
  1010    767
  1011    767
  1012    767
  1013    767
  1014    767
  1015    767
  1016    767
  1017    767
  1018    767
  1019    767
  1020    767
  1021    767
  1022    767
  1023    767
  1024    767
  1025    767
  1026    767
  1027    767
  1032    767
  1033    767
  1034    767
  1035    767
  1036    767
  1037    767
  1038    767
  1039    767
  1040    767
  1041    767
  1042    767
  1043    767
  1044    767
  1045    767
  1046    767
  1047    767
  1048    767
  1049    767
  1050    767
  1051    767
  1052    767
  1053    767
  1054    767
  1063    767
  1064    767
  1065    767
  1066    767
  1069    767
  1070    767
  1071    767
  1074    767
  1075    767
  1076    767
  1077    767
  1006    768
  1007    768
  1008    768
  1009    768
  1010    768
  1011    768
  1012    768
  1013    768
  1014    768
  1015    768
  1016    768
  1017    768
  1018    768
  1019    768
  1020    768
  1021    768
  1022    768
  1023    768
  1024    768
  1025    768
  1026    768
  1027    768
  1028    768
  1029    768
  1030    768
  1031    768
  1032    768
  1033    768
  1034    768
  1035    768
  1036    768
  1037    768
  1038    768
  1039    768
  1040    768
  1041    768
  1042    768
  1043    768
  1044    768
  1045    768
  1046    768
  1047    768
  1048    768
  1049    768
  1057    768
  1058    768
  1059    768
  1060    768
  1061    768
  1062    768
  1063    768
  1064    768
  1065    768
  1066    768
  1067    768
  1068    768
  1073    768
  1074    768
  1075    768
   790    769
   791    769
   792    769
  1005    769
  1006    769
  1007    769
  1008    769
  1009    769
  1010    769
  1013    769
  1014    769
  1015    769
  1016    769
  1017    769
  1018    769
  1019    769
  1020    769
  1021    769
  1022    769
  1023    769
  1024    769
  1025    769
  1026    769
  1027    769
  1028    769
  1029    769
  1030    769
  1031    769
  1032    769
  1033    769
  1034    769
  1035    769
  1036    769
  1037    769
  1038    769
  1039    769
  1040    769
  1041    769
  1042    769
  1043    769
  1044    769
  1045    769
  1046    769
  1047    769
  1055    769
  1056    769
  1057    769
  1058    769
  1059    769
  1060    769
  1061    769
  1062    769
  1063    769
  1064    769
  1065    769
  1066    769
  1067    769
  1068    769
  1069    769
  1070    769
  1071    769
  1072    769
  1073    769
  1074    769
  1075    769
  1080    769
  1081    769
  1082    769
  1083    769
  1084    769
  1085    769
  1086    769
   788    770
   789    770
   790    770
   791    770
   792    770
   793    770
   794    770
  1006    770
  1007    770
  1008    770
  1009    770
  1014    770
  1015    770
  1016    770
  1017    770
  1018    770
  1019    770
  1020    770
  1021    770
  1022    770
  1023    770
  1024    770
  1025    770
  1026    770
  1028    770
  1029    770
  1030    770
  1031    770
  1032    770
  1033    770
  1034    770
  1035    770
  1036    770
  1037    770
  1038    770
  1039    770
  1040    770
  1041    770
  1042    770
  1043    770
  1044    770
  1045    770
  1046    770
  1047    770
  1048    770
  1064    770
  1065    770
  1066    770
  1067    770
  1068    770
  1069    770
  1070    770
  1071    770
  1072    770
  1073    770
  1077    770
  1078    770
  1079    770
  1081    770
  1082    770
  1083    770
  1084    770
  1085    770
  1086    770
  1087    770
  1088    770
  1089    770
   787    771
   788    771
   789    771
   790    771
   791    771
   792    771
   793    771
   794    771
  1006    771
  1007    771
  1008    771
  1009    771
  1010    771
  1011    771
  1012    771
  1013    771
  1014    771
  1015    771
  1016    771
  1017    771
  1018    771
  1019    771
  1020    771
  1021    771
  1022    771
  1023    771
  1024    771
  1026    771
  1027    771
  1028    771
  1029    771
  1030    771
  1031    771
  1032    771
  1033    771
  1034    771
  1035    771
  1036    771
  1037    771
  1038    771
  1039    771
  1040    771
  1041    771
  1042    771
  1043    771
  1044    771
  1045    771
  1046    771
  1047    771
  1048    771
  1052    771
  1053    771
  1054    771
  1066    771
  1067    771
  1068    771
  1070    771
  1071    771
  1072    771
  1078    771
  1079    771
  1080    771
  1081    771
  1082    771
  1083    771
  1084    771
  1085    771
  1086    771
  1087    771
  1088    771
  1089    771
  1090    771
  1091    771
   770    772
   771    772
   772    772
   773    772
   774    772
   775    772
   776    772
   785    772
   786    772
   787    772
   788    772
   789    772
   790    772
   791    772
   792    772
   793    772
   794    772
   795    772
   998    772
   999    772
  1003    772
  1004    772
  1005    772
  1006    772
  1007    772
  1017    772
  1018    772
  1023    772
  1024    772
  1025    772
  1026    772
  1027    772
  1028    772
  1029    772
  1030    772
  1031    772
  1032    772
  1033    772
  1034    772
  1035    772
  1036    772
  1037    772
  1038    772
  1039    772
  1040    772
  1041    772
  1042    772
  1043    772
  1044    772
  1045    772
  1046    772
  1047    772
  1048    772
  1049    772
  1055    772
  1056    772
  1057    772
  1058    772
  1059    772
  1060    772
  1066    772
  1067    772
  1068    772
  1071    772
  1072    772
  1073    772
  1077    772
  1078    772
  1079    772
  1080    772
  1081    772
  1082    772
  1083    772
  1084    772
  1085    772
  1086    772
  1087    772
  1088    772
  1089    772
  1090    772
  1091    772
  1092    772
  1093    772
  1094    772
   770    773
   771    773
   772    773
   773    773
   774    773
   775    773
   784    773
   785    773
   786    773
   787    773
   788    773
   789    773
   790    773
   791    773
   792    773
   793    773
   794    773
   795    773
  1001    773
  1002    773
  1003    773
  1004    773
  1005    773
  1006    773
  1007    773
  1023    773
  1024    773
  1025    773
  1026    773
  1027    773
  1028    773
  1029    773
  1030    773
  1031    773
  1032    773
  1033    773
  1034    773
  1035    773
  1036    773
  1037    773
  1038    773
  1039    773
  1040    773
  1041    773
  1042    773
  1043    773
  1044    773
  1045    773
  1046    773
  1047    773
  1048    773
  1049    773
  1050    773
  1054    773
  1055    773
  1056    773
  1057    773
  1058    773
  1059    773
  1060    773
  1065    773
  1066    773
  1067    773
  1068    773
  1075    773
  1076    773
  1077    773
  1078    773
  1079    773
  1080    773
  1081    773
  1082    773
  1083    773
  1084    773
  1085    773
  1086    773
  1087    773
  1088    773
  1089    773
  1090    773
  1091    773
  1092    773
  1093    773
  1094    773
  1095    773
  1096    773
   768    774
   769    774
   770    774
   771    774
   772    774
   773    774
   774    774
   775    774
   776    774
   777    774
   778    774
   779    774
   783    774
   784    774
   785    774
   786    774
   787    774
   788    774
   789    774
   791    774
   793    774
   794    774
   795    774
   796    774
   797    774
  1001    774
  1002    774
  1003    774
  1004    774
  1005    774
  1006    774
  1007    774
  1023    774
  1024    774
  1025    774
  1026    774
  1027    774
  1028    774
  1029    774
  1030    774
  1031    774
  1032    774
  1033    774
  1034    774
  1035    774
  1036    774
  1037    774
  1038    774
  1039    774
  1040    774
  1041    774
  1042    774
  1043    774
  1044    774
  1045    774
  1046    774
  1047    774
  1048    774
  1049    774
  1050    774
  1051    774
  1052    774
  1053    774
  1054    774
  1055    774
  1056    774
  1058    774
  1059    774
  1060    774
  1061    774
  1062    774
  1063    774
  1064    774
  1065    774
  1066    774
  1067    774
  1073    774
  1074    774
  1075    774
  1076    774
  1077    774
  1078    774
  1079    774
  1080    774
  1081    774
  1082    774
  1083    774
  1084    774
  1085    774
  1086    774
  1087    774
  1088    774
  1089    774
  1090    774
  1091    774
  1092    774
  1093    774
  1096    774
  1097    774
  1098    774
  1099    774
   759    775
   760    775
   761    775
   762    775
   763    775
   767    775
   768    775
   769    775
   770    775
   771    775
   772    775
   773    775
   774    775
   775    775
   776    775
   777    775
   778    775
   791    775
   792    775
   995    775
   996    775
  1001    775
  1002    775
  1003    775
  1004    775
  1005    775
  1006    775
  1007    775
  1008    775
  1019    775
  1020    775
  1023    775
  1024    775
  1025    775
  1026    775
  1027    775
  1028    775
  1029    775
  1030    775
  1031    775
  1032    775
  1033    775
  1034    775
  1035    775
  1036    775
  1037    775
  1038    775
  1039    775
  1040    775
  1041    775
  1042    775
  1043    775
  1044    775
  1045    775
  1046    775
  1047    775
  1048    775
  1049    775
  1050    775
  1051    775
  1052    775
  1053    775
  1054    775
  1055    775
  1056    775
  1058    775
  1059    775
  1060    775
  1061    775
  1062    775
  1063    775
  1068    775
  1069    775
  1070    775
  1071    775
  1072    775
  1073    775
  1074    775
  1075    775
  1076    775
  1077    775
  1078    775
  1079    775
  1080    775
  1081    775
  1082    775
  1083    775
  1084    775
  1085    775
  1086    775
  1087    775
  1088    775
  1089    775
  1090    775
  1091    775
  1092    775
  1093    775
  1094    775
  1095    775
  1096    775
  1097    775
  1098    775
  1099    775
  1100    775
  1101    775
  1004    776
  1005    776
  1006    776
  1007    776
  1023    776
  1024    776
  1025    776
  1026    776
  1029    776
  1030    776
  1031    776
  1032    776
  1033    776
  1034    776
  1035    776
  1036    776
  1037    776
  1038    776
  1039    776
  1040    776
  1041    776
  1042    776
  1043    776
  1044    776
  1045    776
  1046    776
  1047    776
  1048    776
  1049    776
  1050    776
  1051    776
  1052    776
  1053    776
  1054    776
  1055    776
  1056    776
  1057    776
  1058    776
  1059    776
  1060    776
  1064    776
  1065    776
  1067    776
  1068    776
  1069    776
  1070    776
  1071    776
  1072    776
  1073    776
  1074    776
  1075    776
  1076    776
  1077    776
  1078    776
  1079    776
  1080    776
  1081    776
  1082    776
  1083    776
  1084    776
  1085    776
  1086    776
  1087    776
  1088    776
  1089    776
  1090    776
  1091    776
  1092    776
  1093    776
  1094    776
  1095    776
  1096    776
  1097    776
  1098    776
  1099    776
  1100    776
  1101    776
  1102    776
  1103    776
  1104    776
  1004    777
  1005    777
  1006    777
  1007    777
  1023    777
  1024    777
  1025    777
  1026    777
  1029    777
  1030    777
  1031    777
  1032    777
  1033    777
  1034    777
  1035    777
  1036    777
  1037    777
  1038    777
  1039    777
  1040    777
  1041    777
  1042    777
  1043    777
  1044    777
  1045    777
  1046    777
  1047    777
  1048    777
  1049    777
  1050    777
  1051    777
  1052    777
  1053    777
  1054    777
  1055    777
  1056    777
  1058    777
  1059    777
  1062    777
  1063    777
  1064    777
  1065    777
  1066    777
  1067    777
  1068    777
  1069    777
  1070    777
  1071    777
  1072    777
  1073    777
  1074    777
  1075    777
  1076    777
  1077    777
  1078    777
  1079    777
  1080    777
  1081    777
  1082    777
  1083    777
  1084    777
  1085    777
  1086    777
  1087    777
  1088    777
  1089    777
  1090    777
  1091    777
  1092    777
  1093    777
  1094    777
  1095    777
  1096    777
  1097    777
  1098    777
  1099    777
  1100    777
  1101    777
  1102    777
  1103    777
  1104    777
  1105    777
  1106    777
  1024    778
  1025    778
  1031    778
  1032    778
  1033    778
  1034    778
  1035    778
  1036    778
  1037    778
  1038    778
  1039    778
  1040    778
  1041    778
  1042    778
  1043    778
  1044    778
  1045    778
  1046    778
  1047    778
  1048    778
  1049    778
  1050    778
  1051    778
  1052    778
  1053    778
  1054    778
  1055    778
  1058    778
  1059    778
  1060    778
  1061    778
  1062    778
  1063    778
  1064    778
  1065    778
  1066    778
  1067    778
  1068    778
  1069    778
  1070    778
  1071    778
  1072    778
  1073    778
  1074    778
  1075    778
  1076    778
  1077    778
  1078    778
  1079    778
  1080    778
  1081    778
  1082    778
  1083    778
  1084    778
  1085    778
  1086    778
  1087    778
  1088    778
  1089    778
  1090    778
  1091    778
  1092    778
  1093    778
  1094    778
  1095    778
  1096    778
  1097    778
  1098    778
  1099    778
  1100    778
  1101    778
  1102    778
  1103    778
  1104    778
  1105    778
  1106    778
  1107    778
  1108    778
  1109    778
  1033    779
  1034    779
  1035    779
  1036    779
  1037    779
  1038    779
  1039    779
  1040    779
  1041    779
  1042    779
  1043    779
  1044    779
  1045    779
  1046    779
  1047    779
  1048    779
  1049    779
  1050    779
  1051    779
  1052    779
  1053    779
  1054    779
  1055    779
  1058    779
  1059    779
  1060    779
  1061    779
  1062    779
  1063    779
  1064    779
  1065    779
  1066    779
  1067    779
  1068    779
  1069    779
  1070    779
  1071    779
  1072    779
  1073    779
  1074    779
  1075    779
  1076    779
  1077    779
  1078    779
  1079    779
  1080    779
  1081    779
  1082    779
  1083    779
  1084    779
  1085    779
  1086    779
  1087    779
  1088    779
  1089    779
  1090    779
  1091    779
  1092    779
  1093    779
  1094    779
  1095    779
  1096    779
  1097    779
  1098    779
  1099    779
  1100    779
  1101    779
  1102    779
  1103    779
  1104    779
  1105    779
  1106    779
  1107    779
  1108    779
  1109    779
  1110    779
  1111    779
  1112    779
  1035    780
  1036    780
  1037    780
  1038    780
  1039    780
  1040    780
  1041    780
  1042    780
  1043    780
  1044    780
  1045    780
  1046    780
  1047    780
  1048    780
  1049    780
  1050    780
  1051    780
  1052    780
  1053    780
  1054    780
  1055    780
  1056    780
  1057    780
  1058    780
  1059    780
  1060    780
  1061    780
  1062    780
  1063    780
  1064    780
  1065    780
  1066    780
  1067    780
  1068    780
  1069    780
  1070    780
  1071    780
  1072    780
  1073    780
  1074    780
  1075    780
  1076    780
  1077    780
  1078    780
  1079    780
  1080    780
  1081    780
  1083    780
  1084    780
  1085    780
  1086    780
  1087    780
  1088    780
  1089    780
  1090    780
  1091    780
  1092    780
  1093    780
  1094    780
  1095    780
  1096    780
  1097    780
  1098    780
  1099    780
  1100    780
  1101    780
  1102    780
  1103    780
  1104    780
  1105    780
  1106    780
  1107    780
  1108    780
  1109    780
  1110    780
  1111    780
  1112    780
  1113    780
  1114    780
  1035    781
  1036    781
  1037    781
  1038    781
  1039    781
  1040    781
  1041    781
  1042    781
  1043    781
  1044    781
  1045    781
  1046    781
  1047    781
  1048    781
  1049    781
  1050    781
  1051    781
  1052    781
  1053    781
  1054    781
  1055    781
  1056    781
  1058    781
  1059    781
  1060    781
  1061    781
  1062    781
  1063    781
  1064    781
  1065    781
  1066    781
  1067    781
  1068    781
  1069    781
  1070    781
  1071    781
  1072    781
  1073    781
  1074    781
  1075    781
  1076    781
  1077    781
  1078    781
  1082    781
  1083    781
  1084    781
  1085    781
  1086    781
  1087    781
  1088    781
  1089    781
  1090    781
  1091    781
  1092    781
  1093    781
  1094    781
  1095    781
  1096    781
  1097    781
  1098    781
  1099    781
  1100    781
  1101    781
  1104    781
  1105    781
  1106    781
  1107    781
  1108    781
  1109    781
  1110    781
  1111    781
  1112    781
  1113    781
  1114    781
  1115    781
  1116    781
  1117    781
  1036    782
  1037    782
  1038    782
  1039    782
  1040    782
  1041    782
  1042    782
  1043    782
  1044    782
  1045    782
  1046    782
  1047    782
  1048    782
  1049    782
  1050    782
  1051    782
  1052    782
  1053    782
  1054    782
  1057    782
  1058    782
  1059    782
  1060    782
  1061    782
  1062    782
  1063    782
  1064    782
  1065    782
  1066    782
  1067    782
  1068    782
  1069    782
  1070    782
  1071    782
  1072    782
  1073    782
  1074    782
  1075    782
  1076    782
  1077    782
  1080    782
  1081    782
  1082    782
  1083    782
  1084    782
  1085    782
  1086    782
  1087    782
  1088    782
  1089    782
  1090    782
  1091    782
  1092    782
  1093    782
  1094    782
  1095    782
  1096    782
  1097    782
  1102    782
  1103    782
  1104    782
  1105    782
  1106    782
  1107    782
  1108    782
  1109    782
  1110    782
  1111    782
  1112    782
  1113    782
  1114    782
  1115    782
  1116    782
  1117    782
  1118    782
  1119    782
  1028    783
  1029    783
  1030    783
  1031    783
  1032    783
  1033    783
  1034    783
  1035    783
  1036    783
  1037    783
  1038    783
  1039    783
  1040    783
  1041    783
  1042    783
  1043    783
  1044    783
  1045    783
  1046    783
  1047    783
  1048    783
  1049    783
  1050    783
  1051    783
  1052    783
  1053    783
  1054    783
  1055    783
  1056    783
  1057    783
  1058    783
  1059    783
  1060    783
  1061    783
  1062    783
  1063    783
  1064    783
  1065    783
  1066    783
  1067    783
  1068    783
  1069    783
  1070    783
  1071    783
  1072    783
  1073    783
  1074    783
  1075    783
  1076    783
  1079    783
  1080    783
  1081    783
  1082    783
  1083    783
  1084    783
  1085    783
  1086    783
  1087    783
  1088    783
  1089    783
  1090    783
  1091    783
  1092    783
  1093    783
  1094    783
  1095    783
  1096    783
  1098    783
  1099    783
  1100    783
  1101    783
  1103    783
  1104    783
  1105    783
  1106    783
  1107    783
  1108    783
  1109    783
  1110    783
  1111    783
  1112    783
  1113    783
  1114    783
  1115    783
  1116    783
  1117    783
  1118    783
  1119    783
  1120    783
  1121    783
  1004    784
  1005    784
  1006    784
  1007    784
  1008    784
  1009    784
  1010    784
  1011    784
  1016    784
  1017    784
  1018    784
  1019    784
  1020    784
  1021    784
  1022    784
  1023    784
  1025    784
  1026    784
  1027    784
  1028    784
  1029    784
  1030    784
  1031    784
  1032    784
  1033    784
  1034    784
  1035    784
  1036    784
  1037    784
  1042    784
  1043    784
  1044    784
  1045    784
  1046    784
  1048    784
  1053    784
  1054    784
  1055    784
  1057    784
  1058    784
  1059    784
  1060    784
  1061    784
  1062    784
  1063    784
  1064    784
  1065    784
  1066    784
  1067    784
  1068    784
  1069    784
  1070    784
  1071    784
  1072    784
  1073    784
  1074    784
  1077    784
  1078    784
  1079    784
  1080    784
  1081    784
  1082    784
  1083    784
  1084    784
  1085    784
  1086    784
  1087    784
  1088    784
  1089    784
  1090    784
  1091    784
  1092    784
  1093    784
  1094    784
  1095    784
  1096    784
  1097    784
  1098    784
  1099    784
  1100    784
  1101    784
  1102    784
  1103    784
  1104    784
  1105    784
  1106    784
  1107    784
  1108    784
  1109    784
  1110    784
  1111    784
  1112    784
  1113    784
  1114    784
  1115    784
  1116    784
  1117    784
  1118    784
  1119    784
  1120    784
  1121    784
  1122    784
   999    785
  1000    785
  1001    785
  1011    785
  1012    785
  1013    785
  1015    785
  1016    785
  1017    785
  1018    785
  1019    785
  1020    785
  1021    785
  1022    785
  1023    785
  1024    785
  1025    785
  1026    785
  1027    785
  1028    785
  1029    785
  1033    785
  1034    785
  1035    785
  1036    785
  1053    785
  1054    785
  1055    785
  1056    785
  1057    785
  1058    785
  1059    785
  1060    785
  1061    785
  1062    785
  1063    785
  1064    785
  1065    785
  1066    785
  1067    785
  1068    785
  1069    785
  1070    785
  1071    785
  1072    785
  1075    785
  1076    785
  1077    785
  1078    785
  1079    785
  1080    785
  1081    785
  1082    785
  1083    785
  1084    785
  1085    785
  1086    785
  1087    785
  1088    785
  1089    785
  1090    785
  1091    785
  1092    785
  1093    785
  1094    785
  1095    785
  1096    785
  1097    785
  1099    785
  1100    785
  1101    785
  1104    785
  1105    785
  1106    785
  1107    785
  1108    785
  1109    785
  1110    785
  1111    785
  1112    785
  1113    785
  1114    785
  1115    785
  1116    785
  1117    785
  1118    785
  1119    785
  1120    785
  1001    786
  1002    786
  1003    786
  1004    786
  1005    786
  1006    786
  1008    786
  1009    786
  1010    786
  1011    786
  1012    786
  1013    786
  1018    786
  1019    786
  1020    786
  1021    786
  1022    786
  1023    786
  1024    786
  1025    786
  1026    786
  1027    786
  1028    786
  1029    786
  1030    786
  1034    786
  1035    786
  1036    786
  1056    786
  1057    786
  1059    786
  1060    786
  1061    786
  1062    786
  1063    786
  1064    786
  1065    786
  1066    786
  1067    786
  1068    786
  1069    786
  1070    786
  1073    786
  1074    786
  1075    786
  1076    786
  1077    786
  1078    786
  1079    786
  1080    786
  1081    786
  1082    786
  1083    786
  1084    786
  1085    786
  1086    786
  1087    786
  1088    786
  1089    786
  1090    786
  1091    786
  1092    786
  1093    786
  1095    786
  1101    786
  1103    786
  1104    786
  1105    786
  1106    786
  1107    786
  1108    786
  1109    786
  1110    786
  1111    786
  1112    786
  1113    786
  1114    786
  1115    786
  1116    786
  1117    786
  1118    786
  1119    786
  1018    787
  1019    787
  1020    787
  1021    787
  1022    787
  1023    787
  1024    787
  1025    787
  1026    787
  1027    787
  1028    787
  1029    787
  1030    787
  1031    787
  1032    787
  1033    787
  1034    787
  1035    787
  1036    787
  1037    787
  1056    787
  1057    787
  1058    787
  1059    787
  1060    787
  1061    787
  1062    787
  1063    787
  1064    787
  1067    787
  1071    787
  1072    787
  1073    787
  1074    787
  1075    787
  1076    787
  1077    787
  1078    787
  1079    787
  1080    787
  1081    787
  1082    787
  1083    787
  1084    787
  1085    787
  1086    787
  1087    787
  1088    787
  1089    787
  1090    787
  1091    787
  1092    787
  1101    787
  1102    787
  1103    787
  1105    787
  1106    787
  1107    787
  1108    787
  1109    787
  1110    787
  1111    787
  1112    787
  1113    787
  1114    787
  1115    787
  1116    787
  1117    787
  1131    787
  1132    787
  1023    788
  1024    788
  1025    788
  1026    788
  1027    788
  1028    788
  1029    788
  1030    788
  1031    788
  1032    788
  1033    788
  1034    788
  1035    788
  1036    788
  1037    788
  1038    788
  1066    788
  1067    788
  1068    788
  1069    788
  1070    788
  1071    788
  1072    788
  1073    788
  1074    788
  1075    788
  1076    788
  1077    788
  1078    788
  1079    788
  1080    788
  1081    788
  1082    788
  1083    788
  1084    788
  1085    788
  1086    788
  1087    788
  1088    788
  1089    788
  1090    788
  1103    788
  1104    788
  1105    788
  1113    788
  1114    788
  1115    788
  1116    788
  1117    788
  1131    788
  1132    788
  1133    788
  1134    788
  1023    789
  1024    789
  1025    789
  1026    789
  1027    789
  1028    789
  1029    789
  1030    789
  1031    789
  1032    789
  1033    789
  1034    789
  1035    789
  1036    789
  1037    789
  1038    789
  1039    789
  1067    789
  1068    789
  1069    789
  1070    789
  1071    789
  1072    789
  1073    789
  1074    789
  1075    789
  1076    789
  1077    789
  1078    789
  1079    789
  1080    789
  1081    789
  1082    789
  1083    789
  1084    789
  1085    789
  1086    789
  1088    789
  1089    789
  1106    789
  1107    789
  1108    789
  1109    789
  1110    789
  1112    789
  1113    789
  1114    789
  1115    789
  1116    789
  1131    789
  1132    789
  1133    789
  1134    789
  1135    789
  1136    789
  1023    790
  1024    790
  1025    790
  1026    790
  1031    790
  1032    790
  1033    790
  1034    790
  1035    790
  1036    790
  1038    790
  1039    790
  1040    790
  1041    790
  1042    790
  1043    790
  1044    790
  1045    790
  1046    790
  1047    790
  1065    790
  1066    790
  1067    790
  1068    790
  1069    790
  1070    790
  1071    790
  1072    790
  1073    790
  1074    790
  1075    790
  1076    790
  1077    790
  1078    790
  1079    790
  1080    790
  1081    790
  1082    790
  1083    790
  1084    790
  1086    790
  1087    790
  1109    790
  1110    790
  1111    790
  1112    790
  1131    790
  1132    790
  1133    790
  1134    790
  1135    790
  1136    790
  1024    791
  1025    791
  1031    791
  1032    791
  1033    791
  1034    791
  1035    791
  1037    791
  1040    791
  1041    791
  1042    791
  1043    791
  1048    791
  1049    791
  1050    791
  1063    791
  1064    791
  1065    791
  1066    791
  1067    791
  1068    791
  1069    791
  1070    791
  1071    791
  1072    791
  1073    791
  1074    791
  1075    791
  1076    791
  1077    791
  1078    791
  1079    791
  1080    791
  1081    791
  1082    791
  1083    791
  1086    791
  1087    791
  1088    791
  1089    791
  1090    791
  1094    791
  1095    791
  1096    791
  1097    791
  1130    791
  1131    791
  1132    791
  1133    791
  1134    791
  1135    791
  1136    791
  1030    792
  1031    792
  1032    792
  1033    792
  1034    792
  1035    792
  1036    792
  1037    792
  1038    792
  1039    792
  1040    792
  1041    792
  1042    792
  1043    792
  1044    792
  1045    792
  1046    792
  1047    792
  1048    792
  1050    792
  1051    792
  1061    792
  1062    792
  1063    792
  1064    792
  1065    792
  1066    792
  1067    792
  1068    792
  1069    792
  1070    792
  1071    792
  1072    792
  1073    792
  1074    792
  1075    792
  1076    792
  1077    792
  1078    792
  1079    792
  1080    792
  1081    792
  1082    792
  1084    792
  1085    792
  1086    792
  1092    792
  1098    792
  1099    792
  1100    792
  1114    792
  1115    792
  1116    792
  1117    792
  1118    792
  1119    792
  1120    792
  1131    792
  1132    792
  1133    792
  1134    792
  1135    792
  1136    792
  1142    792
  1029    793
  1030    793
  1031    793
  1032    793
  1033    793
  1034    793
  1035    793
  1036    793
  1037    793
  1038    793
  1039    793
  1040    793
  1041    793
  1042    793
  1043    793
  1044    793
  1045    793
  1046    793
  1047    793
  1048    793
  1049    793
  1050    793
  1051    793
  1052    793
  1060    793
  1061    793
  1062    793
  1063    793
  1064    793
  1065    793
  1066    793
  1067    793
  1068    793
  1069    793
  1070    793
  1071    793
  1072    793
  1073    793
  1074    793
  1075    793
  1076    793
  1077    793
  1078    793
  1079    793
  1080    793
  1082    793
  1083    793
  1084    793
  1086    793
  1087    793
  1088    793
  1089    793
  1090    793
  1091    793
  1092    793
  1093    793
  1094    793
  1095    793
  1096    793
  1097    793
  1098    793
  1101    793
  1102    793
  1114    793
  1115    793
  1116    793
  1117    793
  1118    793
  1119    793
  1120    793
  1131    793
  1132    793
  1133    793
  1134    793
  1135    793
  1136    793
  1028    794
  1029    794
  1030    794
  1032    794
  1033    794
  1034    794
  1035    794
  1036    794
  1037    794
  1038    794
  1039    794
  1040    794
  1041    794
  1042    794
  1043    794
  1044    794
  1045    794
  1046    794
  1047    794
  1048    794
  1049    794
  1050    794
  1051    794
  1059    794
  1060    794
  1061    794
  1062    794
  1063    794
  1064    794
  1065    794
  1066    794
  1067    794
  1068    794
  1069    794
  1070    794
  1071    794
  1072    794
  1073    794
  1074    794
  1075    794
  1076    794
  1077    794
  1078    794
  1079    794
  1080    794
  1081    794
  1082    794
  1083    794
  1084    794
  1085    794
  1086    794
  1087    794
  1088    794
  1089    794
  1090    794
  1091    794
  1092    794
  1093    794
  1094    794
  1095    794
  1096    794
  1097    794
  1098    794
  1099    794
  1100    794
  1101    794
  1104    794
  1114    794
  1115    794
  1116    794
  1117    794
  1118    794
  1119    794
  1120    794
  1131    794
  1132    794
  1133    794
  1134    794
  1135    794
  1136    794
  1028    795
  1029    795
  1032    795
  1033    795
  1035    795
  1036    795
  1037    795
  1038    795
  1039    795
  1040    795
  1041    795
  1042    795
  1043    795
  1044    795
  1045    795
  1046    795
  1047    795
  1048    795
  1049    795
  1053    795
  1054    795
  1060    795
  1062    795
  1063    795
  1064    795
  1065    795
  1066    795
  1067    795
  1068    795
  1069    795
  1070    795
  1071    795
  1072    795
  1073    795
  1074    795
  1075    795
  1076    795
  1077    795
  1083    795
  1086    795
  1087    795
  1088    795
  1089    795
  1090    795
  1091    795
  1092    795
  1093    795
  1094    795
  1095    795
  1096    795
  1097    795
  1098    795
  1099    795
  1105    795
  1115    795
  1116    795
  1117    795
  1120    795
  1132    795
  1133    795
  1134    795
  1135    795
  1136    795
