   894    730
   895    730
   896    730
   897    730
   898    730
   899    730
   894    731
   895    731
   896    731
   897    731
   898    731
   899    731
   894    732
   895    732
   896    732
   897    732
   898    732
   899    732
   894    733
   895    733
   896    733
   897    733
   898    733
   899    733
   894    734
   895    734
   896    734
   897    734
   898    734
   893    735
   894    735
   895    735
   896    735
   897    735
   898    735
   893    736
   894    736
   895    736
   896    736
   897    736
   898    736
   893    737
   894    737
   895    737
   896    737
   897    737
   898    737
   892    738
   893    738
   894    738
   895    738
   896    738
   897    738
   898    738
   892    739
   893    739
   894    739
   895    739
   896    739
   897    739
   898    739
   892    740
   893    740
   894    740
   895    740
   896    740
   897    740
   898    740
   891    741
   892    741
   893    741
   894    741
   895    741
   896    741
   897    741
   898    741
   891    742
   892    742
   893    742
   894    742
   895    742
   896    742
   897    742
   898    742
   891    743
   892    743
   893    743
   894    743
   895    743
   896    743
   897    743
   891    744
   892    744
   893    744
   894    744
   895    744
   896    744
   897    744
   890    745
   891    745
   892    745
   893    745
   894    745
   895    745
   896    745
   897    745
   891    746
   892    746
   893    746
   894    746
   895    746
   896    746
   897    746
   890    747
   891    747
   892    747
   893    747
   894    747
   895    747
   896    747
   897    747
   890    748
   891    748
   892    748
   893    748
   894    748
   895    748
   896    748
   897    748
   890    749
   891    749
   892    749
   893    749
   894    749
   895    749
   896    749
   897    749
   890    750
   891    750
   892    750
   893    750
   894    750
   895    750
   896    750
   897    750
   889    751
   890    751
   891    751
   892    751
   893    751
   894    751
   895    751
   896    751
   889    752
   890    752
   891    752
   892    752
   893    752
   894    752
   895    752
   896    752
   889    753
   890    753
   891    753
   892    753
   893    753
   894    753
   895    753
   896    753
   889    754
   890    754
   891    754
   892    754
   893    754
   894    754
   895    754
   896    754
   897    754
   889    755
   890    755
   891    755
   892    755
   893    755
   894    755
   895    755
   896    755
   897    755
   889    756
   890    756
   891    756
   892    756
   893    756
   894    756
   895    756
   896    756
   897    756
   889    757
   890    757
   891    757
   892    757
   893    757
   894    757
   895    757
   896    757
   897    757
   888    758
   889    758
   890    758
   891    758
   892    758
   893    758
   894    758
   895    758
   896    758
   888    759
   889    759
   890    759
   891    759
   892    759
   893    759
   894    759
   895    759
   896    759
   888    760
   889    760
   890    760
   891    760
   892    760
   893    760
   894    760
   895    760
   896    760
   888    761
   889    761
   890    761
   891    761
   892    761
   893    761
   894    761
   895    761
   896    761
   888    762
   889    762
   890    762
   891    762
   892    762
   893    762
   894    762
   895    762
   896    762
   887    763
   888    763
   889    763
   890    763
   891    763
   892    763
   893    763
   894    763
   895    763
   896    763
   887    764
   888    764
   889    764
   890    764
   891    764
   892    764
   893    764
   894    764
   895    764
   896    764
   887    765
   888    765
   889    765
   890    765
   891    765
   892    765
   893    765
   894    765
   895    765
   896    765
   887    766
   888    766
   889    766
   890    766
   891    766
   892    766
   893    766
   894    766
   895    766
   886    767
   887    767
   888    767
   889    767
   890    767
   891    767
   892    767
   893    767
   894    767
   895    767
   886    768
   887    768
   888    768
   889    768
   890    768
   891    768
   892    768
   893    768
   894    768
   895    768
   886    769
   887    769
   888    769
   889    769
   890    769
   891    769
   892    769
   893    769
   894    769
   895    769
   885    770
   886    770
   887    770
   888    770
   889    770
   890    770
   891    770
   892    770
   893    770
   894    770
   895    770
   885    771
   886    771
   887    771
   888    771
   889    771
   890    771
   891    771
   892    771
   893    771
   894    771
   885    772
   886    772
   887    772
   888    772
   889    772
   890    772
   891    772
   892    772
   893    772
   894    772
   884    773
   885    773
   886    773
   887    773
   888    773
   889    773
   890    773
   891    773
   892    773
   893    773
   894    773
   884    774
   885    774
   886    774
   887    774
   888    774
   889    774
   890    774
   891    774
   892    774
   893    774
   894    774
   884    775
   885    775
   886    775
   887    775
   888    775
   889    775
   890    775
   891    775
   892    775
   893    775
   894    775
   883    776
   884    776
   885    776
   886    776
   887    776
   888    776
   889    776
   890    776
   891    776
   892    776
   893    776
   883    777
   884    777
   885    777
   886    777
   887    777
   888    777
   889    777
   890    777
   891    777
   892    777
   893    777
   894    777
   883    778
   884    778
   885    778
   886    778
   887    778
   888    778
   889    778
   890    778
   891    778
   892    778
   893    778
   894    778
   880    779
   881    779
   882    779
   883    779
   885    779
   886    779
   887    779
   888    779
   889    779
   890    779
   891    779
   892    779
   893    779
   894    779
   789    780
   790    780
   791    780
   792    780
   793    780
   794    780
   795    780
   796    780
   797    780
   798    780
   799    780
   800    780
   801    780
   802    780
   803    780
   804    780
   805    780
   806    780
   807    780
   808    780
   809    780
   810    780
   811    780
   812    780
   813    780
   814    780
   815    780
   816    780
   817    780
   818    780
   819    780
   820    780
   821    780
   822    780
   823    780
   824    780
   825    780
   826    780
   827    780
   828    780
   829    780
   881    780
   882    780
   883    780
   884    780
   888    780
   889    780
   890    780
   891    780
   892    780
   893    780
   894    780
   763    781
   764    781
   765    781
   766    781
   767    781
   768    781
   769    781
   770    781
   771    781
   772    781
   773    781
   774    781
   775    781
   776    781
   777    781
   778    781
   779    781
   780    781
   781    781
   782    781
   783    781
   784    781
   785    781
   786    781
   787    781
   788    781
   789    781
   790    781
   791    781
   792    781
   793    781
   794    781
   795    781
   796    781
   797    781
   798    781
   799    781
   800    781
   801    781
   802    781
   803    781
   804    781
   805    781
   806    781
   807    781
   808    781
   809    781
   810    781
   811    781
   812    781
   813    781
   814    781
   815    781
   816    781
   817    781
   818    781
   819    781
   820    781
   821    781
   822    781
   823    781
   824    781
   825    781
   826    781
   827    781
   828    781
   829    781
   830    781
   831    781
   832    781
   833    781
   834    781
   835    781
   836    781
   837    781
   838    781
   839    781
   840    781
   884    781
   885    781
   886    781
   887    781
   888    781
   889    781
   890    781
   891    781
   892    781
   893    781
   894    781
   895    781
   743    782
   744    782
   745    782
   746    782
   747    782
   748    782
   749    782
   750    782
   751    782
   752    782
   753    782
   754    782
   755    782
   756    782
   757    782
   758    782
   759    782
   760    782
   761    782
   762    782
   763    782
   764    782
   765    782
   766    782
   767    782
   768    782
   769    782
   770    782
   771    782
   772    782
   773    782
   774    782
   775    782
   776    782
   777    782
   778    782
   779    782
   780    782
   781    782
   782    782
   783    782
   784    782
   785    782
   786    782
   787    782
   788    782
   789    782
   790    782
   791    782
   792    782
   793    782
   794    782
   795    782
   796    782
   797    782
   798    782
   799    782
   800    782
   801    782
   802    782
   803    782
   804    782
   805    782
   806    782
   807    782
   808    782
   809    782
   810    782
   811    782
   812    782
   813    782
   814    782
   815    782
   816    782
   817    782
   818    782
   819    782
   820    782
   821    782
   822    782
   823    782
   824    782
   825    782
   826    782
   827    782
   828    782
   829    782
   830    782
   831    782
   832    782
   833    782
   834    782
   835    782
   836    782
   837    782
   838    782
   839    782
   840    782
   841    782
   842    782
   843    782
   844    782
   845    782
   846    782
   847    782
   848    782
   849    782
   850    782
   886    782
   887    782
   888    782
   889    782
   890    782
   891    782
   892    782
   893    782
   894    782
   895    782
   896    782
   725    783
   726    783
   727    783
   728    783
   729    783
   730    783
   731    783
   732    783
   733    783
   734    783
   735    783
   736    783
   737    783
   738    783
   739    783
   740    783
   741    783
   742    783
   743    783
   744    783
   745    783
   746    783
   747    783
   748    783
   749    783
   750    783
   751    783
   752    783
   753    783
   754    783
   755    783
   756    783
   757    783
   758    783
   759    783
   760    783
   761    783
   762    783
   763    783
   764    783
   765    783
   766    783
   767    783
   768    783
   769    783
   770    783
   771    783
   772    783
   773    783
   774    783
   775    783
   776    783
   777    783
   778    783
   779    783
   780    783
   781    783
   782    783
   783    783
   784    783
   785    783
   786    783
   787    783
   788    783
   789    783
   790    783
   791    783
   792    783
   793    783
   794    783
   795    783
   796    783
   797    783
   798    783
   799    783
   800    783
   801    783
   802    783
   803    783
   804    783
   805    783
   806    783
   807    783
   808    783
   809    783
   810    783
   811    783
   812    783
   813    783
   814    783
   815    783
   816    783
   817    783
   818    783
   819    783
   820    783
   821    783
   822    783
   823    783
   824    783
   825    783
   826    783
   827    783
   828    783
   829    783
   830    783
   831    783
   832    783
   833    783
   834    783
   835    783
   836    783
   837    783
   838    783
   839    783
   840    783
   841    783
   842    783
   843    783
   844    783
   845    783
   846    783
   847    783
   848    783
   849    783
   850    783
   851    783
   852    783
   853    783
   854    783
   855    783
   856    783
   857    783
   858    783
   888    783
   889    783
   890    783
   892    783
   893    783
   894    783
   895    783
   896    783
   723    784
   724    784
   725    784
   726    784
   727    784
   728    784
   729    784
   730    784
   731    784
   732    784
   733    784
   734    784
   735    784
   736    784
   737    784
   738    784
   739    784
   740    784
   741    784
   742    784
   743    784
   744    784
   745    784
   746    784
   747    784
   748    784
   749    784
   750    784
   751    784
   752    784
   753    784
   754    784
   755    784
   756    784
   757    784
   758    784
   759    784
   760    784
   761    784
   762    784
   763    784
   764    784
   765    784
   766    784
   767    784
   768    784
   769    784
   770    784
   771    784
   772    784
   773    784
   774    784
   775    784
   776    784
   777    784
   778    784
   779    784
   780    784
   781    784
   782    784
   783    784
   784    784
   785    784
   786    784
   787    784
   788    784
   789    784
   790    784
   791    784
   792    784
   793    784
   794    784
   795    784
   796    784
   797    784
   798    784
   799    784
   800    784
   801    784
   802    784
   803    784
   804    784
   805    784
   806    784
   807    784
   808    784
   809    784
   810    784
   811    784
   812    784
   813    784
   814    784
   815    784
   816    784
   817    784
   818    784
   819    784
   820    784
   821    784
   822    784
   823    784
   824    784
   825    784
   826    784
   827    784
   828    784
   829    784
   830    784
   831    784
   832    784
   833    784
   834    784
   835    784
   836    784
   837    784
   838    784
   839    784
   840    784
   841    784
   842    784
   843    784
   844    784
   845    784
   846    784
   847    784
   848    784
   849    784
   850    784
   851    784
   852    784
   853    784
   854    784
   855    784
   856    784
   857    784
   858    784
   859    784
   860    784
   861    784
   862    784
   863    784
   864    784
   865    784
   866    784
   867    784
   868    784
   869    784
   721    785
   722    785
   723    785
   724    785
   725    785
   726    785
   727    785
   728    785
   729    785
   730    785
   731    785
   732    785
   733    785
   734    785
   735    785
   736    785
   737    785
   738    785
   739    785
   740    785
   741    785
   742    785
   743    785
   744    785
   745    785
   746    785
   747    785
   748    785
   749    785
   750    785
   751    785
   752    785
   753    785
   754    785
   755    785
   756    785
   757    785
   758    785
   759    785
   760    785
   761    785
   762    785
   763    785
   764    785
   765    785
   766    785
   767    785
   768    785
   769    785
   770    785
   771    785
   772    785
   773    785
   774    785
   775    785
   776    785
   777    785
   778    785
   779    785
   780    785
   781    785
   782    785
   783    785
   784    785
   785    785
   786    785
   787    785
   788    785
   789    785
   790    785
   791    785
   792    785
   793    785
   794    785
   795    785
   796    785
   797    785
   798    785
   799    785
   800    785
   801    785
   802    785
   803    785
   804    785
   805    785
   806    785
   807    785
   808    785
   809    785
   810    785
   811    785
   812    785
   813    785
   814    785
   815    785
   816    785
   817    785
   818    785
   819    785
   820    785
   821    785
   822    785
   823    785
   824    785
   825    785
   826    785
   827    785
   828    785
   829    785
   830    785
   831    785
   832    785
   833    785
   834    785
   835    785
   836    785
   837    785
   838    785
   839    785
   840    785
   841    785
   842    785
   843    785
   844    785
   845    785
   846    785
   847    785
   848    785
   849    785
   850    785
   851    785
   852    785
   853    785
   854    785
   855    785
   856    785
   857    785
   858    785
   859    785
   860    785
   861    785
   862    785
   863    785
   864    785
   865    785
   866    785
   867    785
   868    785
   869    785
   870    785
   871    785
   872    785
   873    785
   874    785
   875    785
   876    785
   877    785
   878    785
   879    785
   880    785
   881    785
   719    786
   720    786
   721    786
   722    786
   723    786
   724    786
   725    786
   726    786
   727    786
   728    786
   729    786
   730    786
   731    786
   732    786
   733    786
   734    786
   735    786
   736    786
   737    786
   738    786
   739    786
   740    786
   741    786
   742    786
   743    786
   744    786
   745    786
   746    786
   747    786
   748    786
   749    786
   750    786
   751    786
   752    786
   753    786
   754    786
   755    786
   756    786
   757    786
   758    786
   759    786
   760    786
   761    786
   762    786
   763    786
   764    786
   765    786
   766    786
   767    786
   768    786
   769    786
   770    786
   771    786
   772    786
   773    786
   774    786
   775    786
   776    786
   777    786
   778    786
   779    786
   780    786
   781    786
   782    786
   783    786
   784    786
   785    786
   786    786
   787    786
   788    786
   789    786
   790    786
   791    786
   792    786
   793    786
   794    786
   795    786
   796    786
   797    786
   798    786
   799    786
   800    786
   801    786
   802    786
   803    786
   804    786
   805    786
   806    786
   807    786
   808    786
   809    786
   810    786
   811    786
   812    786
   813    786
   814    786
   815    786
   816    786
   817    786
   818    786
   819    786
   820    786
   821    786
   822    786
   823    786
   824    786
   825    786
   826    786
   827    786
   828    786
   829    786
   830    786
   831    786
   832    786
   833    786
   834    786
   835    786
   836    786
   837    786
   838    786
   839    786
   840    786
   841    786
   842    786
   843    786
   844    786
   845    786
   846    786
   847    786
   848    786
   849    786
   850    786
   851    786
   852    786
   853    786
   854    786
   855    786
   856    786
   857    786
   858    786
   859    786
   860    786
   861    786
   862    786
   863    786
   864    786
   865    786
   866    786
   867    786
   868    786
   869    786
   870    786
   871    786
   872    786
   873    786
   874    786
   875    786
   876    786
   877    786
   878    786
   879    786
   880    786
   881    786
   882    786
   883    786
   884    786
   885    786
   886    786
   887    786
   888    786
   889    786
   717    787
   718    787
   719    787
   720    787
   721    787
   722    787
   723    787
   724    787
   725    787
   726    787
   727    787
   728    787
   729    787
   730    787
   731    787
   732    787
   733    787
   734    787
   735    787
   736    787
   737    787
   738    787
   739    787
   740    787
   741    787
   742    787
   743    787
   744    787
   745    787
   746    787
   747    787
   748    787
   749    787
   750    787
   751    787
   752    787
   753    787
   754    787
   755    787
   756    787
   757    787
   758    787
   759    787
   760    787
   761    787
   762    787
   763    787
   764    787
   765    787
   766    787
   767    787
   768    787
   769    787
   770    787
   771    787
   772    787
   773    787
   774    787
   775    787
   776    787
   777    787
   778    787
   779    787
   780    787
   781    787
   782    787
   783    787
   784    787
   785    787
   786    787
   787    787
   788    787
   789    787
   790    787
   791    787
   792    787
   793    787
   794    787
   795    787
   796    787
   797    787
   798    787
   799    787
   800    787
   801    787
   802    787
   803    787
   804    787
   805    787
   806    787
   807    787
   808    787
   809    787
   810    787
   811    787
   812    787
   813    787
   814    787
   815    787
   816    787
   817    787
   818    787
   819    787
   820    787
   821    787
   822    787
   823    787
   824    787
   825    787
   826    787
   827    787
   828    787
   829    787
   830    787
   831    787
   832    787
   833    787
   834    787
   835    787
   836    787
   837    787
   838    787
   839    787
   840    787
   841    787
   842    787
   843    787
   844    787
   845    787
   846    787
   847    787
   848    787
   849    787
   850    787
   851    787
   852    787
   853    787
   854    787
   855    787
   856    787
   857    787
   858    787
   859    787
   860    787
   861    787
   862    787
   863    787
   864    787
   865    787
   866    787
   867    787
   868    787
   869    787
   870    787
   871    787
   872    787
   873    787
   874    787
   875    787
   876    787
   877    787
   878    787
   879    787
   880    787
   881    787
   882    787
   883    787
   884    787
   885    787
   886    787
   887    787
   888    787
   889    787
   890    787
   891    787
   892    787
   893    787
   894    787
   715    788
   716    788
   717    788
   718    788
   719    788
   720    788
   721    788
   722    788
   723    788
   724    788
   725    788
   726    788
   727    788
   728    788
   729    788
   730    788
   731    788
   732    788
   733    788
   734    788
   735    788
   736    788
   737    788
   738    788
   739    788
   740    788
   741    788
   742    788
   743    788
   744    788
   745    788
   746    788
   747    788
   748    788
   749    788
   750    788
   751    788
   752    788
   753    788
   754    788
   755    788
   756    788
   757    788
   758    788
   759    788
   760    788
   761    788
   762    788
   763    788
   764    788
   765    788
   766    788
   767    788
   768    788
   769    788
   770    788
   771    788
   772    788
   773    788
   774    788
   775    788
   776    788
   777    788
   778    788
   779    788
   780    788
   781    788
   782    788
   783    788
   784    788
   785    788
   786    788
   787    788
   788    788
   789    788
   790    788
   791    788
   792    788
   793    788
   794    788
   795    788
   796    788
   797    788
   798    788
   799    788
   800    788
   801    788
   802    788
   803    788
   804    788
   805    788
   806    788
   807    788
   808    788
   809    788
   810    788
   811    788
   812    788
   813    788
   814    788
   815    788
   816    788
   817    788
   818    788
   819    788
   820    788
   821    788
   822    788
   823    788
   824    788
   825    788
   826    788
   827    788
   828    788
   829    788
   830    788
   831    788
   832    788
   833    788
   834    788
   835    788
   836    788
   837    788
   838    788
   839    788
   840    788
   841    788
   842    788
   843    788
   844    788
   845    788
   846    788
   847    788
   848    788
   849    788
   850    788
   851    788
   852    788
   853    788
   854    788
   855    788
   856    788
   857    788
   858    788
   859    788
   860    788
   861    788
   862    788
   863    788
   864    788
   865    788
   866    788
   867    788
   868    788
   869    788
   870    788
   871    788
   872    788
   873    788
   874    788
   875    788
   876    788
   877    788
   878    788
   879    788
   880    788
   881    788
   882    788
   883    788
   884    788
   885    788
   886    788
   887    788
   888    788
   889    788
   890    788
   891    788
   892    788
   893    788
   894    788
   895    788
   896    788
   897    788
   898    788
   899    788
   900    788
   901    788
   713    789
   714    789
   715    789
   716    789
   717    789
   718    789
   719    789
   720    789
   721    789
   722    789
   723    789
   724    789
   725    789
   726    789
   727    789
   728    789
   729    789
   730    789
   731    789
   732    789
   733    789
   734    789
   735    789
   736    789
   737    789
   738    789
   739    789
   740    789
   741    789
   742    789
   743    789
   744    789
   745    789
   746    789
   747    789
   748    789
   749    789
   750    789
   751    789
   752    789
   753    789
   754    789
   755    789
   756    789
   757    789
   758    789
   759    789
   760    789
   761    789
   762    789
   763    789
   764    789
   765    789
   766    789
   767    789
   768    789
   769    789
   770    789
   771    789
   772    789
   773    789
   774    789
   775    789
   776    789
   777    789
   778    789
   779    789
   780    789
   781    789
   782    789
   783    789
   784    789
   785    789
   786    789
   787    789
   788    789
   789    789
   790    789
   791    789
   792    789
   793    789
   794    789
   795    789
   796    789
   797    789
   798    789
   799    789
   800    789
   801    789
   802    789
   803    789
   804    789
   805    789
   806    789
   807    789
   808    789
   809    789
   810    789
   811    789
   812    789
   813    789
   814    789
   815    789
   816    789
   817    789
   818    789
   819    789
   820    789
   821    789
   822    789
   823    789
   824    789
   825    789
   826    789
   827    789
   828    789
   829    789
   830    789
   831    789
   832    789
   833    789
   834    789
   835    789
   836    789
   837    789
   838    789
   839    789
   840    789
   841    789
   842    789
   843    789
   844    789
   845    789
   846    789
   847    789
   848    789
   849    789
   850    789
   851    789
   852    789
   853    789
   854    789
   855    789
   856    789
   857    789
   858    789
   859    789
   860    789
   861    789
   862    789
   863    789
   864    789
   865    789
   866    789
   867    789
   868    789
   869    789
   870    789
   871    789
   872    789
   873    789
   874    789
   875    789
   876    789
   877    789
   878    789
   879    789
   880    789
   881    789
   882    789
   883    789
   884    789
   885    789
   886    789
   887    789
   888    789
   889    789
   890    789
   891    789
   892    789
   893    789
   894    789
   895    789
   896    789
   897    789
   898    789
   899    789
   900    789
   901    789
   902    789
   903    789
   904    789
   905    789
   906    789
   907    789
   711    790
   712    790
   713    790
   714    790
   715    790
   716    790
   717    790
   718    790
   719    790
   720    790
   721    790
   722    790
   723    790
   724    790
   725    790
   726    790
   727    790
   728    790
   729    790
   730    790
   731    790
   732    790
   733    790
   734    790
   735    790
   736    790
   737    790
   738    790
   739    790
   740    790
   741    790
   742    790
   743    790
   744    790
   745    790
   746    790
   747    790
   748    790
   749    790
   750    790
   751    790
   752    790
   753    790
   754    790
   755    790
   756    790
   757    790
   758    790
   759    790
   760    790
   761    790
   762    790
   763    790
   764    790
   765    790
   766    790
   767    790
   768    790
   769    790
   770    790
   771    790
   772    790
   773    790
   774    790
   775    790
   776    790
   777    790
   778    790
   779    790
   780    790
   781    790
   782    790
   783    790
   784    790
   785    790
   786    790
   787    790
   788    790
   789    790
   790    790
   791    790
   792    790
   793    790
   794    790
   795    790
   796    790
   797    790
   798    790
   799    790
   800    790
   801    790
   802    790
   803    790
   804    790
   805    790
   806    790
   807    790
   808    790
   809    790
   810    790
   811    790
   812    790
   813    790
   814    790
   815    790
   816    790
   817    790
   818    790
   819    790
   820    790
   821    790
   822    790
   823    790
   824    790
   825    790
   826    790
   827    790
   828    790
   829    790
   830    790
   831    790
   832    790
   833    790
   834    790
   835    790
   836    790
   837    790
   838    790
   839    790
   840    790
   841    790
   842    790
   843    790
   844    790
   845    790
   846    790
   847    790
   848    790
   849    790
   850    790
   851    790
   852    790
   853    790
   854    790
   855    790
   856    790
   857    790
   858    790
   859    790
   860    790
   861    790
   862    790
   863    790
   864    790
   865    790
   866    790
   867    790
   868    790
   869    790
   870    790
   871    790
   872    790
   873    790
   874    790
   875    790
   876    790
   877    790
   878    790
   879    790
   880    790
   881    790
   882    790
   883    790
   884    790
   885    790
   886    790
   887    790
   888    790
   889    790
   890    790
   891    790
   892    790
   893    790
   894    790
   895    790
   896    790
   897    790
   898    790
   899    790
   900    790
   901    790
   902    790
   903    790
   904    790
   905    790
   906    790
   907    790
   908    790
   909    790
   910    790
   911    790
   912    790
   913    790
   914    790
   915    790
   709    791
   710    791
   711    791
   712    791
   713    791
   714    791
   715    791
   716    791
   717    791
   718    791
   719    791
   720    791
   721    791
   722    791
   723    791
   724    791
   725    791
   726    791
   727    791
   728    791
   729    791
   730    791
   731    791
   732    791
   733    791
   734    791
   735    791
   736    791
   737    791
   738    791
   739    791
   740    791
   741    791
   742    791
   743    791
   744    791
   745    791
   746    791
   747    791
   748    791
   749    791
   750    791
   751    791
   752    791
   753    791
   754    791
   755    791
   756    791
   757    791
   758    791
   759    791
   760    791
   761    791
   762    791
   763    791
   764    791
   765    791
   766    791
   767    791
   768    791
   769    791
   770    791
   771    791
   772    791
   773    791
   774    791
   775    791
   776    791
   777    791
   778    791
   779    791
   780    791
   781    791
   782    791
   783    791
   784    791
   785    791
   786    791
   787    791
   788    791
   789    791
   790    791
   791    791
   792    791
   793    791
   794    791
   795    791
   796    791
   797    791
   798    791
   799    791
   800    791
   801    791
   802    791
   803    791
   804    791
   805    791
   806    791
   807    791
   808    791
   809    791
   810    791
   811    791
   812    791
   813    791
   814    791
   815    791
   816    791
   817    791
   818    791
   819    791
   820    791
   821    791
   822    791
   823    791
   824    791
   825    791
   826    791
   827    791
   828    791
   829    791
   830    791
   831    791
   832    791
   833    791
   834    791
   835    791
   836    791
   837    791
   838    791
   839    791
   840    791
   841    791
   842    791
   843    791
   844    791
   845    791
   846    791
   847    791
   848    791
   849    791
   850    791
   851    791
   852    791
   853    791
   854    791
   855    791
   856    791
   857    791
   858    791
   859    791
   860    791
   861    791
   862    791
   863    791
   864    791
   865    791
   866    791
   867    791
   868    791
   869    791
   870    791
   871    791
   872    791
   873    791
   874    791
   875    791
   876    791
   877    791
   878    791
   879    791
   880    791
   881    791
   882    791
   883    791
   884    791
   885    791
   886    791
   887    791
   888    791
   889    791
   890    791
   891    791
   892    791
   893    791
   894    791
   895    791
   896    791
   897    791
   898    791
   899    791
   900    791
   901    791
   902    791
   903    791
   904    791
   905    791
   906    791
   907    791
   908    791
   909    791
   910    791
   911    791
   912    791
   913    791
   914    791
   915    791
   916    791
   917    791
   918    791
   919    791
   920    791
   921    791
   707    792
   708    792
   709    792
   710    792
   711    792
   712    792
   713    792
   714    792
   715    792
   716    792
   717    792
   718    792
   719    792
   720    792
   721    792
   722    792
   723    792
   724    792
   725    792
   726    792
   727    792
   728    792
   729    792
   730    792
   731    792
   732    792
   733    792
   734    792
   735    792
   736    792
   737    792
   738    792
   739    792
   740    792
   741    792
   742    792
   743    792
   744    792
   745    792
   746    792
   747    792
   748    792
   749    792
   750    792
   751    792
   752    792
   753    792
   754    792
   755    792
   756    792
   757    792
   758    792
   759    792
   760    792
   761    792
   762    792
   763    792
   764    792
   765    792
   766    792
   767    792
   768    792
   769    792
   770    792
   771    792
   772    792
   773    792
   774    792
   775    792
   776    792
   777    792
   778    792
   779    792
   780    792
   781    792
   782    792
   783    792
   784    792
   785    792
   786    792
   787    792
   788    792
   789    792
   790    792
   791    792
   792    792
   793    792
   794    792
   795    792
   796    792
   797    792
   798    792
   799    792
   800    792
   801    792
   802    792
   803    792
   804    792
   805    792
   806    792
   807    792
   808    792
   809    792
   810    792
   811    792
   812    792
   813    792
   814    792
   815    792
   816    792
   817    792
   818    792
   819    792
   820    792
   821    792
   822    792
   823    792
   824    792
   825    792
   826    792
   827    792
   828    792
   829    792
   830    792
   831    792
   832    792
   833    792
   834    792
   835    792
   836    792
   837    792
   838    792
   839    792
   840    792
   841    792
   842    792
   843    792
   844    792
   845    792
   846    792
   847    792
   848    792
   849    792
   850    792
   851    792
   852    792
   853    792
   854    792
   855    792
   856    792
   857    792
   858    792
   859    792
   860    792
   861    792
   862    792
   863    792
   864    792
   865    792
   866    792
   867    792
   868    792
   869    792
   870    792
   871    792
   872    792
   873    792
   874    792
   875    792
   876    792
   877    792
   878    792
   879    792
   880    792
   881    792
   882    792
   883    792
   884    792
   885    792
   886    792
   887    792
   888    792
   889    792
   890    792
   891    792
   892    792
   893    792
   894    792
   895    792
   896    792
   897    792
   898    792
   899    792
   900    792
   901    792
   902    792
   903    792
   904    792
   905    792
   906    792
   907    792
   908    792
   909    792
   910    792
   911    792
   912    792
   913    792
   914    792
   915    792
   916    792
   917    792
   918    792
   919    792
   920    792
   921    792
   922    792
   923    792
   924    792
   925    792
   926    792
   927    792
   928    792
   929    792
   705    793
   706    793
   707    793
   708    793
   709    793
   710    793
   711    793
   712    793
   713    793
   714    793
   715    793
   716    793
   717    793
   718    793
   719    793
   720    793
   721    793
   722    793
   723    793
   724    793
   725    793
   726    793
   727    793
   728    793
   729    793
   730    793
   731    793
   732    793
   733    793
   734    793
   735    793
   736    793
   737    793
   738    793
   739    793
   740    793
   741    793
   742    793
   743    793
   744    793
   745    793
   746    793
   747    793
   748    793
   749    793
   750    793
   751    793
   752    793
   753    793
   754    793
   755    793
   756    793
   757    793
   758    793
   759    793
   760    793
   761    793
   762    793
   763    793
   764    793
   765    793
   766    793
   767    793
   768    793
   769    793
   770    793
   771    793
   772    793
   773    793
   774    793
   775    793
   776    793
   777    793
   778    793
   779    793
   780    793
   781    793
   782    793
   783    793
   784    793
   785    793
   786    793
   787    793
   788    793
   789    793
   790    793
   791    793
   792    793
   793    793
   794    793
   795    793
   796    793
   797    793
   798    793
   799    793
   800    793
   801    793
   802    793
   803    793
   804    793
   805    793
   806    793
   807    793
   808    793
   809    793
   810    793
   811    793
   812    793
   813    793
   814    793
   815    793
   816    793
   817    793
   818    793
   819    793
   820    793
   821    793
   822    793
   823    793
   824    793
   825    793
   826    793
   827    793
   828    793
   829    793
   830    793
   831    793
   832    793
   833    793
   834    793
   835    793
   836    793
   837    793
   838    793
   839    793
   840    793
   841    793
   842    793
   843    793
   844    793
   845    793
   846    793
   847    793
   848    793
   849    793
   850    793
   851    793
   852    793
   853    793
   854    793
   855    793
   856    793
   857    793
   858    793
   859    793
   860    793
   861    793
   862    793
   863    793
   864    793
   865    793
   866    793
   867    793
   868    793
   869    793
   870    793
   871    793
   872    793
   873    793
   874    793
   875    793
   876    793
   877    793
   878    793
   879    793
   880    793
   881    793
   882    793
   883    793
   884    793
   885    793
   886    793
   887    793
   888    793
   889    793
   890    793
   891    793
   892    793
   893    793
   894    793
   895    793
   896    793
   897    793
   898    793
   899    793
   900    793
   901    793
   902    793
   903    793
   904    793
   905    793
   906    793
   907    793
   908    793
   909    793
   910    793
   911    793
   912    793
   913    793
   914    793
   915    793
   916    793
   917    793
   918    793
   919    793
   920    793
   921    793
   922    793
   923    793
   924    793
   925    793
   926    793
   927    793
   928    793
   929    793
   930    793
   931    793
   932    793
   933    793
   934    793
   703    794
   704    794
   705    794
   706    794
   707    794
   708    794
   709    794
   710    794
   711    794
   712    794
   713    794
   714    794
   715    794
   716    794
   717    794
   718    794
   719    794
   720    794
   721    794
   722    794
   723    794
   724    794
   725    794
   726    794
   727    794
   728    794
   729    794
   730    794
   731    794
   732    794
   733    794
   734    794
   735    794
   736    794
   737    794
   738    794
   739    794
   740    794
   741    794
   742    794
   743    794
   744    794
   745    794
   746    794
   747    794
   748    794
   749    794
   750    794
   751    794
   752    794
   753    794
   754    794
   755    794
   756    794
   757    794
   758    794
   759    794
   760    794
   761    794
   762    794
   763    794
   764    794
   765    794
   766    794
   767    794
   768    794
   769    794
   770    794
   771    794
   772    794
   773    794
   774    794
   775    794
   776    794
   777    794
   778    794
   779    794
   780    794
   781    794
   782    794
   783    794
   784    794
   785    794
   786    794
   787    794
   788    794
   789    794
   790    794
   791    794
   792    794
   793    794
   794    794
   795    794
   796    794
   797    794
   798    794
   799    794
   800    794
   801    794
   802    794
   803    794
   804    794
   805    794
   806    794
   807    794
   808    794
   809    794
   810    794
   811    794
   812    794
   813    794
   814    794
   815    794
   816    794
   817    794
   818    794
   819    794
   820    794
   821    794
   822    794
   823    794
   824    794
   825    794
   826    794
   827    794
   828    794
   829    794
   830    794
   831    794
   832    794
   833    794
   834    794
   835    794
   836    794
   837    794
   838    794
   839    794
   840    794
   841    794
   842    794
   843    794
   844    794
   845    794
   846    794
   847    794
   848    794
   849    794
   850    794
   851    794
   852    794
   853    794
   854    794
   855    794
   856    794
   857    794
   858    794
   859    794
   860    794
   861    794
   862    794
   863    794
   864    794
   865    794
   866    794
   867    794
   868    794
   869    794
   870    794
   871    794
   872    794
   873    794
   874    794
   875    794
   876    794
   877    794
   878    794
   879    794
   880    794
   881    794
   882    794
   883    794
   884    794
   885    794
   886    794
   887    794
   888    794
   889    794
   890    794
   891    794
   892    794
   893    794
   894    794
   895    794
   896    794
   897    794
   898    794
   899    794
   900    794
   901    794
   902    794
   903    794
   904    794
   905    794
   906    794
   907    794
   908    794
   909    794
   910    794
   911    794
   912    794
   913    794
   914    794
   915    794
   916    794
   917    794
   918    794
   919    794
   920    794
   921    794
   922    794
   923    794
   924    794
   925    794
   926    794
   927    794
   928    794
   929    794
   930    794
   931    794
   932    794
   933    794
   934    794
   935    794
   936    794
   937    794
   938    794
   939    794
   701    795
   702    795
   703    795
   704    795
   705    795
   706    795
   707    795
   708    795
   709    795
   710    795
   711    795
   712    795
   713    795
   714    795
   715    795
   716    795
   717    795
   718    795
   719    795
   720    795
   721    795
   722    795
   723    795
   724    795
   725    795
   726    795
   727    795
   728    795
   729    795
   730    795
   731    795
   732    795
   733    795
   734    795
   735    795
   736    795
   737    795
   738    795
   739    795
   740    795
   741    795
   742    795
   743    795
   744    795
   745    795
   746    795
   747    795
   748    795
   749    795
   750    795
   751    795
   752    795
   753    795
   754    795
   755    795
   756    795
   757    795
   758    795
   759    795
   760    795
   761    795
   762    795
   763    795
   764    795
   765    795
   766    795
   767    795
   768    795
   769    795
   770    795
   771    795
   772    795
   773    795
   774    795
   775    795
   776    795
   777    795
   778    795
   779    795
   780    795
   781    795
   782    795
   783    795
   784    795
   785    795
   786    795
   787    795
   788    795
   789    795
   790    795
   791    795
   792    795
   793    795
   794    795
   795    795
   796    795
   797    795
   798    795
   799    795
   800    795
   801    795
   802    795
   803    795
   804    795
   805    795
   806    795
   807    795
   808    795
   809    795
   810    795
   811    795
   812    795
   813    795
   814    795
   815    795
   816    795
   817    795
   818    795
   819    795
   820    795
   821    795
   822    795
   823    795
   824    795
   825    795
   826    795
   827    795
   828    795
   829    795
   830    795
   831    795
   832    795
   833    795
   834    795
   835    795
   836    795
   837    795
   838    795
   839    795
   840    795
   841    795
   842    795
   843    795
   844    795
   845    795
   846    795
   847    795
   848    795
   849    795
   850    795
   851    795
   852    795
   853    795
   854    795
   855    795
   856    795
   857    795
   858    795
   859    795
   860    795
   861    795
   862    795
   863    795
   864    795
   865    795
   866    795
   867    795
   868    795
   869    795
   870    795
   871    795
   872    795
   873    795
   874    795
   875    795
   876    795
   877    795
   878    795
   879    795
   880    795
   881    795
   882    795
   883    795
   884    795
   885    795
   886    795
   887    795
   888    795
   889    795
   890    795
   891    795
   892    795
   893    795
   894    795
   895    795
   896    795
   897    795
   898    795
   899    795
   900    795
   901    795
   902    795
   903    795
   904    795
   905    795
   906    795
   907    795
   908    795
   909    795
   910    795
   911    795
   912    795
   913    795
   914    795
   915    795
   916    795
   917    795
   918    795
   919    795
   920    795
   921    795
   922    795
   923    795
   924    795
   925    795
   926    795
   927    795
   928    795
   929    795
   930    795
   931    795
   932    795
   933    795
   934    795
   935    795
   936    795
   937    795
   938    795
   939    795
   940    795
   941    795
   942    795
   943    795
