  1056    662
  1057    662
  1058    662
  1059    662
  1060    662
  1061    662
  1062    662
  1063    662
  1064    662
  1065    662
  1066    662
  1067    662
  1057    663
  1058    663
  1059    663
  1060    663
  1061    663
  1062    663
  1063    663
  1064    663
  1065    663
  1066    663
  1067    663
  1068    663
  1058    664
  1059    664
  1060    664
  1061    664
  1062    664
  1063    664
  1064    664
  1065    664
  1066    664
  1067    664
  1068    664
  1069    664
  1070    664
  1059    665
  1060    665
  1061    665
  1062    665
  1063    665
  1064    665
  1065    665
  1066    665
  1067    665
  1068    665
  1069    665
  1070    665
  1071    665
  1061    666
  1062    666
  1063    666
  1064    666
  1065    666
  1066    666
  1067    666
  1068    666
  1069    666
  1070    666
  1071    666
  1072    666
  1062    667
  1063    667
  1064    667
  1065    667
  1066    667
  1067    667
  1068    667
  1069    667
  1070    667
  1071    667
  1072    667
  1073    667
  1063    668
  1064    668
  1065    668
  1066    668
  1067    668
  1068    668
  1069    668
  1070    668
  1071    668
  1072    668
  1073    668
  1074    668
  1064    669
  1065    669
  1066    669
  1067    669
  1068    669
  1069    669
  1070    669
  1071    669
  1072    669
  1073    669
  1074    669
  1075    669
  1076    669
  1065    670
  1066    670
  1067    670
  1068    670
  1069    670
  1070    670
  1071    670
  1072    670
  1073    670
  1074    670
  1075    670
  1076    670
  1077    670
  1066    671
  1067    671
  1068    671
  1069    671
  1070    671
  1071    671
  1072    671
  1073    671
  1074    671
  1075    671
  1076    671
  1077    671
  1078    671
  1067    672
  1068    672
  1069    672
  1070    672
  1071    672
  1072    672
  1073    672
  1074    672
  1075    672
  1076    672
  1077    672
  1078    672
  1079    672
  1080    672
  1069    673
  1070    673
  1071    673
  1072    673
  1073    673
  1074    673
  1075    673
  1076    673
  1077    673
  1078    673
  1079    673
  1080    673
  1081    673
  1070    674
  1071    674
  1072    674
  1073    674
  1074    674
  1075    674
  1076    674
  1077    674
  1078    674
  1079    674
  1080    674
  1081    674
  1082    674
  1071    675
  1072    675
  1073    675
  1074    675
  1075    675
  1076    675
  1077    675
  1078    675
  1079    675
  1080    675
  1081    675
  1082    675
  1083    675
  1072    676
  1073    676
  1074    676
  1075    676
  1076    676
  1077    676
  1078    676
  1079    676
  1080    676
  1081    676
  1082    676
  1083    676
  1084    676
  1073    677
  1074    677
  1075    677
  1076    677
  1077    677
  1078    677
  1079    677
  1080    677
  1081    677
  1082    677
  1083    677
  1084    677
  1085    677
  1086    677
  1074    678
  1075    678
  1076    678
  1077    678
  1078    678
  1079    678
  1080    678
  1081    678
  1082    678
  1083    678
  1084    678
  1085    678
  1086    678
  1087    678
  1076    679
  1077    679
  1078    679
  1079    679
  1080    679
  1081    679
  1082    679
  1083    679
  1084    679
  1085    679
  1086    679
  1087    679
  1088    679
  1076    680
  1077    680
  1078    680
  1079    680
  1080    680
  1081    680
  1082    680
  1083    680
  1084    680
  1085    680
  1086    680
  1087    680
  1088    680
  1089    680
  1090    680
  1078    681
  1079    681
  1080    681
  1081    681
  1082    681
  1083    681
  1084    681
  1085    681
  1086    681
  1087    681
  1088    681
  1089    681
  1090    681
  1091    681
  1079    682
  1080    682
  1081    682
  1082    682
  1083    682
  1084    682
  1085    682
  1086    682
  1087    682
  1088    682
  1089    682
  1090    682
  1091    682
  1092    682
  1080    683
  1081    683
  1082    683
  1083    683
  1084    683
  1085    683
  1086    683
  1087    683
  1088    683
  1089    683
  1090    683
  1091    683
  1092    683
  1093    683
  1094    683
  1081    684
  1082    684
  1083    684
  1084    684
  1085    684
  1086    684
  1087    684
  1088    684
  1089    684
  1090    684
  1091    684
  1092    684
  1093    684
  1094    684
  1082    685
  1083    685
  1084    685
  1085    685
  1086    685
  1087    685
  1088    685
  1089    685
  1090    685
  1091    685
  1092    685
  1093    685
  1094    685
  1095    685
  1096    685
  1084    686
  1085    686
  1086    686
  1087    686
  1088    686
  1089    686
  1090    686
  1091    686
  1092    686
  1093    686
  1094    686
  1095    686
  1096    686
  1097    686
  1085    687
  1086    687
  1087    687
  1088    687
  1089    687
  1090    687
  1091    687
  1092    687
  1093    687
  1094    687
  1095    687
  1096    687
  1097    687
  1098    687
  1099    687
  1086    688
  1087    688
  1088    688
  1089    688
  1090    688
  1091    688
  1092    688
  1093    688
  1094    688
  1095    688
  1096    688
  1097    688
  1098    688
  1099    688
  1087    689
  1088    689
  1089    689
  1090    689
  1091    689
  1092    689
  1093    689
  1094    689
  1095    689
  1096    689
  1097    689
  1098    689
  1099    689
  1100    689
  1101    689
  1088    690
  1089    690
  1090    690
  1091    690
  1092    690
  1093    690
  1094    690
  1095    690
  1096    690
  1097    690
  1098    690
  1099    690
  1100    690
  1101    690
  1102    690
  1090    691
  1091    691
  1092    691
  1093    691
  1094    691
  1095    691
  1096    691
  1097    691
  1098    691
  1099    691
  1100    691
  1101    691
  1102    691
  1103    691
  1104    691
  1091    692
  1092    692
  1093    692
  1094    692
  1095    692
  1096    692
  1097    692
  1098    692
  1099    692
  1100    692
  1101    692
  1102    692
  1103    692
  1104    692
  1105    692
  1092    693
  1093    693
  1094    693
  1095    693
  1096    693
  1097    693
  1098    693
  1099    693
  1100    693
  1101    693
  1102    693
  1103    693
  1104    693
  1105    693
  1106    693
  1093    694
  1094    694
  1095    694
  1096    694
  1097    694
  1098    694
  1099    694
  1100    694
  1101    694
  1102    694
  1103    694
  1104    694
  1105    694
  1106    694
  1107    694
  1108    694
  1095    695
  1096    695
  1097    695
  1098    695
  1099    695
  1100    695
  1101    695
  1102    695
  1103    695
  1104    695
  1105    695
  1106    695
  1107    695
  1108    695
  1109    695
  1096    696
  1097    696
  1098    696
  1099    696
  1100    696
  1101    696
  1102    696
  1103    696
  1104    696
  1105    696
  1106    696
  1107    696
  1108    696
  1109    696
  1110    696
  1097    697
  1098    697
  1099    697
  1100    697
  1101    697
  1102    697
  1103    697
  1104    697
  1105    697
  1106    697
  1107    697
  1108    697
  1109    697
  1110    697
  1111    697
  1112    697
  1098    698
  1099    698
  1100    698
  1101    698
  1102    698
  1103    698
  1104    698
  1105    698
  1106    698
  1107    698
  1108    698
  1109    698
  1110    698
  1111    698
  1112    698
  1113    698
  1099    699
  1100    699
  1101    699
  1102    699
  1103    699
  1104    699
  1105    699
  1106    699
  1107    699
  1108    699
  1109    699
  1110    699
  1111    699
  1112    699
  1113    699
  1114    699
  1100    700
  1101    700
  1102    700
  1103    700
  1104    700
  1105    700
  1106    700
  1107    700
  1108    700
  1109    700
  1110    700
  1111    700
  1112    700
  1113    700
  1114    700
  1115    700
  1101    701
  1102    701
  1103    701
  1104    701
  1105    701
  1106    701
  1107    701
  1108    701
  1109    701
  1110    701
  1111    701
  1112    701
  1113    701
  1114    701
  1115    701
  1116    701
  1117    701
  1103    702
  1104    702
  1105    702
  1106    702
  1107    702
  1108    702
  1109    702
  1110    702
  1111    702
  1112    702
  1113    702
  1114    702
  1115    702
  1116    702
  1117    702
  1118    702
  1104    703
  1105    703
  1106    703
  1107    703
  1108    703
  1109    703
  1110    703
  1111    703
  1112    703
  1113    703
  1114    703
  1115    703
  1116    703
  1117    703
  1118    703
  1119    703
  1105    704
  1106    704
  1107    704
  1108    704
  1109    704
  1110    704
  1111    704
  1112    704
  1113    704
  1114    704
  1115    704
  1116    704
  1117    704
  1118    704
  1119    704
  1120    704
  1106    705
  1107    705
  1108    705
  1109    705
  1110    705
  1111    705
  1112    705
  1113    705
  1114    705
  1115    705
  1116    705
  1117    705
  1118    705
  1119    705
  1120    705
  1121    705
  1122    705
  1107    706
  1108    706
  1109    706
  1110    706
  1111    706
  1112    706
  1113    706
  1114    706
  1115    706
  1116    706
  1117    706
  1118    706
  1119    706
  1120    706
  1121    706
  1122    706
  1123    706
  1108    707
  1109    707
  1110    707
  1111    707
  1112    707
  1113    707
  1114    707
  1115    707
  1116    707
  1117    707
  1118    707
  1119    707
  1120    707
  1121    707
  1122    707
  1123    707
  1124    707
  1109    708
  1110    708
  1111    708
  1112    708
  1113    708
  1114    708
  1115    708
  1116    708
  1117    708
  1118    708
  1119    708
  1120    708
  1121    708
  1122    708
  1123    708
  1124    708
  1125    708
  1126    708
  1111    709
  1112    709
  1113    709
  1114    709
  1115    709
  1116    709
  1117    709
  1118    709
  1119    709
  1120    709
  1121    709
  1122    709
  1123    709
  1124    709
  1125    709
  1126    709
  1127    709
  1112    710
  1113    710
  1114    710
  1115    710
  1116    710
  1117    710
  1118    710
  1119    710
  1120    710
  1121    710
  1122    710
  1123    710
  1124    710
  1125    710
  1126    710
  1127    710
  1128    710
  1113    711
  1114    711
  1115    711
  1116    711
  1117    711
  1118    711
  1119    711
  1120    711
  1121    711
  1122    711
  1123    711
  1124    711
  1125    711
  1126    711
  1127    711
  1128    711
  1129    711
  1130    711
  1114    712
  1115    712
  1116    712
  1117    712
  1118    712
  1119    712
  1120    712
  1121    712
  1122    712
  1123    712
  1124    712
  1125    712
  1126    712
  1127    712
  1128    712
  1129    712
  1130    712
  1116    713
  1117    713
  1118    713
  1119    713
  1120    713
  1121    713
  1122    713
  1123    713
  1124    713
  1125    713
  1126    713
  1127    713
  1128    713
  1129    713
  1130    713
  1131    713
  1132    713
  1117    714
  1118    714
  1119    714
  1120    714
  1121    714
  1122    714
  1123    714
  1124    714
  1125    714
  1126    714
  1127    714
  1128    714
  1129    714
  1130    714
  1131    714
  1132    714
  1133    714
  1118    715
  1119    715
  1120    715
  1121    715
  1122    715
  1123    715
  1124    715
  1125    715
  1126    715
  1127    715
  1128    715
  1129    715
  1130    715
  1131    715
  1132    715
  1133    715
  1134    715
  1135    715
  1119    716
  1120    716
  1121    716
  1122    716
  1123    716
  1124    716
  1125    716
  1126    716
  1127    716
  1128    716
  1129    716
  1130    716
  1131    716
  1132    716
  1133    716
  1134    716
  1135    716
  1136    716
  1120    717
  1121    717
  1122    717
  1123    717
  1124    717
  1125    717
  1126    717
  1127    717
  1128    717
  1129    717
  1130    717
  1131    717
  1132    717
  1133    717
  1134    717
  1135    717
  1136    717
  1137    717
  1121    718
  1122    718
  1123    718
  1124    718
  1125    718
  1126    718
  1127    718
  1128    718
  1129    718
  1130    718
  1131    718
  1132    718
  1133    718
  1134    718
  1135    718
  1136    718
  1137    718
  1138    718
  1122    719
  1123    719
  1124    719
  1125    719
  1126    719
  1127    719
  1128    719
  1129    719
  1130    719
  1131    719
  1132    719
  1133    719
  1134    719
  1135    719
  1136    719
  1137    719
  1138    719
  1139    719
  1140    719
  1123    720
  1124    720
  1125    720
  1126    720
  1127    720
  1128    720
  1129    720
  1130    720
  1131    720
  1132    720
  1133    720
  1134    720
  1135    720
  1136    720
  1137    720
  1138    720
  1139    720
  1140    720
  1141    720
  1125    721
  1126    721
  1127    721
  1128    721
  1129    721
  1130    721
  1131    721
  1132    721
  1133    721
  1134    721
  1135    721
  1136    721
  1137    721
  1138    721
  1139    721
  1140    721
  1141    721
  1142    721
  1126    722
  1127    722
  1128    722
  1129    722
  1130    722
  1131    722
  1132    722
  1133    722
  1134    722
  1135    722
  1136    722
  1137    722
  1138    722
  1139    722
  1140    722
  1141    722
  1142    722
  1143    722
  1127    723
  1128    723
  1129    723
  1130    723
  1131    723
  1132    723
  1133    723
  1134    723
  1135    723
  1136    723
  1137    723
  1138    723
  1139    723
  1140    723
  1141    723
  1142    723
  1143    723
  1144    723
  1145    723
  1128    724
  1129    724
  1130    724
  1131    724
  1132    724
  1133    724
  1134    724
  1135    724
  1136    724
  1137    724
  1138    724
  1139    724
  1140    724
  1141    724
  1142    724
  1143    724
  1144    724
  1145    724
  1146    724
  1129    725
  1130    725
  1131    725
  1132    725
  1133    725
  1134    725
  1135    725
  1136    725
  1137    725
  1138    725
  1139    725
  1140    725
  1141    725
  1142    725
  1143    725
  1144    725
  1145    725
  1146    725
  1147    725
  1130    726
  1131    726
  1132    726
  1133    726
  1134    726
  1135    726
  1136    726
  1137    726
  1138    726
  1139    726
  1140    726
  1141    726
  1142    726
  1143    726
  1144    726
  1145    726
  1146    726
  1147    726
  1148    726
  1132    727
  1133    727
  1134    727
  1135    727
  1136    727
  1137    727
  1138    727
  1139    727
  1140    727
  1141    727
  1142    727
  1143    727
  1144    727
  1145    727
  1146    727
  1147    727
  1148    727
  1149    727
  1133    728
  1134    728
  1135    728
  1136    728
  1137    728
  1138    728
  1139    728
  1140    728
  1141    728
  1142    728
  1143    728
  1144    728
  1145    728
  1146    728
  1147    728
  1148    728
  1149    728
  1150    728
  1134    729
  1135    729
  1136    729
  1137    729
  1138    729
  1139    729
  1140    729
  1141    729
  1142    729
  1143    729
  1144    729
  1145    729
  1146    729
  1147    729
  1148    729
  1149    729
  1150    729
  1151    729
  1135    730
  1136    730
  1137    730
  1138    730
  1139    730
  1140    730
  1141    730
  1142    730
  1143    730
  1144    730
  1145    730
  1146    730
  1147    730
  1148    730
  1149    730
  1150    730
  1151    730
  1152    730
  1137    731
  1138    731
  1139    731
  1140    731
  1141    731
  1142    731
  1143    731
  1144    731
  1145    731
  1146    731
  1147    731
  1148    731
  1149    731
  1150    731
  1151    731
  1152    731
  1153    731
  1138    732
  1139    732
  1140    732
  1141    732
  1142    732
  1143    732
  1144    732
  1145    732
  1146    732
  1147    732
  1148    732
  1149    732
  1150    732
  1151    732
  1152    732
  1139    733
  1140    733
  1141    733
  1142    733
  1143    733
  1144    733
  1145    733
  1146    733
  1147    733
  1148    733
  1149    733
  1140    734
  1141    734
  1142    734
  1143    734
  1144    734
  1145    734
  1146    734
  1147    734
  1148    734
  1141    735
  1142    735
  1143    735
  1144    735
  1145    735
  1146    735
  1147    735
