  1056    661
  1057    661
  1058    661
  1059    661
  1060    661
  1061    661
  1062    661
  1063    661
  1064    661
  1065    661
  1066    661
  1067    661
  1057    662
  1058    662
  1059    662
  1060    662
  1061    662
  1062    662
  1063    662
  1064    662
  1065    662
  1066    662
  1067    662
  1068    662
  1058    663
  1059    663
  1060    663
  1061    663
  1062    663
  1063    663
  1064    663
  1065    663
  1066    663
  1067    663
  1068    663
  1059    664
  1060    664
  1061    664
  1062    664
  1063    664
  1064    664
  1065    664
  1066    664
  1067    664
  1068    664
  1069    664
  1070    664
  1060    665
  1061    665
  1062    665
  1063    665
  1064    665
  1065    665
  1066    665
  1067    665
  1068    665
  1069    665
  1070    665
  1071    665
  1072    665
  1061    666
  1062    666
  1063    666
  1064    666
  1065    666
  1066    666
  1067    666
  1068    666
  1069    666
  1070    666
  1071    666
  1072    666
  1073    666
  1062    667
  1063    667
  1064    667
  1065    667
  1066    667
  1067    667
  1068    667
  1069    667
  1070    667
  1071    667
  1072    667
  1073    667
  1074    667
  1064    668
  1065    668
  1066    668
  1067    668
  1068    668
  1069    668
  1070    668
  1071    668
  1072    668
  1073    668
  1074    668
  1075    668
  1076    668
  1065    669
  1066    669
  1067    669
  1068    669
  1069    669
  1070    669
  1071    669
  1072    669
  1073    669
  1074    669
  1075    669
  1076    669
  1077    669
  1066    670
  1067    670
  1068    670
  1069    670
  1070    670
  1071    670
  1072    670
  1073    670
  1074    670
  1075    670
  1076    670
  1077    670
  1078    670
  1067    671
  1068    671
  1069    671
  1070    671
  1071    671
  1072    671
  1073    671
  1074    671
  1075    671
  1076    671
  1077    671
  1078    671
  1079    671
  1068    672
  1069    672
  1070    672
  1071    672
  1072    672
  1073    672
  1074    672
  1075    672
  1076    672
  1077    672
  1078    672
  1079    672
  1080    672
  1069    673
  1070    673
  1071    673
  1072    673
  1073    673
  1074    673
  1075    673
  1076    673
  1077    673
  1078    673
  1079    673
  1080    673
  1081    673
  1082    673
  1071    674
  1072    674
  1073    674
  1074    674
  1075    674
  1076    674
  1077    674
  1078    674
  1079    674
  1080    674
  1081    674
  1082    674
  1083    674
  1072    675
  1073    675
  1074    675
  1075    675
  1076    675
  1077    675
  1078    675
  1079    675
  1080    675
  1081    675
  1082    675
  1083    675
  1084    675
  1075    676
  1076    676
  1077    676
  1078    676
  1079    676
  1080    676
  1081    676
  1082    676
  1083    676
  1084    676
  1075    677
  1076    677
  1077    677
  1078    677
  1079    677
  1080    677
  1081    677
  1082    677
  1083    677
  1084    677
  1085    677
  1075    678
  1076    678
  1077    678
  1078    678
  1079    678
  1080    678
  1081    678
  1082    678
  1083    678
  1084    678
  1085    678
  1086    678
  1087    678
  1088    678
  1076    679
  1077    679
  1078    679
  1079    679
  1080    679
  1081    679
  1082    679
  1083    679
  1084    679
  1085    679
  1086    679
  1087    679
  1088    679
  1089    679
  1078    680
  1079    680
  1080    680
  1081    680
  1082    680
  1083    680
  1084    680
  1085    680
  1086    680
  1087    680
  1088    680
  1089    680
  1090    680
  1091    680
  1079    681
  1080    681
  1081    681
  1082    681
  1083    681
  1084    681
  1085    681
  1086    681
  1087    681
  1088    681
  1089    681
  1090    681
  1092    681
  1080    682
  1081    682
  1082    682
  1083    682
  1084    682
  1085    682
  1086    682
  1087    682
  1088    682
  1089    682
  1090    682
  1091    682
  1081    683
  1082    683
  1083    683
  1084    683
  1085    683
  1086    683
  1087    683
  1088    683
  1089    683
  1090    683
  1091    683
  1092    683
  1082    684
  1083    684
  1084    684
  1085    684
  1086    684
  1087    684
  1088    684
  1089    684
  1090    684
  1091    684
  1092    684
  1093    684
  1094    684
  1095    684
  1083    685
  1084    685
  1085    685
  1086    685
  1087    685
  1088    685
  1089    685
  1090    685
  1091    685
  1092    685
  1093    685
  1094    685
  1095    685
  1096    685
  1097    685
  1084    686
  1085    686
  1086    686
  1087    686
  1088    686
  1089    686
  1090    686
  1091    686
  1092    686
  1093    686
  1094    686
  1095    686
  1096    686
  1097    686
  1098    686
  1086    687
  1087    687
  1088    687
  1089    687
  1090    687
  1091    687
  1092    687
  1093    687
  1094    687
  1095    687
  1096    687
  1097    687
  1098    687
  1099    687
  1088    688
  1089    688
  1090    688
  1091    688
  1092    688
  1093    688
  1094    688
  1095    688
  1096    688
  1097    688
  1098    688
  1099    688
  1100    688
  1088    689
  1089    689
  1090    689
  1091    689
  1092    689
  1093    689
  1094    689
  1095    689
  1096    689
  1097    689
  1098    689
  1099    689
  1100    689
  1089    690
  1090    690
  1091    690
  1092    690
  1093    690
  1094    690
  1095    690
  1096    690
  1097    690
  1098    690
  1099    690
  1100    690
  1101    690
  1103    690
  1104    690
  1091    691
  1092    691
  1093    691
  1094    691
  1095    691
  1096    691
  1097    691
  1098    691
  1099    691
  1100    691
  1101    691
  1102    691
  1103    691
  1104    691
  1105    691
  1092    692
  1093    692
  1094    692
  1095    692
  1096    692
  1097    692
  1098    692
  1099    692
  1100    692
  1101    692
  1102    692
  1103    692
  1104    692
  1105    692
  1106    692
  1093    693
  1094    693
  1095    693
  1096    693
  1097    693
  1098    693
  1099    693
  1100    693
  1101    693
  1102    693
  1103    693
  1104    693
  1105    693
  1106    693
  1107    693
  1095    694
  1096    694
  1097    694
  1098    694
  1099    694
  1100    694
  1101    694
  1102    694
  1103    694
  1104    694
  1105    694
  1106    694
  1107    694
  1108    694
  1096    695
  1097    695
  1098    695
  1099    695
  1100    695
  1101    695
  1102    695
  1103    695
  1104    695
  1105    695
  1106    695
  1107    695
  1108    695
  1109    695
  1110    695
  1096    696
  1097    696
  1098    696
  1099    696
  1100    696
  1101    696
  1102    696
  1103    696
  1104    696
  1105    696
  1106    696
  1107    696
  1108    696
  1109    696
  1110    696
  1111    696
  1098    697
  1099    697
  1100    697
  1101    697
  1102    697
  1103    697
  1104    697
  1105    697
  1106    697
  1107    697
  1108    697
  1109    697
  1110    697
  1111    697
  1112    697
  1099    698
  1100    698
  1101    698
  1102    698
  1103    698
  1104    698
  1105    698
  1106    698
  1107    698
  1108    698
  1109    698
  1110    698
  1111    698
  1112    698
  1113    698
  1114    698
  1100    699
  1101    699
  1102    699
  1103    699
  1104    699
  1105    699
  1106    699
  1107    699
  1108    699
  1109    699
  1110    699
  1111    699
  1112    699
  1113    699
  1114    699
  1115    699
  1101    700
  1102    700
  1103    700
  1104    700
  1105    700
  1106    700
  1107    700
  1108    700
  1109    700
  1110    700
  1111    700
  1112    700
  1113    700
  1114    700
  1115    700
  1116    700
  1103    701
  1104    701
  1105    701
  1106    701
  1107    701
  1108    701
  1109    701
  1110    701
  1111    701
  1112    701
  1113    701
  1114    701
  1115    701
  1116    701
  1117    701
  1118    701
  1104    702
  1105    702
  1106    702
  1107    702
  1108    702
  1109    702
  1110    702
  1111    702
  1112    702
  1113    702
  1114    702
  1115    702
  1116    702
  1117    702
  1118    702
  1119    702
  1105    703
  1106    703
  1107    703
  1108    703
  1109    703
  1110    703
  1111    703
  1112    703
  1113    703
  1114    703
  1115    703
  1116    703
  1117    703
  1118    703
  1119    703
  1120    703
  1108    704
  1109    704
  1110    704
  1111    704
  1112    704
  1113    704
  1114    704
  1115    704
  1116    704
  1117    704
  1118    704
  1119    704
  1120    704
  1121    704
  1122    704
  1108    705
  1109    705
  1110    705
  1111    705
  1112    705
  1113    705
  1114    705
  1115    705
  1116    705
  1117    705
  1118    705
  1119    705
  1120    705
  1121    705
  1122    705
  1123    705
  1108    706
  1109    706
  1110    706
  1111    706
  1112    706
  1113    706
  1114    706
  1115    706
  1116    706
  1117    706
  1118    706
  1119    706
  1120    706
  1121    706
  1122    706
  1123    706
  1124    706
  1111    707
  1112    707
  1113    707
  1114    707
  1115    707
  1116    707
  1117    707
  1118    707
  1119    707
  1120    707
  1121    707
  1122    707
  1123    707
  1124    707
  1125    707
  1111    708
  1112    708
  1113    708
  1114    708
  1115    708
  1116    708
  1117    708
  1118    708
  1119    708
  1120    708
  1121    708
  1122    708
  1123    708
  1124    708
  1125    708
  1126    708
  1127    708
  1112    709
  1113    709
  1114    709
  1115    709
  1116    709
  1117    709
  1118    709
  1119    709
  1120    709
  1121    709
  1122    709
  1123    709
  1124    709
  1125    709
  1126    709
  1127    709
  1128    709
  1114    710
  1115    710
  1116    710
  1117    710
  1118    710
  1119    710
  1120    710
  1121    710
  1122    710
  1123    710
  1124    710
  1125    710
  1126    710
  1127    710
  1128    710
  1129    710
  1115    711
  1116    711
  1117    711
  1118    711
  1119    711
  1120    711
  1121    711
  1122    711
  1123    711
  1124    711
  1125    711
  1126    711
  1127    711
  1128    711
  1129    711
  1130    711
  1116    712
  1117    712
  1118    712
  1119    712
  1120    712
  1121    712
  1122    712
  1123    712
  1124    712
  1125    712
  1126    712
  1127    712
  1128    712
  1129    712
  1130    712
  1131    712
  1132    712
  1116    713
  1117    713
  1118    713
  1119    713
  1120    713
  1121    713
  1122    713
  1123    713
  1124    713
  1125    713
  1126    713
  1127    713
  1128    713
  1129    713
  1130    713
  1131    713
  1132    713
  1133    713
  1119    714
  1120    714
  1121    714
  1122    714
  1123    714
  1124    714
  1125    714
  1126    714
  1127    714
  1128    714
  1129    714
  1130    714
  1131    714
  1132    714
  1133    714
  1134    714
  1119    715
  1120    715
  1121    715
  1122    715
  1123    715
  1124    715
  1125    715
  1126    715
  1127    715
  1128    715
  1129    715
  1130    715
  1131    715
  1132    715
  1133    715
  1134    715
  1135    715
  1136    715
  1120    716
  1121    716
  1122    716
  1123    716
  1124    716
  1125    716
  1126    716
  1127    716
  1128    716
  1129    716
  1130    716
  1131    716
  1132    716
  1133    716
  1134    716
  1135    716
  1136    716
  1137    716
  1121    717
  1122    717
  1123    717
  1124    717
  1125    717
  1126    717
  1127    717
  1128    717
  1129    717
  1130    717
  1131    717
  1132    717
  1133    717
  1134    717
  1135    717
  1136    717
  1137    717
  1138    717
  1122    718
  1123    718
  1124    718
  1125    718
  1126    718
  1127    718
  1128    718
  1129    718
  1130    718
  1131    718
  1132    718
  1133    718
  1134    718
  1135    718
  1136    718
  1137    718
  1138    718
  1139    718
  1123    719
  1124    719
  1125    719
  1126    719
  1127    719
  1128    719
  1129    719
  1130    719
  1131    719
  1132    719
  1133    719
  1134    719
  1135    719
  1136    719
  1137    719
  1138    719
  1139    719
  1140    719
  1124    720
  1125    720
  1126    720
  1127    720
  1128    720
  1129    720
  1130    720
  1131    720
  1132    720
  1133    720
  1134    720
  1135    720
  1136    720
  1137    720
  1138    720
  1139    720
  1140    720
  1141    720
  1142    720
  1126    721
  1127    721
  1128    721
  1129    721
  1130    721
  1131    721
  1132    721
  1133    721
  1134    721
  1135    721
  1136    721
  1137    721
  1138    721
  1139    721
  1140    721
  1141    721
  1142    721
  1143    721
  1127    722
  1128    722
  1129    722
  1130    722
  1131    722
  1132    722
  1133    722
  1134    722
  1135    722
  1136    722
  1137    722
  1138    722
  1139    722
  1140    722
  1141    722
  1142    722
  1143    722
  1144    722
  1145    722
  1128    723
  1129    723
  1130    723
  1131    723
  1132    723
  1133    723
  1134    723
  1135    723
  1136    723
  1137    723
  1138    723
  1139    723
  1140    723
  1141    723
  1142    723
  1143    723
  1144    723
  1145    723
  1146    723
  1129    724
  1130    724
  1131    724
  1132    724
  1133    724
  1134    724
  1135    724
  1136    724
  1137    724
  1138    724
  1139    724
  1140    724
  1141    724
  1142    724
  1143    724
  1144    724
  1145    724
  1146    724
  1147    724
  1130    725
  1131    725
  1132    725
  1133    725
  1134    725
  1135    725
  1136    725
  1137    725
  1138    725
  1139    725
  1140    725
  1141    725
  1142    725
  1143    725
  1144    725
  1145    725
  1146    725
  1147    725
  1148    725
  1131    726
  1132    726
  1133    726
  1134    726
  1135    726
  1136    726
  1137    726
  1138    726
  1139    726
  1140    726
  1141    726
  1142    726
  1143    726
  1144    726
  1145    726
  1146    726
  1147    726
  1148    726
  1149    726
  1150    726
  1132    727
  1133    727
  1134    727
  1135    727
  1136    727
  1137    727
  1138    727
  1139    727
  1140    727
  1141    727
  1142    727
  1143    727
  1144    727
  1145    727
  1146    727
  1147    727
  1148    727
  1149    727
  1150    727
  1151    727
  1134    728
  1135    728
  1136    728
  1137    728
  1138    728
  1139    728
  1140    728
  1141    728
  1142    728
  1143    728
  1144    728
  1145    728
  1146    728
  1147    728
  1148    728
  1149    728
  1150    728
  1151    728
  1152    728
  1135    729
  1136    729
  1137    729
  1138    729
  1139    729
  1140    729
  1141    729
  1142    729
  1143    729
  1144    729
  1145    729
  1146    729
  1147    729
  1148    729
  1149    729
  1150    729
  1151    729
  1152    729
  1153    729
  1136    730
  1137    730
  1138    730
  1139    730
  1140    730
  1141    730
  1142    730
  1143    730
  1144    730
  1145    730
  1146    730
  1147    730
  1148    730
  1149    730
  1150    730
  1151    730
  1152    730
  1153    730
  1154    730
  1155    730
  1137    731
  1138    731
  1139    731
  1140    731
  1141    731
  1142    731
  1143    731
  1144    731
  1145    731
  1146    731
  1147    731
  1148    731
  1149    731
  1150    731
  1151    731
  1152    731
  1153    731
  1154    731
  1155    731
  1156    731
  1139    732
  1140    732
  1141    732
  1142    732
  1143    732
  1144    732
  1145    732
  1146    732
  1147    732
  1148    732
  1149    732
  1150    732
  1151    732
  1152    732
  1153    732
  1154    732
  1155    732
  1156    732
  1157    732
  1140    733
  1141    733
  1142    733
  1143    733
  1144    733
  1145    733
  1146    733
  1147    733
  1148    733
  1149    733
  1150    733
  1151    733
  1152    733
  1153    733
  1154    733
  1155    733
  1156    733
  1157    733
  1158    733
  1159    733
  1141    734
  1142    734
  1143    734
  1144    734
  1145    734
  1146    734
  1147    734
  1148    734
  1149    734
  1150    734
  1151    734
  1152    734
  1153    734
  1154    734
  1155    734
  1156    734
  1157    734
  1158    734
  1159    734
  1160    734
  1142    735
  1143    735
  1144    735
  1145    735
  1146    735
  1147    735
  1148    735
  1149    735
  1150    735
  1151    735
  1152    735
  1153    735
  1154    735
  1155    735
  1156    735
  1157    735
  1158    735
  1159    735
  1160    735
  1161    735
  1143    736
  1144    736
  1145    736
  1146    736
  1147    736
  1148    736
  1149    736
  1150    736
  1151    736
  1152    736
  1153    736
  1154    736
  1155    736
  1156    736
  1157    736
  1158    736
  1159    736
  1160    736
  1161    736
  1162    736
  1144    737
  1145    737
  1146    737
  1147    737
  1148    737
  1149    737
  1150    737
  1151    737
  1152    737
  1153    737
  1154    737
  1155    737
  1156    737
  1157    737
  1158    737
  1159    737
  1160    737
  1161    737
  1162    737
  1163    737
  1146    738
  1147    738
  1148    738
  1149    738
  1150    738
  1151    738
  1152    738
  1153    738
  1154    738
  1155    738
  1156    738
  1157    738
  1158    738
  1159    738
  1160    738
  1161    738
  1162    738
  1163    738
  1164    738
  1165    738
  1147    739
  1148    739
  1149    739
  1150    739
  1151    739
  1152    739
  1153    739
  1154    739
  1155    739
  1156    739
  1157    739
  1158    739
  1159    739
  1160    739
  1161    739
  1162    739
  1163    739
  1164    739
  1165    739
  1166    739
  1148    740
  1149    740
  1150    740
  1151    740
  1152    740
  1153    740
  1154    740
  1155    740
  1156    740
  1157    740
  1158    740
  1159    740
  1160    740
  1161    740
  1162    740
  1163    740
  1164    740
  1165    740
  1166    740
  1167    740
  1149    741
  1150    741
  1151    741
  1152    741
  1153    741
  1154    741
  1155    741
  1156    741
  1157    741
  1158    741
  1159    741
  1160    741
  1161    741
  1162    741
  1163    741
  1164    741
  1165    741
  1166    741
  1167    741
  1168    741
  1169    741
  1150    742
  1151    742
  1152    742
  1153    742
  1154    742
  1155    742
  1156    742
  1157    742
  1158    742
  1159    742
  1160    742
  1161    742
  1162    742
  1163    742
  1164    742
  1165    742
  1166    742
  1167    742
  1168    742
  1169    742
  1151    743
  1152    743
  1153    743
  1154    743
  1155    743
  1156    743
  1157    743
  1158    743
  1159    743
  1160    743
  1161    743
  1162    743
  1163    743
  1164    743
  1165    743
  1166    743
  1167    743
  1168    743
  1169    743
  1170    743
  1171    743
  1152    744
  1153    744
  1154    744
  1155    744
  1156    744
  1157    744
  1158    744
  1159    744
  1160    744
  1161    744
  1162    744
  1163    744
  1164    744
  1165    744
  1166    744
  1167    744
  1168    744
  1169    744
  1170    744
  1171    744
  1172    744
  1153    745
  1154    745
  1155    745
  1156    745
  1157    745
  1158    745
  1159    745
  1160    745
  1161    745
  1162    745
  1163    745
  1164    745
  1165    745
  1166    745
  1167    745
  1168    745
  1169    745
  1170    745
  1171    745
  1172    745
  1173    745
  1155    746
  1156    746
  1157    746
  1158    746
  1159    746
  1160    746
  1161    746
  1162    746
  1163    746
  1164    746
  1165    746
  1166    746
  1167    746
  1168    746
  1169    746
  1170    746
  1171    746
  1172    746
  1173    746
  1174    746
  1175    746
  1156    747
  1157    747
  1158    747
  1159    747
  1160    747
  1161    747
  1162    747
  1163    747
  1164    747
  1165    747
  1166    747
  1167    747
  1168    747
  1169    747
  1170    747
  1171    747
  1172    747
  1173    747
  1174    747
  1175    747
  1176    747
  1157    748
  1158    748
  1159    748
  1160    748
  1161    748
  1162    748
  1163    748
  1164    748
  1165    748
  1166    748
  1167    748
  1168    748
  1169    748
  1170    748
  1171    748
  1172    748
  1173    748
  1174    748
  1175    748
  1176    748
  1177    748
  1158    749
  1159    749
  1160    749
  1161    749
  1162    749
  1163    749
  1164    749
  1165    749
  1166    749
  1167    749
  1168    749
  1169    749
  1170    749
  1171    749
  1172    749
  1173    749
  1174    749
  1175    749
  1176    749
  1177    749
  1178    749
  1179    749
  1159    750
  1160    750
  1161    750
  1162    750
  1163    750
  1164    750
  1165    750
  1166    750
  1167    750
  1168    750
  1169    750
  1170    750
  1171    750
  1172    750
  1173    750
  1174    750
  1175    750
  1176    750
  1177    750
  1178    750
  1179    750
  1160    751
  1161    751
  1162    751
  1163    751
  1164    751
  1165    751
  1166    751
  1167    751
  1168    751
  1169    751
  1170    751
  1171    751
  1172    751
  1173    751
  1174    751
  1175    751
  1176    751
  1177    751
  1178    751
  1179    751
  1180    751
  1181    751
  1162    752
  1163    752
  1164    752
  1165    752
  1166    752
  1167    752
  1168    752
  1169    752
  1170    752
  1171    752
  1172    752
  1173    752
  1174    752
  1175    752
  1176    752
  1177    752
  1178    752
  1179    752
  1180    752
  1181    752
  1182    752
  1163    753
  1164    753
  1165    753
  1166    753
  1167    753
  1168    753
  1169    753
  1170    753
  1171    753
  1172    753
  1173    753
  1174    753
  1175    753
  1176    753
  1177    753
  1178    753
  1179    753
  1180    753
  1181    753
  1182    753
  1183    753
  1184    753
  1164    754
  1165    754
  1166    754
  1167    754
  1168    754
  1169    754
  1170    754
  1171    754
  1172    754
  1173    754
  1174    754
  1175    754
  1176    754
  1177    754
  1178    754
  1179    754
  1180    754
  1181    754
  1182    754
  1183    754
  1184    754
  1185    754
  1165    755
  1166    755
  1167    755
  1168    755
  1169    755
  1170    755
  1171    755
  1172    755
  1173    755
  1174    755
  1175    755
  1176    755
  1177    755
  1178    755
  1179    755
  1180    755
  1181    755
  1182    755
  1183    755
  1184    755
  1185    755
  1166    756
  1167    756
  1168    756
  1169    756
  1170    756
  1171    756
  1172    756
  1173    756
  1174    756
  1175    756
  1176    756
  1177    756
  1178    756
  1179    756
  1180    756
  1181    756
  1182    756
  1183    756
  1184    756
  1185    756
  1186    756
  1187    756
  1167    757
  1168    757
  1169    757
  1170    757
  1171    757
  1172    757
  1173    757
  1174    757
  1175    757
  1176    757
  1177    757
  1178    757
  1179    757
  1180    757
  1181    757
  1182    757
  1183    757
  1184    757
  1185    757
  1186    757
  1187    757
  1188    757
  1168    758
  1169    758
  1170    758
  1171    758
  1172    758
  1173    758
  1174    758
  1175    758
  1176    758
  1177    758
  1178    758
  1179    758
  1180    758
  1181    758
  1182    758
  1183    758
  1184    758
  1185    758
  1186    758
  1187    758
  1188    758
  1189    758
  1169    759
  1170    759
  1171    759
  1172    759
  1173    759
  1174    759
  1175    759
  1176    759
  1177    759
  1178    759
  1179    759
  1180    759
  1181    759
  1182    759
  1183    759
  1184    759
  1185    759
  1186    759
  1187    759
  1188    759
  1189    759
  1190    759
  1191    759
  1171    760
  1172    760
  1173    760
  1174    760
  1175    760
  1176    760
  1177    760
  1178    760
  1179    760
  1180    760
  1181    760
  1182    760
  1183    760
  1184    760
  1185    760
  1186    760
  1187    760
  1188    760
  1189    760
  1190    760
  1191    760
  1192    760
  1172    761
  1173    761
  1174    761
  1175    761
  1176    761
  1177    761
  1178    761
  1179    761
  1180    761
  1181    761
  1182    761
  1183    761
  1184    761
  1185    761
  1186    761
  1187    761
  1188    761
  1189    761
  1190    761
  1191    761
  1192    761
  1193    761
  1173    762
  1174    762
  1175    762
  1176    762
  1177    762
  1178    762
  1179    762
  1180    762
  1181    762
  1182    762
  1183    762
  1184    762
  1185    762
  1186    762
  1187    762
  1188    762
  1189    762
  1190    762
  1191    762
  1192    762
  1193    762
  1194    762
  1175    763
  1176    763
  1177    763
  1178    763
  1179    763
  1180    763
  1181    763
  1182    763
  1183    763
  1184    763
  1185    763
  1186    763
  1187    763
  1188    763
  1189    763
  1190    763
  1191    763
  1192    763
  1193    763
  1194    763
  1195    763
  1196    763
  1175    764
  1176    764
  1177    764
  1178    764
  1179    764
  1180    764
  1181    764
  1182    764
  1183    764
  1184    764
  1185    764
  1186    764
  1187    764
  1188    764
  1189    764
  1190    764
  1191    764
  1192    764
  1193    764
  1194    764
  1195    764
  1196    764
  1197    764
  1176    765
  1177    765
  1178    765
  1179    765
  1180    765
  1181    765
  1182    765
  1183    765
  1184    765
  1185    765
  1186    765
  1187    765
  1188    765
  1189    765
  1190    765
  1191    765
  1192    765
  1193    765
  1194    765
  1195    765
  1196    765
  1197    765
  1178    766
  1179    766
  1180    766
  1181    766
  1182    766
  1183    766
  1184    766
  1185    766
  1186    766
  1187    766
  1188    766
  1189    766
  1190    766
  1191    766
  1192    766
  1193    766
  1194    766
  1195    766
  1196    766
  1197    766
  1198    766
  1199    766
  1179    767
  1180    767
  1181    767
  1182    767
  1183    767
  1184    767
  1185    767
  1186    767
  1187    767
  1188    767
  1189    767
  1190    767
  1191    767
  1192    767
  1193    767
  1194    767
  1195    767
  1196    767
  1197    767
  1198    767
  1199    767
  1200    767
  1180    768
  1181    768
  1182    768
  1183    768
  1184    768
  1185    768
  1186    768
  1187    768
  1188    768
  1189    768
  1190    768
  1191    768
  1192    768
  1193    768
  1194    768
  1195    768
  1196    768
  1197    768
  1198    768
  1199    768
  1200    768
  1201    768
  1202    768
  1181    769
  1182    769
  1183    769
  1184    769
  1185    769
  1186    769
  1187    769
  1188    769
  1189    769
  1190    769
  1191    769
  1192    769
  1193    769
  1194    769
  1195    769
  1196    769
  1197    769
  1198    769
  1199    769
  1200    769
  1201    769
  1202    769
  1203    769
  1182    770
  1183    770
  1184    770
  1185    770
  1186    770
  1187    770
  1188    770
  1189    770
  1190    770
  1191    770
  1192    770
  1193    770
  1194    770
  1195    770
  1196    770
  1197    770
  1198    770
  1199    770
  1200    770
  1201    770
  1202    770
  1203    770
  1204    770
  1184    771
  1185    771
  1186    771
  1187    771
  1188    771
  1189    771
  1190    771
  1191    771
  1192    771
  1193    771
  1194    771
  1195    771
  1196    771
  1197    771
  1198    771
  1199    771
  1200    771
  1201    771
  1202    771
  1203    771
  1204    771
  1205    771
  1206    771
  1185    772
  1186    772
  1187    772
  1188    772
  1189    772
  1190    772
  1191    772
  1192    772
  1193    772
  1194    772
  1195    772
  1196    772
  1197    772
  1198    772
  1199    772
  1200    772
  1201    772
  1202    772
  1203    772
  1204    772
  1205    772
  1206    772
  1207    772
  1185    773
  1186    773
  1187    773
  1188    773
  1189    773
  1190    773
  1191    773
  1192    773
  1193    773
  1194    773
  1195    773
  1196    773
  1197    773
  1198    773
  1199    773
  1200    773
  1201    773
  1202    773
  1203    773
  1204    773
  1205    773
  1206    773
  1207    773
  1208    773
  1187    774
  1188    774
  1189    774
  1190    774
  1191    774
  1192    774
  1193    774
  1194    774
  1195    774
  1196    774
  1197    774
  1198    774
  1199    774
  1200    774
  1201    774
  1202    774
  1203    774
  1204    774
  1205    774
  1206    774
  1207    774
  1208    774
  1209    774
  1210    774
  1188    775
  1189    775
  1190    775
  1191    775
  1192    775
  1193    775
  1194    775
  1195    775
  1196    775
  1197    775
  1198    775
  1199    775
  1200    775
  1201    775
  1202    775
  1203    775
  1204    775
  1205    775
  1206    775
  1207    775
  1208    775
  1209    775
  1210    775
  1211    775
  1189    776
  1190    776
  1191    776
  1192    776
  1193    776
  1194    776
  1195    776
  1196    776
  1197    776
  1198    776
  1199    776
  1200    776
  1201    776
  1202    776
  1203    776
  1204    776
  1205    776
  1206    776
  1207    776
  1208    776
  1209    776
  1210    776
  1211    776
  1212    776
  1213    776
  1190    777
  1191    777
  1192    777
  1193    777
  1194    777
  1195    777
  1196    777
  1197    777
  1198    777
  1199    777
  1200    777
  1201    777
  1202    777
  1203    777
  1204    777
  1205    777
  1206    777
  1207    777
  1208    777
  1209    777
  1210    777
  1211    777
  1212    777
  1213    777
  1214    777
  1192    778
  1193    778
  1194    778
  1195    778
  1196    778
  1197    778
  1198    778
  1199    778
  1200    778
  1201    778
  1202    778
  1203    778
  1204    778
  1205    778
  1206    778
  1207    778
  1208    778
  1209    778
  1210    778
  1211    778
  1212    778
  1213    778
  1214    778
  1215    778
  1193    779
  1194    779
  1195    779
  1196    779
  1197    779
  1198    779
  1199    779
  1200    779
  1201    779
  1202    779
  1203    779
  1204    779
  1205    779
  1206    779
  1207    779
  1208    779
  1209    779
  1210    779
  1211    779
  1212    779
  1213    779
  1214    779
  1215    779
  1216    779
  1194    780
  1195    780
  1196    780
  1197    780
  1198    780
  1199    780
  1200    780
  1201    780
  1202    780
  1203    780
  1204    780
  1205    780
  1206    780
  1207    780
  1208    780
  1209    780
  1210    780
  1211    780
  1212    780
  1213    780
  1214    780
  1215    780
  1216    780
  1217    780
  1196    781
  1197    781
  1198    781
  1199    781
  1200    781
  1201    781
  1202    781
  1203    781
  1204    781
  1205    781
  1206    781
  1207    781
  1208    781
  1209    781
  1210    781
  1211    781
  1212    781
  1213    781
  1214    781
  1215    781
  1216    781
  1217    781
  1218    781
  1196    782
  1197    782
  1198    782
  1199    782
  1200    782
  1201    782
  1202    782
  1203    782
  1204    782
  1205    782
  1206    782
  1207    782
  1208    782
  1209    782
  1210    782
  1211    782
  1212    782
  1213    782
  1214    782
  1215    782
  1216    782
  1217    782
  1218    782
  1219    782
  1220    782
  1198    783
  1199    783
  1200    783
  1201    783
  1202    783
  1203    783
  1204    783
  1205    783
  1206    783
  1207    783
  1208    783
  1209    783
  1210    783
  1211    783
  1212    783
  1213    783
  1214    783
  1215    783
  1216    783
  1217    783
  1218    783
  1219    783
  1220    783
  1221    783
  1199    784
  1200    784
  1201    784
  1202    784
  1203    784
  1204    784
  1205    784
  1206    784
  1207    784
  1208    784
  1209    784
  1210    784
  1211    784
  1212    784
  1213    784
  1214    784
  1215    784
  1216    784
  1217    784
  1218    784
  1219    784
  1220    784
  1221    784
  1222    784
  1223    784
  1199    785
  1200    785
  1201    785
  1202    785
  1203    785
  1204    785
  1205    785
  1206    785
  1207    785
  1208    785
  1209    785
  1210    785
  1211    785
  1212    785
  1213    785
  1214    785
  1215    785
  1216    785
  1217    785
  1218    785
  1219    785
  1220    785
  1221    785
  1222    785
  1223    785
  1224    785
  1201    786
  1202    786
  1203    786
  1204    786
  1205    786
  1206    786
  1207    786
  1208    786
  1209    786
  1210    786
  1211    786
  1212    786
  1213    786
  1214    786
  1215    786
  1216    786
  1217    786
  1218    786
  1219    786
  1220    786
  1221    786
  1222    786
  1223    786
  1224    786
  1225    786
  1202    787
  1203    787
  1204    787
  1205    787
  1206    787
  1207    787
  1208    787
  1209    787
  1210    787
  1211    787
  1212    787
  1213    787
  1214    787
  1215    787
  1216    787
  1217    787
  1218    787
  1219    787
  1220    787
  1221    787
  1222    787
  1223    787
  1224    787
  1225    787
  1226    787
  1203    788
  1204    788
  1205    788
  1206    788
  1207    788
  1208    788
  1209    788
  1210    788
  1211    788
  1212    788
  1213    788
  1214    788
  1215    788
  1216    788
  1217    788
  1218    788
  1219    788
  1220    788
  1221    788
  1222    788
  1223    788
  1224    788
  1225    788
  1226    788
  1227    788
  1228    788
  1205    789
  1206    789
  1207    789
  1208    789
  1209    789
  1210    789
  1211    789
  1212    789
  1213    789
  1214    789
  1215    789
  1216    789
  1217    789
  1218    789
  1219    789
  1220    789
  1221    789
  1222    789
  1223    789
  1224    789
  1225    789
  1226    789
  1227    789
  1228    789
  1229    789
  1205    790
  1206    790
  1207    790
  1208    790
  1209    790
  1210    790
  1211    790
  1212    790
  1213    790
  1214    790
  1215    790
  1216    790
  1217    790
  1218    790
  1219    790
  1220    790
  1221    790
  1222    790
  1223    790
  1224    790
  1225    790
  1226    790
  1227    790
  1228    790
  1229    790
  1230    790
  1207    791
  1208    791
  1209    791
  1210    791
  1211    791
  1212    791
  1213    791
  1214    791
  1215    791
  1216    791
  1217    791
  1218    791
  1219    791
  1220    791
  1221    791
  1222    791
  1223    791
  1224    791
  1225    791
  1226    791
  1227    791
  1228    791
  1229    791
  1230    791
  1231    791
  1208    792
  1209    792
  1210    792
  1211    792
  1212    792
  1213    792
  1214    792
  1215    792
  1216    792
  1217    792
  1218    792
  1219    792
  1220    792
  1221    792
  1222    792
  1223    792
  1224    792
  1225    792
  1226    792
  1227    792
  1228    792
  1229    792
  1230    792
  1231    792
  1232    792
  1209    793
  1210    793
  1211    793
  1212    793
  1213    793
  1214    793
  1215    793
  1216    793
  1217    793
  1218    793
  1219    793
  1220    793
  1221    793
  1222    793
  1223    793
  1224    793
  1225    793
  1226    793
  1227    793
  1228    793
  1229    793
  1230    793
  1231    793
  1232    793
  1233    793
  1210    794
  1211    794
  1212    794
  1213    794
  1214    794
  1215    794
  1216    794
  1217    794
  1218    794
  1219    794
  1220    794
  1221    794
  1222    794
  1223    794
  1224    794
  1225    794
  1226    794
  1227    794
  1228    794
  1229    794
  1230    794
  1231    794
  1232    794
  1233    794
  1234    794
  1211    795
  1212    795
  1213    795
  1214    795
  1215    795
  1216    795
  1217    795
  1218    795
  1219    795
  1220    795
  1221    795
  1222    795
  1223    795
  1224    795
  1225    795
  1226    795
  1227    795
  1228    795
  1229    795
  1230    795
  1231    795
  1232    795
  1233    795
  1234    795
  1235    795
  1236    795
  1213    796
  1214    796
  1215    796
  1216    796
  1217    796
  1218    796
  1219    796
  1220    796
  1221    796
  1222    796
  1223    796
  1224    796
  1225    796
  1226    796
  1227    796
  1228    796
  1229    796
  1230    796
  1231    796
  1232    796
  1233    796
  1234    796
  1235    796
  1236    796
  1237    796
  1214    797
  1215    797
  1216    797
  1217    797
  1218    797
  1219    797
  1220    797
  1221    797
  1222    797
  1223    797
  1224    797
  1225    797
  1226    797
  1227    797
  1228    797
  1229    797
  1230    797
  1231    797
  1232    797
  1233    797
  1234    797
  1235    797
  1236    797
  1237    797
  1238    797
  1239    797
  1215    798
  1216    798
  1217    798
  1218    798
  1219    798
  1220    798
  1221    798
  1222    798
  1223    798
  1224    798
  1225    798
  1226    798
  1227    798
  1228    798
  1229    798
  1230    798
  1231    798
  1232    798
  1233    798
  1234    798
  1235    798
  1236    798
  1237    798
  1238    798
  1239    798
  1217    799
  1218    799
  1219    799
  1220    799
  1221    799
  1222    799
  1223    799
  1224    799
  1225    799
  1226    799
  1227    799
  1228    799
  1229    799
  1230    799
  1231    799
  1232    799
  1233    799
  1234    799
  1235    799
  1236    799
  1237    799
  1238    799
  1239    799
  1240    799
  1241    799
  1218    800
  1219    800
  1220    800
  1221    800
  1222    800
  1223    800
  1224    800
  1225    800
  1226    800
  1227    800
  1228    800
  1229    800
  1230    800
  1231    800
  1232    800
  1233    800
  1234    800
  1235    800
  1236    800
  1237    800
  1238    800
  1239    800
  1240    800
  1241    800
  1242    800
  1243    800
  1219    801
  1220    801
  1221    801
  1222    801
  1223    801
  1224    801
  1225    801
  1226    801
  1227    801
  1228    801
  1229    801
  1230    801
  1231    801
  1232    801
  1233    801
  1234    801
  1235    801
  1236    801
  1237    801
  1238    801
  1239    801
  1240    801
  1241    801
  1242    801
  1243    801
  1244    801
  1220    802
  1221    802
  1222    802
  1223    802
  1224    802
  1225    802
  1226    802
  1227    802
  1228    802
  1229    802
  1230    802
  1231    802
  1232    802
  1233    802
  1234    802
  1235    802
  1236    802
  1237    802
  1238    802
  1239    802
  1240    802
  1241    802
  1242    802
  1243    802
  1244    802
  1245    802
  1221    803
  1222    803
  1223    803
  1224    803
  1225    803
  1226    803
  1227    803
  1228    803
  1229    803
  1230    803
  1231    803
  1232    803
  1233    803
  1234    803
  1235    803
  1236    803
  1237    803
  1238    803
  1239    803
  1240    803
  1241    803
  1242    803
  1243    803
  1244    803
  1245    803
  1246    803
  1222    804
  1223    804
  1224    804
  1225    804
  1226    804
  1227    804
  1228    804
  1229    804
  1230    804
  1231    804
  1232    804
  1233    804
  1234    804
  1235    804
  1236    804
  1237    804
  1238    804
  1239    804
  1240    804
  1241    804
  1242    804
  1243    804
  1244    804
  1245    804
  1246    804
  1247    804
  1248    804
  1224    805
  1225    805
  1226    805
  1227    805
  1228    805
  1229    805
  1230    805
  1231    805
  1232    805
  1233    805
  1234    805
  1235    805
  1236    805
  1237    805
  1238    805
  1239    805
  1240    805
  1241    805
  1242    805
  1243    805
  1244    805
  1245    805
  1246    805
  1247    805
  1248    805
  1225    806
  1226    806
  1227    806
  1228    806
  1229    806
  1230    806
  1231    806
  1232    806
  1233    806
  1234    806
  1235    806
  1236    806
  1237    806
  1238    806
  1239    806
  1240    806
  1241    806
  1242    806
  1243    806
  1244    806
  1245    806
  1246    806
  1247    806
  1248    806
  1249    806
  1250    806
  1227    807
  1228    807
  1229    807
  1230    807
  1231    807
  1232    807
  1233    807
  1234    807
  1235    807
  1236    807
  1237    807
  1238    807
  1239    807
  1240    807
  1241    807
  1242    807
  1243    807
  1244    807
  1245    807
  1246    807
  1247    807
  1248    807
  1249    807
  1250    807
  1251    807
  1252    807
  1228    808
  1229    808
  1230    808
  1231    808
  1232    808
  1233    808
  1234    808
  1235    808
  1236    808
  1237    808
  1238    808
  1239    808
  1240    808
  1241    808
  1242    808
  1243    808
  1244    808
  1245    808
  1246    808
  1247    808
  1248    808
  1249    808
  1250    808
  1251    808
  1252    808
  1229    809
  1230    809
  1231    809
  1232    809
  1233    809
  1234    809
  1235    809
  1236    809
  1237    809
  1238    809
  1239    809
  1240    809
  1241    809
  1242    809
  1243    809
  1244    809
  1245    809
  1246    809
  1247    809
  1248    809
  1249    809
  1250    809
  1251    809
  1252    809
  1253    809
  1254    809
  1230    810
  1231    810
  1232    810
  1233    810
  1234    810
  1235    810
  1236    810
  1237    810
  1238    810
  1239    810
  1240    810
  1241    810
  1242    810
  1243    810
  1244    810
  1245    810
  1246    810
  1247    810
  1248    810
  1249    810
  1250    810
  1251    810
  1252    810
  1253    810
  1254    810
  1255    810
  1230    811
  1231    811
  1232    811
  1233    811
  1234    811
  1235    811
  1236    811
  1237    811
  1238    811
  1239    811
  1240    811
  1241    811
  1242    811
  1243    811
  1244    811
  1245    811
  1246    811
  1247    811
  1248    811
  1249    811
  1250    811
  1251    811
  1252    811
  1253    811
  1254    811
  1255    811
  1256    811
  1232    812
  1233    812
  1234    812
  1235    812
  1236    812
  1237    812
  1238    812
  1239    812
  1240    812
  1241    812
  1242    812
  1243    812
  1244    812
  1245    812
  1246    812
  1247    812
  1248    812
  1249    812
  1250    812
  1251    812
  1252    812
  1253    812
  1254    812
  1255    812
  1256    812
  1257    812
  1233    813
  1234    813
  1235    813
  1236    813
  1237    813
  1238    813
  1239    813
  1240    813
  1241    813
  1242    813
  1243    813
  1244    813
  1245    813
  1246    813
  1247    813
  1248    813
  1249    813
  1250    813
  1251    813
  1252    813
  1253    813
  1254    813
  1255    813
  1256    813
  1257    813
  1258    813
  1259    813
  1235    814
  1236    814
  1237    814
  1238    814
  1239    814
  1240    814
  1241    814
  1242    814
  1243    814
  1244    814
  1245    814
  1246    814
  1247    814
  1248    814
  1249    814
  1250    814
  1251    814
  1252    814
  1253    814
  1254    814
  1255    814
  1256    814
  1257    814
  1258    814
  1259    814
  1235    815
  1236    815
  1237    815
  1238    815
  1239    815
  1240    815
  1241    815
  1242    815
  1243    815
  1244    815
  1245    815
  1246    815
  1247    815
  1248    815
  1249    815
  1250    815
  1251    815
  1252    815
  1253    815
  1254    815
  1255    815
  1256    815
  1257    815
  1258    815
  1259    815
  1260    815
  1261    815
  1237    816
  1238    816
  1239    816
  1240    816
  1241    816
  1242    816
  1243    816
  1244    816
  1245    816
  1246    816
  1247    816
  1248    816
  1249    816
  1250    816
  1251    816
  1252    816
  1253    816
  1254    816
  1255    816
  1256    816
  1257    816
  1258    816
  1259    816
  1260    816
  1261    816
  1262    816
  1263    816
  1238    817
  1239    817
  1240    817
  1241    817
  1242    817
  1243    817
  1244    817
  1245    817
  1246    817
  1247    817
  1248    817
  1249    817
  1250    817
  1251    817
  1252    817
  1253    817
  1254    817
  1255    817
  1256    817
  1257    817
  1258    817
  1259    817
  1260    817
  1261    817
  1262    817
  1263    817
  1264    817
  1239    818
  1240    818
  1241    818
  1242    818
  1243    818
  1244    818
  1245    818
  1246    818
  1247    818
  1248    818
  1249    818
  1250    818
  1251    818
  1252    818
  1253    818
  1254    818
  1255    818
  1256    818
  1257    818
  1258    818
  1259    818
  1260    818
  1261    818
  1262    818
  1263    818
  1264    818
  1265    818
  1266    818
  1240    819
  1241    819
  1242    819
  1243    819
  1244    819
  1245    819
  1246    819
  1247    819
  1248    819
  1249    819
  1250    819
  1251    819
  1252    819
  1253    819
  1254    819
  1255    819
  1256    819
  1257    819
  1258    819
  1259    819
  1260    819
  1261    819
  1262    819
  1263    819
  1264    819
  1265    819
  1266    819
  1267    819
  1241    820
  1242    820
  1243    820
  1244    820
  1245    820
  1246    820
  1247    820
  1248    820
  1249    820
  1250    820
  1251    820
  1252    820
  1253    820
  1254    820
  1255    820
  1256    820
  1257    820
  1258    820
  1259    820
  1260    820
  1261    820
  1262    820
  1263    820
  1264    820
  1265    820
  1266    820
  1267    820
  1268    820
  1242    821
  1243    821
  1244    821
  1245    821
  1246    821
  1247    821
  1248    821
  1249    821
  1250    821
  1251    821
  1252    821
  1253    821
  1254    821
  1255    821
  1256    821
  1257    821
  1258    821
  1259    821
  1260    821
  1261    821
  1262    821
  1263    821
  1264    821
  1265    821
  1266    821
  1267    821
  1268    821
  1269    821
  1243    822
  1244    822
  1245    822
  1246    822
  1247    822
  1248    822
  1249    822
  1250    822
  1251    822
  1252    822
  1253    822
  1254    822
  1255    822
  1256    822
  1257    822
  1258    822
  1259    822
  1260    822
  1261    822
  1262    822
  1263    822
  1264    822
  1265    822
  1266    822
  1267    822
  1268    822
  1269    822
  1270    822
  1245    823
  1246    823
  1247    823
  1248    823
  1249    823
  1250    823
  1251    823
  1252    823
  1253    823
  1254    823
  1255    823
  1256    823
  1257    823
  1258    823
  1259    823
  1260    823
  1261    823
  1262    823
  1263    823
  1264    823
  1265    823
  1266    823
  1267    823
  1268    823
  1269    823
  1270    823
  1271    823
  1245    824
  1246    824
  1247    824
  1248    824
  1249    824
  1250    824
  1251    824
  1252    824
  1253    824
  1254    824
  1255    824
  1256    824
  1257    824
  1258    824
  1259    824
  1260    824
  1261    824
  1262    824
  1263    824
  1264    824
  1265    824
  1266    824
  1267    824
  1268    824
  1269    824
  1270    824
  1271    824
  1272    824
  1273    824
  1247    825
  1248    825
  1249    825
  1250    825
  1251    825
  1252    825
  1253    825
  1254    825
  1255    825
  1256    825
  1257    825
  1258    825
  1259    825
  1260    825
  1261    825
  1262    825
  1263    825
  1264    825
  1265    825
  1266    825
  1267    825
  1268    825
  1269    825
  1270    825
  1271    825
  1272    825
  1273    825
  1274    825
  1248    826
  1249    826
  1250    826
  1251    826
  1252    826
  1253    826
  1254    826
  1255    826
  1256    826
  1257    826
  1258    826
  1259    826
  1260    826
  1261    826
  1262    826
  1263    826
  1264    826
  1265    826
  1266    826
  1267    826
  1268    826
  1269    826
  1270    826
  1271    826
  1272    826
  1273    826
  1274    826
  1275    826
  1249    827
  1250    827
  1251    827
  1252    827
  1253    827
  1254    827
  1255    827
  1256    827
  1257    827
  1258    827
  1259    827
  1260    827
  1261    827
  1262    827
  1263    827
  1264    827
  1265    827
  1266    827
  1267    827
  1268    827
  1269    827
  1270    827
  1271    827
  1272    827
  1273    827
  1274    827
  1275    827
  1276    827
  1277    827
  1250    828
  1251    828
  1252    828
  1253    828
  1254    828
  1255    828
  1256    828
  1257    828
  1258    828
  1259    828
  1260    828
  1261    828
  1262    828
  1263    828
  1264    828
  1265    828
  1266    828
  1267    828
  1268    828
  1269    828
  1270    828
  1271    828
  1272    828
  1273    828
  1274    828
  1275    828
  1276    828
  1277    828
  1278    828
  1252    829
  1253    829
  1254    829
  1255    829
  1256    829
  1257    829
  1258    829
  1259    829
  1260    829
  1261    829
  1262    829
  1263    829
  1264    829
  1265    829
  1266    829
  1267    829
  1268    829
  1269    829
  1270    829
  1271    829
  1272    829
  1273    829
  1274    829
  1275    829
  1276    829
  1277    829
  1278    829
  1279    829
  1253    830
  1254    830
  1255    830
  1256    830
  1257    830
  1258    830
  1259    830
  1260    830
  1261    830
  1262    830
  1263    830
  1264    830
  1265    830
  1266    830
  1267    830
  1268    830
  1269    830
  1270    830
  1271    830
  1272    830
  1273    830
  1274    830
  1275    830
  1276    830
  1277    830
  1278    830
  1279    830
  1280    830
  1255    831
  1256    831
  1257    831
  1258    831
  1259    831
  1260    831
  1261    831
  1262    831
  1263    831
  1264    831
  1265    831
  1266    831
  1267    831
  1268    831
  1269    831
  1270    831
  1271    831
  1272    831
  1273    831
  1274    831
  1275    831
  1276    831
  1277    831
  1278    831
  1279    831
  1280    831
  1281    831
  1282    831
  1255    832
  1256    832
  1257    832
  1258    832
  1259    832
  1260    832
  1261    832
  1262    832
  1263    832
  1264    832
  1265    832
  1266    832
  1267    832
  1268    832
  1269    832
  1270    832
  1271    832
  1272    832
  1273    832
  1274    832
  1275    832
  1276    832
  1277    832
  1278    832
  1279    832
  1280    832
  1281    832
  1282    832
  1283    832
  1284    832
  1256    833
  1257    833
  1258    833
  1259    833
  1260    833
  1261    833
  1262    833
  1263    833
  1264    833
  1265    833
  1266    833
  1267    833
  1268    833
  1269    833
  1270    833
  1271    833
  1272    833
  1273    833
  1274    833
  1275    833
  1276    833
  1277    833
  1278    833
  1279    833
  1280    833
  1281    833
  1282    833
  1283    833
  1284    833
  1285    833
  1258    834
  1259    834
  1260    834
  1261    834
  1262    834
  1263    834
  1264    834
  1265    834
  1266    834
  1267    834
  1268    834
  1269    834
  1270    834
  1271    834
  1272    834
  1273    834
  1274    834
  1275    834
  1276    834
  1277    834
  1278    834
  1279    834
  1280    834
  1281    834
  1282    834
  1283    834
  1284    834
  1285    834
  1286    834
  1258    835
  1259    835
  1260    835
  1261    835
  1262    835
  1263    835
  1264    835
  1265    835
  1266    835
  1267    835
  1268    835
  1269    835
  1270    835
  1271    835
  1272    835
  1273    835
  1274    835
  1275    835
  1276    835
  1277    835
  1278    835
  1279    835
  1280    835
  1281    835
  1282    835
  1283    835
  1284    835
  1285    835
  1286    835
  1260    836
  1261    836
  1262    836
  1263    836
  1264    836
  1265    836
  1266    836
  1267    836
  1268    836
  1269    836
  1270    836
  1271    836
  1272    836
  1273    836
  1274    836
  1275    836
  1276    836
  1277    836
  1278    836
  1279    836
  1280    836
  1281    836
  1282    836
  1283    836
  1284    836
  1285    836
  1286    836
  1287    836
  1288    836
  1261    837
  1262    837
  1263    837
  1264    837
  1265    837
  1266    837
  1267    837
  1268    837
  1269    837
  1270    837
  1271    837
  1272    837
  1273    837
  1274    837
  1275    837
  1276    837
  1277    837
  1278    837
  1279    837
  1280    837
  1281    837
  1282    837
  1283    837
  1284    837
  1285    837
  1286    837
  1287    837
  1288    837
  1289    837
  1263    838
  1264    838
  1265    838
  1266    838
  1267    838
  1268    838
  1269    838
  1270    838
  1271    838
  1272    838
  1273    838
  1274    838
  1275    838
  1276    838
  1277    838
  1278    838
  1279    838
  1280    838
  1281    838
  1282    838
  1283    838
  1284    838
  1285    838
  1286    838
  1287    838
  1288    838
  1289    838
  1290    838
  1291    838
  1264    839
  1265    839
  1266    839
  1267    839
  1268    839
  1269    839
  1270    839
  1271    839
  1272    839
  1273    839
  1274    839
  1275    839
  1276    839
  1277    839
  1278    839
  1279    839
  1280    839
  1281    839
  1282    839
  1283    839
  1284    839
  1285    839
  1286    839
  1287    839
  1288    839
  1289    839
  1290    839
  1291    839
  1292    839
  1293    839
  1265    840
  1266    840
  1267    840
  1268    840
  1269    840
  1270    840
  1271    840
  1272    840
  1273    840
  1274    840
  1275    840
  1276    840
  1277    840
  1278    840
  1279    840
  1280    840
  1281    840
  1282    840
  1283    840
  1284    840
  1285    840
  1286    840
  1287    840
  1288    840
  1289    840
  1290    840
  1291    840
  1292    840
  1293    840
  1266    841
  1267    841
  1268    841
  1269    841
  1270    841
  1271    841
  1272    841
  1273    841
  1274    841
  1275    841
  1276    841
  1277    841
  1278    841
  1279    841
  1280    841
  1281    841
  1282    841
  1283    841
  1284    841
  1285    841
  1286    841
  1287    841
  1288    841
  1289    841
  1290    841
  1291    841
  1292    841
  1293    841
  1294    841
  1295    841
  1266    842
  1267    842
  1268    842
  1269    842
  1270    842
  1271    842
  1272    842
  1273    842
  1274    842
  1275    842
  1276    842
  1277    842
  1278    842
  1279    842
  1280    842
  1281    842
  1282    842
  1283    842
  1284    842
  1285    842
  1286    842
  1287    842
  1288    842
  1289    842
  1290    842
  1291    842
  1292    842
  1293    842
  1294    842
  1295    842
  1268    843
  1269    843
  1270    843
  1271    843
  1272    843
  1273    843
  1274    843
  1275    843
  1276    843
  1277    843
  1278    843
  1279    843
  1280    843
  1281    843
  1282    843
  1283    843
  1284    843
  1285    843
  1286    843
  1287    843
  1288    843
  1289    843
  1290    843
  1291    843
  1292    843
  1293    843
  1294    843
  1295    843
  1296    843
  1297    843
  1269    844
  1270    844
  1271    844
  1272    844
  1273    844
  1274    844
  1275    844
  1276    844
  1277    844
  1278    844
  1279    844
  1280    844
  1281    844
  1282    844
  1283    844
  1284    844
  1285    844
  1286    844
  1287    844
  1288    844
  1289    844
  1290    844
  1291    844
  1292    844
  1293    844
  1294    844
  1295    844
  1296    844
  1297    844
  1271    845
  1272    845
  1273    845
  1274    845
  1275    845
  1276    845
  1277    845
  1278    845
  1279    845
  1280    845
  1281    845
  1282    845
  1283    845
  1284    845
  1285    845
  1286    845
  1287    845
  1288    845
  1289    845
  1290    845
  1291    845
  1292    845
  1293    845
  1294    845
  1295    845
  1296    845
  1297    845
  1298    845
  1299    845
  1272    846
  1273    846
  1274    846
  1275    846
  1276    846
  1277    846
  1278    846
  1279    846
  1280    846
  1281    846
  1282    846
  1283    846
  1284    846
  1285    846
  1286    846
  1287    846
  1288    846
  1289    846
  1290    846
  1291    846
  1292    846
  1293    846
  1294    846
  1295    846
  1296    846
  1297    846
  1298    846
  1299    846
  1300    846
  1272    847
  1273    847
  1274    847
  1275    847
  1276    847
  1277    847
  1278    847
  1279    847
  1280    847
  1281    847
  1282    847
  1283    847
  1284    847
  1285    847
  1286    847
  1287    847
  1288    847
  1289    847
  1290    847
  1291    847
  1292    847
  1293    847
  1294    847
  1295    847
  1296    847
  1297    847
  1298    847
  1299    847
  1300    847
  1301    847
  1302    847
  1274    848
  1275    848
  1276    848
  1277    848
  1278    848
  1279    848
  1280    848
  1281    848
  1282    848
  1283    848
  1284    848
  1285    848
  1286    848
  1287    848
  1288    848
  1289    848
  1290    848
  1291    848
  1292    848
  1293    848
  1294    848
  1295    848
  1296    848
  1297    848
  1298    848
  1299    848
  1300    848
  1301    848
  1302    848
  1303    848
  1304    848
  1275    849
  1276    849
  1277    849
  1278    849
  1279    849
  1280    849
  1281    849
  1282    849
  1283    849
  1284    849
  1285    849
  1286    849
  1287    849
  1288    849
  1289    849
  1290    849
  1291    849
  1292    849
  1293    849
  1294    849
  1295    849
  1296    849
  1297    849
  1298    849
  1299    849
  1300    849
  1301    849
  1302    849
  1303    849
  1304    849
  1277    850
  1278    850
  1279    850
  1280    850
  1281    850
  1282    850
  1283    850
  1284    850
  1285    850
  1286    850
  1287    850
  1288    850
  1289    850
  1290    850
  1291    850
  1292    850
  1293    850
  1294    850
  1295    850
  1296    850
  1297    850
  1298    850
  1299    850
  1300    850
  1301    850
  1302    850
  1303    850
  1304    850
  1305    850
  1306    850
  1277    851
  1278    851
  1279    851
  1280    851
  1281    851
  1282    851
  1283    851
  1284    851
  1285    851
  1286    851
  1287    851
  1288    851
  1289    851
  1290    851
  1291    851
  1292    851
  1293    851
  1294    851
  1295    851
  1296    851
  1297    851
  1298    851
  1299    851
  1300    851
  1301    851
  1302    851
  1303    851
  1304    851
  1305    851
  1306    851
  1307    851
  1278    852
  1279    852
  1280    852
  1281    852
  1282    852
  1283    852
  1284    852
  1285    852
  1286    852
  1287    852
  1288    852
  1289    852
  1290    852
  1291    852
  1292    852
  1293    852
  1294    852
  1295    852
  1296    852
  1297    852
  1298    852
  1299    852
  1300    852
  1301    852
  1302    852
  1303    852
  1304    852
  1305    852
  1306    852
  1307    852
  1308    852
  1280    853
  1281    853
  1282    853
  1283    853
  1284    853
  1285    853
  1286    853
  1287    853
  1288    853
  1289    853
  1290    853
  1291    853
  1292    853
  1293    853
  1294    853
  1295    853
  1296    853
  1297    853
  1298    853
  1299    853
  1300    853
  1301    853
  1302    853
  1303    853
  1304    853
  1305    853
  1306    853
  1307    853
  1308    853
  1309    853
  1281    854
  1282    854
  1283    854
  1284    854
  1285    854
  1286    854
  1287    854
  1288    854
  1289    854
  1290    854
  1291    854
  1292    854
  1293    854
  1294    854
  1295    854
  1296    854
  1297    854
  1298    854
  1299    854
  1300    854
  1301    854
  1302    854
  1303    854
  1304    854
  1305    854
  1306    854
  1307    854
  1308    854
  1309    854
  1310    854
  1311    854
  1282    855
  1283    855
  1284    855
  1285    855
  1286    855
  1287    855
  1288    855
  1289    855
  1290    855
  1291    855
  1292    855
  1293    855
  1294    855
  1295    855
  1296    855
  1297    855
  1298    855
  1299    855
  1300    855
  1301    855
  1302    855
  1303    855
  1304    855
  1305    855
  1306    855
  1307    855
  1308    855
  1309    855
  1310    855
  1311    855
  1312    855
  1283    856
  1284    856
  1285    856
  1286    856
  1287    856
  1288    856
  1289    856
  1290    856
  1291    856
  1292    856
  1293    856
  1294    856
  1295    856
  1296    856
  1297    856
  1298    856
  1299    856
  1300    856
  1301    856
  1302    856
  1303    856
  1304    856
  1305    856
  1306    856
  1307    856
  1308    856
  1309    856
  1310    856
  1311    856
  1312    856
  1313    856
  1284    857
  1285    857
  1286    857
  1287    857
  1288    857
  1289    857
  1290    857
  1291    857
  1292    857
  1293    857
  1294    857
  1295    857
  1296    857
  1297    857
  1298    857
  1299    857
  1300    857
  1301    857
  1302    857
  1303    857
  1304    857
  1305    857
  1306    857
  1307    857
  1308    857
  1309    857
  1310    857
  1311    857
  1312    857
  1313    857
  1314    857
  1286    858
  1287    858
  1288    858
  1289    858
  1290    858
  1291    858
  1292    858
  1293    858
  1294    858
  1295    858
  1296    858
  1297    858
  1298    858
  1299    858
  1300    858
  1301    858
  1302    858
  1303    858
  1304    858
  1305    858
  1306    858
  1307    858
  1308    858
  1309    858
  1310    858
  1311    858
  1312    858
  1313    858
  1314    858
  1315    858
  1316    858
  1286    859
  1287    859
  1288    859
  1289    859
  1290    859
  1291    859
  1292    859
  1293    859
  1294    859
  1295    859
  1296    859
  1297    859
  1298    859
  1299    859
  1300    859
  1301    859
  1302    859
  1303    859
  1304    859
  1305    859
  1306    859
  1307    859
  1308    859
  1309    859
  1310    859
  1311    859
  1312    859
  1313    859
  1314    859
  1315    859
  1316    859
  1317    859
  1288    860
  1289    860
  1290    860
  1291    860
  1292    860
  1293    860
  1294    860
  1295    860
  1296    860
  1297    860
  1298    860
  1299    860
  1300    860
  1301    860
  1302    860
  1303    860
  1304    860
  1305    860
  1306    860
  1307    860
  1308    860
  1309    860
  1310    860
  1311    860
  1312    860
  1313    860
  1314    860
  1315    860
  1316    860
  1317    860
  1318    860
  1289    861
  1290    861
  1291    861
  1292    861
  1293    861
  1294    861
  1295    861
  1296    861
  1297    861
  1298    861
  1299    861
  1300    861
  1301    861
  1302    861
  1303    861
  1304    861
  1305    861
  1306    861
  1307    861
  1308    861
  1309    861
  1310    861
  1311    861
  1312    861
  1313    861
  1314    861
  1315    861
  1316    861
  1317    861
  1318    861
  1319    861
  1290    862
  1291    862
  1292    862
  1293    862
  1294    862
  1295    862
  1296    862
  1297    862
  1298    862
  1299    862
  1300    862
  1301    862
  1302    862
  1303    862
  1304    862
  1305    862
  1306    862
  1307    862
  1308    862
  1309    862
  1310    862
  1311    862
  1312    862
  1313    862
  1314    862
  1315    862
  1316    862
  1317    862
  1318    862
  1319    862
  1320    862
  1321    862
  1291    863
  1292    863
  1293    863
  1294    863
  1295    863
  1296    863
  1297    863
  1298    863
  1299    863
  1300    863
  1301    863
  1302    863
  1303    863
  1304    863
  1305    863
  1306    863
  1307    863
  1308    863
  1309    863
  1310    863
  1311    863
  1312    863
  1313    863
  1314    863
  1315    863
  1316    863
  1317    863
  1318    863
  1319    863
  1320    863
  1321    863
  1292    864
  1293    864
  1294    864
  1295    864
  1296    864
  1297    864
  1298    864
  1299    864
  1300    864
  1301    864
  1302    864
  1303    864
  1304    864
  1305    864
  1306    864
  1307    864
  1308    864
  1309    864
  1310    864
  1311    864
  1312    864
  1313    864
  1314    864
  1315    864
  1316    864
  1317    864
  1318    864
  1319    864
  1320    864
  1321    864
  1322    864
  1323    864
  1293    865
  1294    865
  1295    865
  1296    865
  1297    865
  1298    865
  1299    865
  1300    865
  1301    865
  1302    865
  1303    865
  1304    865
  1305    865
  1306    865
  1307    865
  1308    865
  1309    865
  1310    865
  1311    865
  1312    865
  1313    865
  1314    865
  1315    865
  1316    865
  1317    865
  1318    865
  1319    865
  1320    865
  1321    865
  1322    865
  1323    865
  1324    865
  1295    866
  1296    866
  1297    866
  1298    866
  1299    866
  1300    866
  1301    866
  1302    866
  1303    866
  1304    866
  1305    866
  1306    866
  1307    866
  1308    866
  1309    866
  1310    866
  1311    866
  1312    866
  1313    866
  1314    866
  1315    866
  1316    866
  1317    866
  1318    866
  1319    866
  1320    866
  1321    866
  1322    866
  1323    866
  1324    866
  1325    866
  1326    866
  1296    867
  1297    867
  1298    867
  1299    867
  1300    867
  1301    867
  1302    867
  1303    867
  1304    867
  1305    867
  1306    867
  1307    867
  1308    867
  1309    867
  1310    867
  1311    867
  1312    867
  1313    867
  1314    867
  1315    867
  1316    867
  1317    867
  1318    867
  1319    867
  1320    867
  1321    867
  1322    867
  1323    867
  1324    867
  1325    867
  1326    867
  1298    868
  1299    868
  1300    868
  1301    868
  1302    868
  1303    868
  1304    868
  1305    868
  1306    868
  1307    868
  1308    868
  1309    868
  1310    868
  1311    868
  1312    868
  1313    868
  1314    868
  1315    868
  1316    868
  1317    868
  1318    868
  1319    868
  1320    868
  1321    868
  1322    868
  1323    868
  1324    868
  1325    868
  1326    868
  1327    868
  1328    868
  1298    869
  1299    869
  1300    869
  1301    869
  1302    869
  1303    869
  1304    869
  1305    869
  1306    869
  1307    869
  1308    869
  1309    869
  1310    869
  1311    869
  1312    869
  1313    869
  1314    869
  1315    869
  1316    869
  1317    869
  1318    869
  1319    869
  1320    869
  1321    869
  1322    869
  1323    869
  1324    869
  1325    869
  1326    869
  1327    869
  1328    869
  1329    869
  1299    870
  1300    870
  1301    870
  1302    870
  1303    870
  1304    870
  1305    870
  1306    870
  1307    870
  1308    870
  1309    870
  1310    870
  1311    870
  1312    870
  1313    870
  1314    870
  1315    870
  1316    870
  1317    870
  1318    870
  1319    870
  1320    870
  1321    870
  1322    870
  1323    870
  1324    870
  1325    870
  1326    870
  1327    870
  1328    870
  1329    870
  1330    870
  1331    870
  1301    871
  1302    871
  1303    871
  1304    871
  1305    871
  1306    871
  1307    871
  1308    871
  1309    871
  1310    871
  1311    871
  1312    871
  1313    871
  1314    871
  1315    871
  1316    871
  1317    871
  1318    871
  1319    871
  1320    871
  1321    871
  1322    871
  1323    871
  1324    871
  1325    871
  1326    871
  1327    871
  1328    871
  1329    871
  1330    871
  1331    871
  1332    871
  1302    872
  1303    872
  1304    872
  1305    872
  1306    872
  1307    872
  1308    872
  1309    872
  1310    872
  1311    872
  1312    872
  1313    872
  1314    872
  1315    872
  1316    872
  1317    872
  1318    872
  1319    872
  1320    872
  1321    872
  1322    872
  1323    872
  1324    872
  1325    872
  1326    872
  1327    872
  1328    872
  1329    872
  1330    872
  1331    872
  1332    872
  1333    872
  1302    873
  1303    873
  1304    873
  1305    873
  1306    873
  1307    873
  1308    873
  1309    873
  1310    873
  1311    873
  1312    873
  1313    873
  1314    873
  1315    873
  1316    873
  1317    873
  1318    873
  1319    873
  1320    873
  1321    873
  1322    873
  1323    873
  1324    873
  1325    873
  1326    873
  1327    873
  1328    873
  1329    873
  1330    873
  1331    873
  1332    873
  1333    873
  1304    874
  1305    874
  1306    874
  1307    874
  1308    874
  1309    874
  1310    874
  1311    874
  1312    874
  1313    874
  1314    874
  1315    874
  1316    874
  1317    874
  1318    874
  1319    874
  1320    874
  1321    874
  1322    874
  1323    874
  1324    874
  1325    874
  1326    874
  1327    874
  1328    874
  1329    874
  1330    874
  1331    874
  1332    874
  1333    874
  1334    874
  1335    874
  1305    875
  1306    875
  1307    875
  1308    875
  1309    875
  1310    875
  1311    875
  1312    875
  1313    875
  1314    875
  1315    875
  1316    875
  1317    875
  1318    875
  1319    875
  1320    875
  1321    875
  1322    875
  1323    875
  1324    875
  1325    875
  1326    875
  1327    875
  1328    875
  1329    875
  1330    875
  1331    875
  1332    875
  1333    875
  1334    875
  1335    875
  1336    875
  1306    876
  1307    876
  1308    876
  1309    876
  1310    876
  1311    876
  1312    876
  1313    876
  1314    876
  1315    876
  1316    876
  1317    876
  1318    876
  1319    876
  1320    876
  1321    876
  1322    876
  1323    876
  1324    876
  1325    876
  1326    876
  1327    876
  1328    876
  1329    876
  1330    876
  1331    876
  1332    876
  1333    876
  1334    876
  1335    876
  1336    876
  1337    876
  1338    876
  1308    877
  1309    877
  1310    877
  1311    877
  1312    877
  1313    877
  1314    877
  1315    877
  1316    877
  1317    877
  1318    877
  1319    877
  1320    877
  1321    877
  1322    877
  1323    877
  1324    877
  1325    877
  1326    877
  1327    877
  1328    877
  1329    877
  1330    877
  1331    877
  1332    877
  1333    877
  1334    877
  1335    877
  1336    877
  1337    877
  1338    877
  1339    877
  1308    878
  1309    878
  1310    878
  1311    878
  1312    878
  1313    878
  1314    878
  1315    878
  1316    878
  1317    878
  1318    878
  1319    878
  1320    878
  1321    878
  1322    878
  1323    878
  1324    878
  1325    878
  1326    878
  1327    878
  1328    878
  1329    878
  1330    878
  1331    878
  1332    878
  1333    878
  1334    878
  1335    878
  1336    878
  1337    878
  1338    878
  1339    878
  1309    879
  1310    879
  1311    879
  1312    879
  1313    879
  1314    879
  1315    879
  1316    879
  1317    879
  1318    879
  1319    879
  1320    879
  1321    879
  1322    879
  1323    879
  1324    879
  1325    879
  1326    879
  1327    879
  1328    879
  1329    879
  1330    879
  1331    879
  1332    879
  1333    879
  1334    879
  1335    879
  1336    879
  1337    879
  1338    879
  1339    879
  1340    879
  1341    879
  1311    880
  1312    880
  1313    880
  1314    880
  1315    880
  1316    880
  1317    880
  1318    880
  1319    880
  1320    880
  1321    880
  1322    880
  1323    880
  1324    880
  1325    880
  1326    880
  1327    880
  1328    880
  1329    880
  1330    880
  1331    880
  1332    880
  1333    880
  1334    880
  1335    880
  1336    880
  1337    880
  1338    880
  1339    880
  1340    880
  1341    880
  1342    880
  1312    881
  1313    881
  1314    881
  1315    881
  1316    881
  1317    881
  1318    881
  1319    881
  1320    881
  1321    881
  1322    881
  1323    881
  1324    881
  1325    881
  1326    881
  1327    881
  1328    881
  1329    881
  1330    881
  1331    881
  1332    881
  1333    881
  1334    881
  1335    881
  1336    881
  1337    881
  1338    881
  1339    881
  1340    881
  1341    881
  1342    881
  1343    881
  1344    881
  1314    882
  1315    882
  1316    882
  1317    882
  1318    882
  1319    882
  1320    882
  1321    882
  1322    882
  1323    882
  1324    882
  1325    882
  1326    882
  1327    882
  1328    882
  1329    882
  1330    882
  1331    882
  1332    882
  1333    882
  1334    882
  1335    882
  1336    882
  1337    882
  1338    882
  1339    882
  1340    882
  1341    882
  1342    882
  1343    882
  1344    882
  1345    882
  1314    883
  1315    883
  1316    883
  1317    883
  1318    883
  1319    883
  1320    883
  1321    883
  1322    883
  1323    883
  1324    883
  1325    883
  1326    883
  1327    883
  1328    883
  1329    883
  1330    883
  1331    883
  1332    883
  1333    883
  1334    883
  1335    883
  1336    883
  1337    883
  1338    883
  1339    883
  1340    883
  1341    883
  1342    883
  1343    883
  1344    883
  1345    883
  1346    883
  1315    884
  1316    884
  1317    884
  1318    884
  1319    884
  1320    884
  1321    884
  1322    884
  1323    884
  1324    884
  1325    884
  1326    884
  1327    884
  1328    884
  1329    884
  1330    884
  1331    884
  1332    884
  1333    884
  1334    884
  1335    884
  1336    884
  1337    884
  1338    884
  1339    884
  1340    884
  1341    884
  1342    884
  1343    884
  1344    884
  1345    884
  1346    884
  1347    884
  1316    885
  1317    885
  1318    885
  1319    885
  1320    885
  1321    885
  1322    885
  1323    885
  1324    885
  1325    885
  1326    885
  1327    885
  1328    885
  1329    885
  1330    885
  1331    885
  1332    885
  1333    885
  1334    885
  1335    885
  1336    885
  1337    885
  1338    885
  1339    885
  1340    885
  1341    885
  1342    885
  1343    885
  1344    885
  1345    885
  1346    885
  1347    885
  1348    885
  1349    885
  1318    886
  1319    886
  1320    886
  1321    886
  1322    886
  1323    886
  1324    886
  1325    886
  1326    886
  1327    886
  1328    886
  1329    886
  1330    886
  1331    886
  1332    886
  1333    886
  1334    886
  1335    886
  1336    886
  1337    886
  1338    886
  1339    886
  1340    886
  1341    886
  1342    886
  1343    886
  1344    886
  1345    886
  1346    886
  1347    886
  1348    886
  1349    886
  1350    886
  1318    887
  1319    887
  1320    887
  1321    887
  1322    887
  1323    887
  1324    887
  1325    887
  1326    887
  1327    887
  1328    887
  1329    887
  1330    887
  1331    887
  1332    887
  1333    887
  1334    887
  1335    887
  1336    887
  1337    887
  1338    887
  1339    887
  1340    887
  1341    887
  1342    887
  1343    887
  1344    887
  1345    887
  1346    887
  1347    887
  1348    887
  1349    887
  1350    887
  1351    887
  1319    888
  1320    888
  1321    888
  1322    888
  1323    888
  1324    888
  1325    888
  1326    888
  1327    888
  1328    888
  1329    888
  1330    888
  1331    888
  1332    888
  1333    888
  1334    888
  1335    888
  1336    888
  1337    888
  1338    888
  1339    888
  1340    888
  1341    888
  1342    888
  1343    888
  1344    888
  1345    888
  1346    888
  1347    888
  1348    888
  1349    888
  1350    888
  1351    888
  1321    889
  1322    889
  1323    889
  1324    889
  1325    889
  1326    889
  1327    889
  1328    889
  1329    889
  1330    889
  1331    889
  1332    889
  1333    889
  1334    889
  1335    889
  1336    889
  1337    889
  1338    889
  1339    889
  1340    889
  1341    889
  1342    889
  1343    889
  1344    889
  1345    889
  1346    889
  1347    889
  1348    889
  1349    889
  1350    889
  1351    889
  1352    889
  1322    890
  1323    890
  1324    890
  1325    890
  1326    890
  1327    890
  1328    890
  1329    890
  1330    890
  1331    890
  1332    890
  1333    890
  1334    890
  1335    890
  1336    890
  1337    890
  1338    890
  1339    890
  1340    890
  1341    890
  1342    890
  1343    890
  1351    890
  1352    890
  1323    891
  1324    891
  1325    891
  1326    891
  1327    891
  1328    891
  1329    891
  1330    891
  1331    891
  1332    891
  1333    891
  1334    891
  1335    891
  1336    891
  1337    891
  1338    891
  1339    891
  1340    891
  1341    891
  1342    891
  1343    891
  1344    891
  1345    891
  1352    891
  1353    891
  1354    891
  1325    892
  1326    892
  1327    892
  1328    892
  1329    892
  1330    892
  1331    892
  1332    892
  1333    892
  1334    892
  1335    892
  1336    892
  1326    893
  1327    893
  1328    893
  1329    893
  1330    893
  1331    893
  1332    893
  1333    893
  1334    893
  1335    893
  1336    893
  1337    893
  1329    894
  1330    894
  1331    894
  1330    895
  1331    895
  1332    895
  1329    896
  1330    896
  1331    896
  1354    896
  1355    896
  1356    896
  1357    896
  1330    897
  1331    897
  1332    897
  1356    897
  1357    897
  1358    897
  1359    897
  1330    898
  1331    898
  1332    898
  1333    898
  1334    898
  1335    898
  1353    898
  1354    898
  1355    898
  1356    898
  1357    898
  1358    898
  1359    898
  1360    898
  1361    898
  1362    898
  1332    899
  1333    899
  1334    899
  1335    899
  1336    899
  1355    899
  1356    899
  1357    899
  1358    899
  1359    899
  1360    899
  1361    899
  1362    899
  1363    899
  1333    900
  1334    900
  1335    900
  1336    900
  1337    900
  1338    900
  1344    900
  1345    900
  1346    900
  1347    900
  1348    900
  1349    900
  1350    900
  1351    900
  1352    900
  1353    900
  1354    900
  1355    900
  1356    900
  1357    900
  1358    900
  1359    900
  1360    900
  1361    900
  1362    900
  1363    900
  1364    900
  1365    900
  1335    901
  1336    901
  1337    901
  1338    901
  1339    901
  1345    901
  1346    901
  1347    901
  1348    901
  1349    901
  1350    901
  1351    901
  1352    901
  1353    901
  1354    901
  1355    901
  1356    901
  1357    901
  1358    901
  1359    901
  1360    901
  1361    901
  1362    901
  1363    901
  1364    901
  1365    901
  1366    901
  1335    902
  1336    902
  1337    902
  1338    902
  1339    902
  1340    902
  1341    902
  1342    902
  1343    902
  1344    902
  1345    902
  1346    902
  1347    902
  1348    902
  1349    902
  1350    902
  1351    902
  1352    902
  1353    902
  1354    902
  1355    902
  1356    902
  1357    902
  1358    902
  1359    902
  1360    902
  1361    902
  1362    902
  1363    902
  1364    902
  1365    902
  1366    902
  1367    902
  1368    902
  1336    903
  1337    903
  1338    903
  1339    903
  1340    903
  1341    903
  1342    903
  1343    903
  1344    903
  1345    903
  1346    903
  1347    903
  1348    903
  1349    903
  1350    903
  1351    903
  1352    903
  1353    903
  1354    903
  1355    903
  1356    903
  1357    903
  1358    903
  1359    903
  1360    903
  1361    903
  1362    903
  1363    903
  1364    903
  1365    903
  1366    903
  1367    903
  1368    903
  1337    904
  1338    904
  1339    904
  1340    904
  1341    904
  1342    904
  1343    904
  1344    904
  1345    904
  1346    904
  1347    904
  1348    904
  1349    904
  1350    904
  1351    904
  1352    904
  1353    904
  1354    904
  1355    904
  1356    904
  1357    904
  1358    904
  1359    904
  1360    904
  1361    904
  1362    904
  1363    904
  1364    904
  1365    904
  1366    904
  1367    904
  1368    904
  1369    904
  1339    905
  1340    905
  1341    905
  1342    905
  1343    905
  1344    905
  1345    905
  1346    905
  1347    905
  1348    905
  1349    905
  1350    905
  1351    905
  1352    905
  1353    905
  1354    905
  1355    905
  1356    905
  1357    905
  1358    905
  1359    905
  1360    905
  1361    905
  1362    905
  1363    905
  1364    905
  1365    905
  1366    905
  1367    905
  1368    905
  1369    905
  1370    905
  1339    906
  1340    906
  1341    906
  1342    906
  1343    906
  1344    906
  1345    906
  1346    906
  1347    906
  1348    906
  1349    906
  1350    906
  1351    906
  1352    906
  1353    906
  1354    906
  1355    906
  1356    906
  1357    906
  1358    906
  1359    906
  1360    906
  1361    906
  1362    906
  1363    906
  1364    906
  1365    906
  1366    906
  1367    906
  1368    906
  1369    906
  1370    906
  1371    906
  1340    907
  1341    907
  1342    907
  1343    907
  1344    907
  1345    907
  1346    907
  1347    907
  1348    907
  1349    907
  1350    907
  1351    907
  1352    907
  1353    907
  1354    907
  1355    907
  1356    907
  1357    907
  1358    907
  1359    907
  1360    907
  1361    907
  1362    907
  1363    907
  1364    907
  1365    907
  1366    907
  1367    907
  1368    907
  1369    907
  1370    907
  1371    907
  1372    907
  1340    908
  1341    908
  1342    908
  1343    908
  1344    908
  1345    908
  1346    908
  1347    908
  1348    908
  1349    908
  1350    908
  1351    908
  1352    908
  1353    908
  1354    908
  1355    908
  1356    908
  1357    908
  1358    908
  1359    908
  1360    908
  1361    908
  1362    908
  1363    908
  1364    908
  1365    908
  1366    908
  1367    908
  1368    908
  1369    908
  1370    908
  1371    908
  1372    908
  1373    908
  1374    908
  1341    909
  1342    909
  1343    909
  1344    909
  1345    909
  1346    909
  1347    909
  1348    909
  1349    909
  1350    909
  1351    909
  1352    909
  1353    909
  1354    909
  1355    909
  1356    909
  1357    909
  1358    909
  1359    909
  1360    909
  1361    909
  1362    909
  1363    909
  1364    909
  1365    909
  1366    909
  1367    909
  1368    909
  1369    909
  1370    909
  1371    909
  1372    909
  1373    909
  1374    909
  1375    909
  1343    910
  1344    910
  1345    910
  1346    910
  1347    910
  1348    910
  1349    910
  1350    910
  1351    910
  1352    910
  1353    910
  1354    910
  1355    910
  1356    910
  1357    910
  1358    910
  1359    910
  1360    910
  1361    910
  1362    910
  1363    910
  1364    910
  1365    910
  1366    910
  1367    910
  1368    910
  1369    910
  1370    910
  1371    910
  1372    910
  1373    910
  1374    910
  1375    910
  1376    910
  1377    910
  1344    911
  1345    911
  1346    911
  1347    911
  1348    911
  1349    911
  1350    911
  1351    911
  1352    911
  1353    911
  1354    911
  1355    911
  1356    911
  1357    911
  1358    911
  1359    911
  1360    911
  1361    911
  1362    911
  1363    911
  1364    911
  1365    911
  1366    911
  1367    911
  1368    911
  1369    911
  1370    911
  1371    911
  1372    911
  1373    911
  1374    911
  1375    911
  1376    911
  1377    911
  1378    911
  1344    912
  1345    912
  1346    912
  1347    912
  1348    912
  1349    912
  1350    912
  1351    912
  1352    912
  1353    912
  1354    912
  1355    912
  1356    912
  1357    912
  1358    912
  1359    912
  1360    912
  1361    912
  1362    912
  1363    912
  1364    912
  1365    912
  1366    912
  1367    912
  1368    912
  1369    912
  1370    912
  1371    912
  1372    912
  1373    912
  1374    912
  1375    912
  1376    912
  1377    912
  1378    912
  1345    913
  1346    913
  1347    913
  1348    913
  1349    913
  1350    913
  1351    913
  1352    913
  1353    913
  1354    913
  1355    913
  1356    913
  1357    913
  1358    913
  1359    913
  1360    913
  1361    913
  1362    913
  1363    913
  1364    913
  1365    913
  1366    913
  1367    913
  1368    913
  1369    913
  1370    913
  1371    913
  1372    913
  1373    913
  1374    913
  1375    913
  1376    913
  1377    913
  1378    913
  1379    913
  1380    913
  1347    914
  1348    914
  1349    914
  1350    914
  1351    914
  1352    914
  1353    914
  1354    914
  1355    914
  1356    914
  1357    914
  1358    914
  1359    914
  1360    914
  1361    914
  1362    914
  1363    914
  1364    914
  1365    914
  1366    914
  1367    914
  1368    914
  1369    914
  1370    914
  1371    914
  1372    914
  1373    914
  1374    914
  1375    914
  1376    914
  1377    914
  1378    914
  1379    914
  1380    914
  1348    915
  1349    915
  1350    915
  1351    915
  1352    915
  1353    915
  1354    915
  1355    915
  1356    915
  1357    915
  1358    915
  1359    915
  1360    915
  1361    915
  1362    915
  1363    915
  1364    915
  1365    915
  1366    915
  1367    915
  1368    915
  1369    915
  1370    915
  1371    915
  1372    915
  1373    915
  1374    915
  1375    915
  1376    915
  1377    915
  1378    915
  1379    915
  1380    915
  1381    915
  1348    916
  1349    916
  1350    916
  1351    916
  1352    916
  1353    916
  1354    916
  1355    916
  1356    916
  1357    916
  1358    916
  1359    916
  1360    916
  1361    916
  1362    916
  1363    916
  1364    916
  1365    916
  1366    916
  1367    916
  1368    916
  1369    916
  1370    916
  1371    916
  1372    916
  1373    916
  1374    916
  1375    916
  1376    916
  1377    916
  1378    916
  1379    916
  1380    916
  1349    917
  1350    917
  1351    917
  1352    917
  1353    917
  1354    917
  1355    917
  1356    917
  1357    917
  1358    917
  1359    917
  1360    917
  1361    917
  1362    917
  1363    917
  1364    917
  1365    917
  1366    917
  1367    917
  1368    917
  1369    917
  1370    917
  1371    917
  1372    917
  1373    917
  1374    917
  1375    917
  1376    917
  1377    917
  1378    917
  1379    917
  1380    917
  1381    917
  1382    917
  1351    918
  1352    918
  1353    918
  1354    918
  1355    918
  1356    918
  1357    918
  1358    918
  1359    918
  1360    918
  1361    918
  1362    918
  1363    918
  1364    918
  1365    918
  1366    918
  1367    918
  1368    918
  1369    918
  1370    918
  1371    918
  1372    918
  1373    918
  1374    918
  1375    918
  1376    918
  1377    918
  1378    918
  1379    918
  1352    919
  1353    919
  1354    919
  1355    919
  1356    919
  1357    919
  1358    919
  1359    919
  1360    919
  1361    919
  1362    919
  1363    919
  1364    919
  1365    919
  1366    919
  1367    919
  1368    919
  1369    919
  1370    919
  1371    919
  1372    919
  1373    919
  1374    919
  1375    919
  1376    919
  1377    919
  1378    919
  1379    919
  1380    919
  1352    920
  1353    920
  1354    920
  1355    920
  1356    920
  1357    920
  1358    920
  1359    920
  1360    920
  1361    920
  1362    920
  1363    920
  1364    920
  1365    920
  1366    920
  1367    920
  1368    920
  1369    920
  1370    920
  1371    920
  1372    920
  1373    920
  1374    920
  1375    920
  1376    920
  1377    920
  1378    920
  1379    920
  1353    921
  1354    921
  1355    921
  1356    921
  1357    921
  1358    921
  1359    921
  1360    921
  1361    921
  1362    921
  1363    921
  1364    921
  1365    921
  1366    921
  1367    921
  1368    921
  1369    921
  1370    921
  1371    921
  1372    921
  1373    921
  1374    921
  1375    921
  1376    921
  1377    921
  1378    921
  1379    921
  1380    921
  1355    922
  1356    922
  1357    922
  1358    922
  1359    922
  1360    922
  1361    922
  1362    922
  1363    922
  1364    922
  1365    922
  1366    922
  1367    922
  1368    922
  1369    922
  1370    922
  1371    922
  1372    922
  1373    922
  1374    922
  1375    922
  1376    922
  1377    922
  1378    922
  1379    922
  1380    922
  1381    922
  1356    923
  1357    923
  1358    923
  1359    923
  1360    923
  1361    923
  1362    923
  1363    923
  1364    923
  1365    923
  1366    923
  1367    923
  1368    923
  1369    923
  1370    923
  1371    923
  1372    923
  1373    923
  1374    923
  1375    923
  1376    923
  1377    923
  1378    923
  1379    923
  1380    923
  1381    923
  1357    924
  1358    924
  1359    924
  1360    924
  1361    924
  1362    924
  1363    924
  1364    924
  1365    924
  1366    924
  1367    924
  1368    924
  1369    924
  1370    924
  1371    924
  1372    924
  1373    924
  1374    924
  1375    924
  1376    924
  1377    924
  1378    924
  1379    924
  1380    924
  1381    924
  1382    924
  1383    924
  1357    925
  1358    925
  1359    925
  1360    925
  1361    925
  1362    925
  1363    925
  1364    925
  1365    925
  1366    925
  1367    925
  1368    925
  1369    925
  1370    925
  1371    925
  1372    925
  1373    925
  1374    925
  1378    925
  1379    925
  1380    925
  1381    925
  1359    926
  1360    926
  1361    926
  1362    926
  1363    926
  1364    926
  1365    926
  1366    926
  1367    926
  1368    926
  1369    926
  1370    926
  1371    926
  1372    926
  1373    926
  1374    926
  1375    926
  1379    926
  1380    926
  1381    926
  1382    926
  1383    926
  1360    927
  1361    927
  1362    927
  1363    927
  1364    927
  1365    927
  1366    927
  1367    927
  1368    927
  1369    927
  1370    927
  1371    927
  1372    927
  1373    927
  1374    927
  1375    927
  1376    927
  1377    927
  1361    928
  1362    928
  1363    928
  1364    928
  1365    928
  1366    928
  1367    928
  1368    928
  1369    928
  1370    928
  1371    928
  1372    928
  1373    928
  1374    928
  1375    928
  1376    928
  1377    928
  1378    928
  1363    929
  1364    929
  1365    929
  1366    929
  1367    929
  1368    929
  1369    929
  1370    929
  1371    929
  1372    929
  1373    929
  1374    929
  1375    929
  1376    929
  1377    929
  1378    929
  1379    929
  1364    930
  1365    930
  1366    930
  1367    930
  1368    930
  1369    930
  1370    930
  1371    930
  1372    930
  1373    930
  1374    930
  1375    930
  1376    930
  1377    930
  1378    930
  1379    930
  1365    931
  1366    931
  1367    931
  1368    931
  1369    931
  1370    931
  1371    931
  1372    931
  1373    931
  1374    931
  1375    931
  1376    931
  1377    931
  1378    931
  1379    931
  1380    931
  1381    931
  1367    932
  1368    932
  1369    932
  1370    932
  1371    932
  1372    932
  1373    932
  1374    932
  1375    932
  1376    932
  1368    933
  1369    933
  1370    933
  1371    933
  1372    933
  1373    933
  1374    933
  1376    933
  1377    933
  1378    933
  1371    934
  1372    934
  1373    934
  1372    935
  1373    935
  1374    935
  1373    936
  1374    936
  1375    936
  1376    936
