   899    652
   900    652
   901    652
   902    652
   903    652
   904    652
   905    652
   906    652
   907    652
   908    652
   909    652
   897    653
   898    653
   899    653
   900    653
   901    653
   902    653
   903    653
   904    653
   905    653
   906    653
   907    653
   908    653
   895    654
   896    654
   897    654
   898    654
   899    654
   900    654
   901    654
   902    654
   903    654
   904    654
   905    654
   906    654
   893    655
   894    655
   895    655
   896    655
   897    655
   898    655
   899    655
   900    655
   901    655
   902    655
   903    655
   904    655
   905    655
   891    656
   892    656
   893    656
   894    656
   895    656
   896    656
   897    656
   898    656
   899    656
   900    656
   901    656
   902    656
   903    656
   904    656
   889    657
   890    657
   891    657
   892    657
   893    657
   894    657
   895    657
   896    657
   897    657
   898    657
   899    657
   900    657
   901    657
   902    657
   903    657
   887    658
   888    658
   889    658
   890    658
   891    658
   892    658
   893    658
   894    658
   895    658
   896    658
   897    658
   898    658
   899    658
   900    658
   901    658
   902    658
   886    659
   887    659
   888    659
   889    659
   890    659
   891    659
   892    659
   893    659
   894    659
   895    659
   896    659
   897    659
   898    659
   899    659
   900    659
   901    659
   884    660
   885    660
   886    660
   887    660
   888    660
   889    660
   890    660
   891    660
   892    660
   893    660
   894    660
   895    660
   896    660
   897    660
   898    660
   899    660
   900    660
   883    661
   884    661
   885    661
   886    661
   887    661
   888    661
   889    661
   890    661
   891    661
   892    661
   893    661
   894    661
   895    661
   896    661
   897    661
   898    661
   899    661
   880    662
   882    662
   883    662
   884    662
   885    662
   886    662
   887    662
   888    662
   889    662
   890    662
   891    662
   892    662
   893    662
   894    662
   895    662
   896    662
   897    662
   898    662
   878    663
   879    663
   880    663
   881    663
   882    663
   883    663
   884    663
   885    663
   886    663
   887    663
   888    663
   889    663
   890    663
   891    663
   892    663
   893    663
   894    663
   895    663
   896    663
   897    663
   876    664
   877    664
   878    664
   879    664
   880    664
   881    664
   882    664
   883    664
   884    664
   885    664
   886    664
   887    664
   888    664
   889    664
   890    664
   891    664
   892    664
   893    664
   894    664
   895    664
   896    664
   874    665
   875    665
   876    665
   877    665
   878    665
   879    665
   880    665
   881    665
   882    665
   883    665
   884    665
   885    665
   886    665
   887    665
   888    665
   889    665
   890    665
   891    665
   892    665
   893    665
   894    665
   895    665
   872    666
   873    666
   874    666
   875    666
   876    666
   877    666
   878    666
   879    666
   880    666
   881    666
   882    666
   883    666
   884    666
   885    666
   886    666
   887    666
   888    666
   889    666
   890    666
   891    666
   892    666
   893    666
   894    666
   870    667
   871    667
   872    667
   873    667
   874    667
   875    667
   876    667
   877    667
   878    667
   879    667
   880    667
   881    667
   882    667
   883    667
   884    667
   885    667
   886    667
   887    667
   888    667
   889    667
   890    667
   891    667
   892    667
   893    667
   868    668
   869    668
   870    668
   871    668
   872    668
   873    668
   874    668
   875    668
   876    668
   877    668
   878    668
   879    668
   880    668
   881    668
   882    668
   883    668
   884    668
   885    668
   886    668
   887    668
   888    668
   889    668
   890    668
   891    668
   892    668
   893    668
   866    669
   867    669
   868    669
   869    669
   870    669
   871    669
   872    669
   873    669
   874    669
   875    669
   876    669
   877    669
   878    669
   879    669
   880    669
   881    669
   882    669
   883    669
   884    669
   885    669
   886    669
   887    669
   888    669
   889    669
   890    669
   891    669
   892    669
   864    670
   865    670
   866    670
   867    670
   868    670
   869    670
   870    670
   871    670
   872    670
   873    670
   874    670
   875    670
   876    670
   877    670
   878    670
   879    670
   880    670
   881    670
   882    670
   883    670
   884    670
   885    670
   886    670
   887    670
   888    670
   889    670
   890    670
   891    670
   892    670
   862    671
   863    671
   864    671
   865    671
   866    671
   867    671
   868    671
   869    671
   870    671
   871    671
   872    671
   873    671
   874    671
   875    671
   876    671
   877    671
   878    671
   879    671
   880    671
   881    671
   882    671
   883    671
   884    671
   885    671
   886    671
   887    671
   888    671
   889    671
   890    671
   891    671
   860    672
   861    672
   862    672
   863    672
   864    672
   865    672
   866    672
   867    672
   868    672
   869    672
   870    672
   871    672
   872    672
   873    672
   874    672
   875    672
   876    672
   877    672
   878    672
   879    672
   880    672
   881    672
   882    672
   883    672
   884    672
   885    672
   886    672
   887    672
   888    672
   889    672
   890    672
   858    673
   859    673
   860    673
   861    673
   862    673
   863    673
   864    673
   865    673
   866    673
   867    673
   868    673
   869    673
   870    673
   871    673
   872    673
   873    673
   874    673
   875    673
   876    673
   877    673
   878    673
   879    673
   880    673
   881    673
   882    673
   883    673
   884    673
   885    673
   886    673
   887    673
   888    673
   889    673
   890    673
   856    674
   857    674
   858    674
   859    674
   860    674
   861    674
   862    674
   863    674
   864    674
   865    674
   866    674
   867    674
   868    674
   869    674
   870    674
   871    674
   872    674
   873    674
   874    674
   875    674
   876    674
   877    674
   878    674
   879    674
   880    674
   881    674
   882    674
   883    674
   884    674
   885    674
   886    674
   887    674
   888    674
   889    674
   856    675
   857    675
   858    675
   859    675
   860    675
   861    675
   862    675
   863    675
   864    675
   865    675
   866    675
   867    675
   868    675
   869    675
   870    675
   871    675
   872    675
   873    675
   874    675
   875    675
   876    675
   877    675
   878    675
   879    675
   880    675
   881    675
   882    675
   883    675
   884    675
   885    675
   886    675
   887    675
   888    675
   856    676
   857    676
   858    676
   859    676
   860    676
   861    676
   862    676
   863    676
   864    676
   865    676
   866    676
   867    676
   868    676
   869    676
   870    676
   871    676
   872    676
   873    676
   874    676
   875    676
   876    676
   877    676
   878    676
   879    676
   880    676
   881    676
   882    676
   883    676
   884    676
   885    676
   886    676
   887    676
   888    676
   857    677
   858    677
   859    677
   860    677
   861    677
   862    677
   863    677
   864    677
   865    677
   866    677
   867    677
   868    677
   869    677
   870    677
   871    677
   872    677
   873    677
   874    677
   875    677
   876    677
   877    677
   878    677
   879    677
   880    677
   881    677
   882    677
   883    677
   884    677
   885    677
   886    677
   887    677
   857    678
   858    678
   859    678
   860    678
   861    678
   862    678
   863    678
   864    678
   865    678
   866    678
   867    678
   868    678
   869    678
   870    678
   871    678
   872    678
   873    678
   874    678
   875    678
   876    678
   877    678
   878    678
   879    678
   880    678
   881    678
   882    678
   883    678
   884    678
   885    678
   886    678
   887    678
   857    679
   858    679
   859    679
   860    679
   861    679
   862    679
   863    679
   864    679
   865    679
   866    679
   867    679
   868    679
   869    679
   870    679
   871    679
   872    679
   873    679
   874    679
   875    679
   876    679
   877    679
   878    679
   879    679
   880    679
   881    679
   882    679
   883    679
   884    679
   885    679
   886    679
   857    680
   858    680
   859    680
   860    680
   861    680
   862    680
   863    680
   864    680
   865    680
   866    680
   867    680
   868    680
   869    680
   870    680
   871    680
   872    680
   873    680
   874    680
   875    680
   876    680
   877    680
   878    680
   879    680
   880    680
   881    680
   882    680
   883    680
   884    680
   885    680
   886    680
   857    681
   858    681
   859    681
   860    681
   861    681
   862    681
   863    681
   864    681
   865    681
   866    681
   867    681
   868    681
   869    681
   870    681
   871    681
   872    681
   873    681
   874    681
   875    681
   876    681
   877    681
   878    681
   879    681
   880    681
   881    681
   882    681
   883    681
   884    681
   885    681
   857    682
   858    682
   859    682
   860    682
   861    682
   862    682
   863    682
   864    682
   865    682
   866    682
   867    682
   868    682
   869    682
   870    682
   871    682
   872    682
   873    682
   874    682
   875    682
   876    682
   877    682
   878    682
   879    682
   880    682
   881    682
   882    682
   883    682
   884    682
   858    683
   859    683
   860    683
   861    683
   862    683
   863    683
   864    683
   865    683
   866    683
   867    683
   868    683
   869    683
   870    683
   871    683
   872    683
   873    683
   874    683
   875    683
   876    683
   877    683
   878    683
   879    683
   880    683
   881    683
   882    683
   883    683
   884    683
   858    684
   859    684
   860    684
   861    684
   862    684
   863    684
   864    684
   865    684
   866    684
   867    684
   868    684
   869    684
   870    684
   871    684
   872    684
   873    684
   874    684
   875    684
   876    684
   877    684
   878    684
   879    684
   880    684
   881    684
   882    684
   883    684
   884    684
   858    685
   859    685
   860    685
   861    685
   862    685
   863    685
   864    685
   865    685
   866    685
   867    685
   868    685
   869    685
   870    685
   871    685
   872    685
   873    685
   874    685
   875    685
   876    685
   877    685
   878    685
   879    685
   880    685
   881    685
   882    685
   883    685
   858    686
   859    686
   860    686
   861    686
   862    686
   863    686
   864    686
   865    686
   866    686
   867    686
   868    686
   869    686
   870    686
   871    686
   872    686
   873    686
   874    686
   875    686
   876    686
   877    686
   878    686
   879    686
   880    686
   881    686
   882    686
   883    686
   859    687
   860    687
   861    687
   862    687
   863    687
   864    687
   865    687
   866    687
   867    687
   868    687
   869    687
   870    687
   871    687
   872    687
   873    687
   874    687
   875    687
   876    687
   877    687
   878    687
   879    687
   880    687
   881    687
   882    687
   883    687
   859    688
   860    688
   861    688
   862    688
   863    688
   864    688
   865    688
   866    688
   867    688
   868    688
   869    688
   870    688
   871    688
   872    688
   873    688
   874    688
   875    688
   876    688
   877    688
   878    688
   879    688
   880    688
   881    688
   882    688
   883    688
   859    689
   860    689
   861    689
   862    689
   863    689
   864    689
   865    689
   866    689
   867    689
   868    689
   869    689
   870    689
   871    689
   872    689
   873    689
   874    689
   875    689
   876    689
   877    689
   878    689
   879    689
   880    689
   881    689
   882    689
   859    690
   860    690
   861    690
   862    690
   863    690
   864    690
   865    690
   866    690
   867    690
   868    690
   869    690
   870    690
   871    690
   872    690
   873    690
   874    690
   875    690
   876    690
   877    690
   878    690
   879    690
   880    690
   881    690
   882    690
   859    691
   860    691
   861    691
   862    691
   863    691
   864    691
   865    691
   866    691
   867    691
   868    691
   869    691
   870    691
   871    691
   872    691
   873    691
   874    691
   875    691
   876    691
   877    691
   878    691
   879    691
   880    691
   881    691
   859    692
   860    692
   861    692
   862    692
   863    692
   864    692
   865    692
   866    692
   867    692
   868    692
   869    692
   870    692
   871    692
   872    692
   873    692
   874    692
   875    692
   876    692
   877    692
   878    692
   879    692
   880    692
   881    692
   859    693
   860    693
   861    693
   862    693
   863    693
   864    693
   865    693
   866    693
   867    693
   868    693
   869    693
   870    693
   871    693
   872    693
   873    693
   874    693
   875    693
   876    693
   877    693
   878    693
   879    693
   880    693
   881    693
   859    694
   860    694
   861    694
   862    694
   863    694
   864    694
   865    694
   866    694
   867    694
   868    694
   869    694
   870    694
   871    694
   872    694
   873    694
   874    694
   875    694
   876    694
   877    694
   878    694
   879    694
   880    694
   881    694
   859    695
   860    695
   861    695
   862    695
   863    695
   864    695
   865    695
   866    695
   867    695
   868    695
   869    695
   870    695
   871    695
   872    695
   873    695
   874    695
   875    695
   876    695
   877    695
   878    695
   879    695
   880    695
   881    695
   859    696
   860    696
   861    696
   862    696
   863    696
   864    696
   865    696
   866    696
   867    696
   868    696
   869    696
   870    696
   871    696
   872    696
   873    696
   874    696
   875    696
   876    696
   877    696
   878    696
   879    696
   880    696
   858    697
   859    697
   860    697
   861    697
   862    697
   863    697
   864    697
   865    697
   866    697
   867    697
   868    697
   869    697
   870    697
   871    697
   872    697
   873    697
   874    697
   875    697
   876    697
   877    697
   878    697
   879    697
   880    697
   858    698
   859    698
   860    698
   861    698
   862    698
   863    698
   864    698
   865    698
   866    698
   867    698
   868    698
   869    698
   870    698
   871    698
   872    698
   873    698
   874    698
   875    698
   876    698
   877    698
   878    698
   879    698
   880    698
   858    699
   859    699
   860    699
   861    699
   862    699
   863    699
   864    699
   865    699
   866    699
   867    699
   868    699
   869    699
   870    699
   871    699
   872    699
   873    699
   874    699
   875    699
   876    699
   877    699
   878    699
   879    699
   880    699
   858    700
   859    700
   860    700
   861    700
   862    700
   863    700
   864    700
   865    700
   866    700
   867    700
   868    700
   869    700
   870    700
   871    700
   872    700
   873    700
   874    700
   875    700
   876    700
   877    700
   878    700
   879    700
   880    700
   860    701
   861    701
   862    701
   863    701
   864    701
   865    701
   866    701
   867    701
   868    701
   869    701
   870    701
   871    701
   872    701
   873    701
   874    701
   875    701
   876    701
   877    701
   878    701
   879    701
   880    701
   860    702
   861    702
   862    702
   863    702
   864    702
   865    702
   866    702
   867    702
   868    702
   869    702
   870    702
   871    702
   872    702
   873    702
   874    702
   875    702
   876    702
   877    702
   878    702
   879    702
   860    703
   861    703
   862    703
   863    703
   864    703
   865    703
   866    703
   867    703
   868    703
   869    703
   870    703
   871    703
   872    703
   873    703
   874    703
   875    703
   876    703
   877    703
   878    703
   879    703
   860    704
   861    704
   862    704
   863    704
   864    704
   865    704
   866    704
   867    704
   868    704
   869    704
   870    704
   871    704
   872    704
   873    704
   874    704
   875    704
   876    704
   877    704
   878    704
   879    704
   860    705
   861    705
   862    705
   863    705
   864    705
   865    705
   866    705
   867    705
   868    705
   869    705
   870    705
   871    705
   872    705
   873    705
   874    705
   875    705
   876    705
   877    705
   878    705
   879    705
   860    706
   861    706
   862    706
   863    706
   864    706
   865    706
   866    706
   867    706
   868    706
   869    706
   870    706
   871    706
   872    706
   873    706
   874    706
   875    706
   876    706
   877    706
   878    706
   879    706
   860    707
   861    707
   862    707
   863    707
   864    707
   865    707
   866    707
   867    707
   868    707
   869    707
   870    707
   871    707
   872    707
   873    707
   874    707
   875    707
   876    707
   877    707
   878    707
   879    707
   860    708
   861    708
   862    708
   863    708
   864    708
   865    708
   866    708
   867    708
   868    708
   869    708
   870    708
   871    708
   872    708
   873    708
   874    708
   875    708
   876    708
   877    708
   878    708
   879    708
   860    709
   861    709
   862    709
   863    709
   864    709
   865    709
   866    709
   867    709
   868    709
   869    709
   870    709
   871    709
   872    709
   873    709
   874    709
   875    709
   876    709
   877    709
   878    709
   879    709
   860    710
   861    710
   862    710
   863    710
   864    710
   865    710
   866    710
   867    710
   868    710
   869    710
   870    710
   871    710
   872    710
   873    710
   874    710
   875    710
   876    710
   877    710
   878    710
   879    710
   859    711
   860    711
   861    711
   862    711
   863    711
   864    711
   865    711
   866    711
   867    711
   868    711
   869    711
   870    711
   871    711
   872    711
   873    711
   874    711
   875    711
   876    711
   877    711
   878    711
   879    711
   860    712
   861    712
   862    712
   863    712
   864    712
   865    712
   866    712
   867    712
   868    712
   869    712
   870    712
   871    712
   872    712
   873    712
   874    712
   875    712
   876    712
   877    712
   878    712
   879    712
   859    713
   860    713
   861    713
   862    713
   863    713
   864    713
   865    713
   866    713
   867    713
   868    713
   869    713
   870    713
   871    713
   872    713
   873    713
   874    713
   875    713
   876    713
   877    713
   878    713
   879    713
   859    714
   860    714
   861    714
   862    714
   863    714
   864    714
   865    714
   866    714
   867    714
   868    714
   869    714
   870    714
   871    714
   872    714
   873    714
   874    714
   875    714
   876    714
   877    714
   878    714
   879    714
   859    715
   860    715
   861    715
   862    715
   863    715
   864    715
   865    715
   866    715
   867    715
   868    715
   869    715
   870    715
   871    715
   872    715
   873    715
   874    715
   875    715
   876    715
   877    715
   878    715
   879    715
   880    715
   859    716
   860    716
   861    716
   862    716
   863    716
   864    716
   865    716
   866    716
   867    716
   868    716
   869    716
   870    716
   871    716
   872    716
   873    716
   874    716
   875    716
   876    716
   877    716
   878    716
   879    716
   880    716
   859    717
   860    717
   861    717
   862    717
   863    717
   864    717
   865    717
   866    717
   867    717
   868    717
   869    717
   870    717
   871    717
   872    717
   873    717
   874    717
   875    717
   876    717
   877    717
   878    717
   879    717
   858    718
   859    718
   860    718
   861    718
   862    718
   863    718
   864    718
   865    718
   866    718
   867    718
   868    718
   869    718
   870    718
   871    718
   872    718
   873    718
   874    718
   875    718
   876    718
   877    718
   878    718
   879    718
   880    718
   858    719
   859    719
   860    719
   861    719
   862    719
   863    719
   864    719
   865    719
   866    719
   867    719
   868    719
   869    719
   870    719
   871    719
   872    719
   873    719
   874    719
   875    719
   876    719
   877    719
   878    719
   879    719
   880    719
   858    720
   859    720
   860    720
   861    720
   862    720
   863    720
   864    720
   865    720
   866    720
   867    720
   868    720
   869    720
   870    720
   871    720
   872    720
   873    720
   874    720
   875    720
   876    720
   877    720
   878    720
   879    720
   858    721
   859    721
   860    721
   861    721
   862    721
   863    721
   864    721
   865    721
   866    721
   867    721
   868    721
   869    721
   870    721
   871    721
   872    721
   873    721
   874    721
   875    721
   876    721
   877    721
   878    721
   879    721
   880    721
   858    722
   859    722
   860    722
   861    722
   862    722
   863    722
   864    722
   865    722
   866    722
   867    722
   868    722
   869    722
   870    722
   871    722
   872    722
   873    722
   874    722
   875    722
   876    722
   877    722
   878    722
   879    722
   880    722
   858    723
   859    723
   860    723
   861    723
   862    723
   863    723
   864    723
   865    723
   866    723
   867    723
   868    723
   869    723
   870    723
   871    723
   872    723
   873    723
   874    723
   875    723
   876    723
   877    723
   878    723
   879    723
   880    723
   858    724
   859    724
   860    724
   861    724
   862    724
   863    724
   864    724
   865    724
   866    724
   867    724
   868    724
   869    724
   870    724
   871    724
   872    724
   873    724
   874    724
   875    724
   876    724
   877    724
   878    724
   879    724
   880    724
   857    725
   858    725
   859    725
   860    725
   861    725
   862    725
   863    725
   864    725
   865    725
   866    725
   867    725
   868    725
   869    725
   870    725
   871    725
   872    725
   873    725
   874    725
   875    725
   876    725
   877    725
   878    725
   879    725
   880    725
   858    726
   859    726
   860    726
   861    726
   862    726
   863    726
   864    726
   865    726
   866    726
   867    726
   868    726
   869    726
   870    726
   871    726
   872    726
   873    726
   874    726
   875    726
   876    726
   877    726
   878    726
   879    726
   880    726
   858    727
   859    727
   860    727
   861    727
   862    727
   863    727
   864    727
   865    727
   866    727
   867    727
   868    727
   869    727
   870    727
   871    727
   872    727
   873    727
   874    727
   875    727
   876    727
   877    727
   878    727
   879    727
   880    727
   857    728
   858    728
   859    728
   860    728
   861    728
   862    728
   863    728
   864    728
   865    728
   866    728
   867    728
   868    728
   869    728
   870    728
   871    728
   872    728
   873    728
   874    728
   875    728
   876    728
   877    728
   878    728
   879    728
   880    728
   857    729
   858    729
   859    729
   860    729
   861    729
   862    729
   863    729
   864    729
   865    729
   866    729
   867    729
   868    729
   869    729
   870    729
   871    729
   872    729
   873    729
   874    729
   875    729
   876    729
   877    729
   878    729
   879    729
   858    730
   859    730
   860    730
   861    730
   862    730
   863    730
   864    730
   865    730
   866    730
   867    730
   868    730
   869    730
   870    730
   871    730
   872    730
   873    730
   874    730
   875    730
   876    730
   877    730
   878    730
   879    730
   858    731
   859    731
   860    731
   861    731
   862    731
   863    731
   864    731
   865    731
   866    731
   867    731
   868    731
   869    731
   870    731
   871    731
   872    731
   873    731
   874    731
   875    731
   876    731
   877    731
   878    731
   879    731
   858    732
   859    732
   860    732
   861    732
   862    732
   863    732
   864    732
   865    732
   866    732
   867    732
   868    732
   869    732
   870    732
   871    732
   872    732
   873    732
   874    732
   875    732
   876    732
   877    732
   878    732
   879    732
   860    733
   861    733
   862    733
   863    733
   864    733
   865    733
   866    733
   867    733
   868    733
   869    733
   870    733
   871    733
   872    733
   873    733
   874    733
   875    733
   876    733
   877    733
   878    733
   860    734
   861    734
   862    734
   863    734
   864    734
   865    734
   866    734
   867    734
   868    734
   869    734
   870    734
   871    734
   872    734
   873    734
   874    734
   875    734
   876    734
   877    734
   871    735
   872    735
   873    735
   874    735
