   864    665
   865    665
   866    665
   867    665
   868    665
   869    665
   870    665
   871    665
   864    666
   865    666
   866    666
   867    666
   868    666
   869    666
   870    666
   871    666
   865    667
   866    667
   867    667
   868    667
   869    667
   870    667
   865    668
   866    668
   867    668
   868    668
   869    668
   870    668
   865    669
   866    669
   867    669
   868    669
   869    669
   870    669
   865    670
   866    670
   867    670
   868    670
   869    670
   870    670
   866    671
   867    671
   868    671
   869    671
   866    672
   867    672
   868    672
   869    672
   866    673
   867    673
   868    673
   867    674
   868    674
