   929    665
   930    665
   931    665
   932    665
   933    665
   934    665
   935    665
   936    665
   937    665
   938    665
   939    665
   940    665
   941    665
   942    665
   943    665
   944    665
   929    666
   930    666
   931    666
   932    666
   933    666
   934    666
   935    666
   936    666
   937    666
   938    666
   939    666
   940    666
   941    666
   942    666
   943    666
   944    666
   929    667
   930    667
   931    667
   932    667
   933    667
   934    667
   935    667
   936    667
   937    667
   938    667
   939    667
   940    667
   941    667
   942    667
   943    667
   944    667
   929    668
   930    668
   931    668
   932    668
   933    668
   934    668
   935    668
   936    668
   937    668
   938    668
   939    668
   940    668
   941    668
   942    668
   943    668
   944    668
   928    669
   929    669
   930    669
   931    669
   932    669
   933    669
   934    669
   935    669
   936    669
   937    669
   938    669
   939    669
   940    669
   941    669
   942    669
   943    669
   944    669
   928    670
   929    670
   930    670
   931    670
   932    670
   933    670
   934    670
   935    670
   936    670
   937    670
   938    670
   939    670
   940    670
   941    670
   942    670
   943    670
   944    670
   928    671
   929    671
   930    671
   931    671
   932    671
   933    671
   934    671
   935    671
   936    671
   937    671
   938    671
   939    671
   940    671
   941    671
   942    671
   943    671
   944    671
   928    672
   929    672
   930    672
   931    672
   932    672
   933    672
   934    672
   935    672
   936    672
   937    672
   938    672
   939    672
   940    672
   941    672
   942    672
   943    672
   944    672
   928    673
   929    673
   930    673
   931    673
   932    673
   933    673
   934    673
   935    673
   936    673
   937    673
   938    673
   939    673
   940    673
   941    673
   942    673
   943    673
   944    673
   928    674
   929    674
   930    674
   931    674
   932    674
   933    674
   934    674
   935    674
   936    674
   937    674
   938    674
   939    674
   940    674
   941    674
   942    674
   943    674
   944    674
   928    675
   929    675
   930    675
   931    675
   932    675
   933    675
   934    675
   935    675
   936    675
   937    675
   938    675
   939    675
   940    675
   941    675
   942    675
   943    675
   944    675
   928    676
   929    676
   930    676
   931    676
   932    676
   933    676
   934    676
   935    676
   936    676
   937    676
   938    676
   939    676
   940    676
   941    676
   942    676
   943    676
   944    676
   928    677
   929    677
   930    677
   931    677
   932    677
   933    677
   934    677
   935    677
   936    677
   937    677
   938    677
   939    677
   940    677
   941    677
   942    677
   943    677
   944    677
   928    678
   929    678
   930    678
   931    678
   932    678
   933    678
   934    678
   935    678
   936    678
   937    678
   938    678
   939    678
   940    678
   941    678
   942    678
   943    678
   944    678
   945    678
   928    679
   929    679
   930    679
   931    679
   932    679
   933    679
   934    679
   935    679
   936    679
   937    679
   938    679
   939    679
   940    679
   941    679
   942    679
   943    679
   944    679
   928    680
   929    680
   930    680
   931    680
   932    680
   933    680
   934    680
   935    680
   936    680
   937    680
   938    680
   939    680
   940    680
   941    680
   942    680
   943    680
   944    680
   928    681
   929    681
   930    681
   931    681
   932    681
   933    681
   934    681
   935    681
   936    681
   937    681
   938    681
   939    681
   940    681
   941    681
   942    681
   943    681
   944    681
   945    681
   928    682
   929    682
   930    682
   931    682
   932    682
   933    682
   934    682
   935    682
   936    682
   937    682
   938    682
   939    682
   940    682
   941    682
   942    682
   943    682
   944    682
   945    682
   928    683
   929    683
   930    683
   931    683
   932    683
   933    683
   934    683
   935    683
   936    683
   937    683
   938    683
   939    683
   940    683
   941    683
   942    683
   943    683
   944    683
   945    683
   928    684
   929    684
   930    684
   931    684
   932    684
   933    684
   934    684
   935    684
   936    684
   937    684
   938    684
   939    684
   940    684
   941    684
   942    684
   943    684
   944    684
   945    684
   928    685
   929    685
   930    685
   931    685
   932    685
   933    685
   934    685
   935    685
   936    685
   937    685
   938    685
   939    685
   940    685
   941    685
   942    685
   943    685
   944    685
   945    685
   928    686
   929    686
   930    686
   931    686
   932    686
   933    686
   934    686
   935    686
   936    686
   937    686
   938    686
   939    686
   940    686
   941    686
   942    686
   943    686
   944    686
   945    686
   928    687
   929    687
   930    687
   931    687
   932    687
   933    687
   934    687
   935    687
   936    687
   937    687
   938    687
   939    687
   940    687
   941    687
   942    687
   943    687
   944    687
   945    687
   928    688
   929    688
   930    688
   931    688
   932    688
   933    688
   934    688
   935    688
   936    688
   937    688
   938    688
   939    688
   940    688
   941    688
   942    688
   943    688
   944    688
   945    688
   928    689
   929    689
   930    689
   931    689
   932    689
   933    689
   934    689
   935    689
   936    689
   937    689
   938    689
   939    689
   940    689
   941    689
   942    689
   943    689
   944    689
   945    689
   927    690
   928    690
   929    690
   930    690
   931    690
   932    690
   933    690
   934    690
   935    690
   936    690
   937    690
   938    690
   939    690
   940    690
   941    690
   942    690
   943    690
   944    690
   945    690
   927    691
   928    691
   929    691
   930    691
   931    691
   932    691
   933    691
   934    691
   935    691
   936    691
   937    691
   938    691
   939    691
   940    691
   941    691
   942    691
   943    691
   944    691
   945    691
   927    692
   928    692
   929    692
   930    692
   931    692
   932    692
   933    692
   934    692
   935    692
   936    692
   937    692
   938    692
   939    692
   940    692
   941    692
   942    692
   943    692
   944    692
   945    692
   928    693
   929    693
   930    693
   931    693
   932    693
   933    693
   934    693
   935    693
   936    693
   937    693
   938    693
   939    693
   940    693
   941    693
   942    693
   943    693
   944    693
   945    693
   927    694
   928    694
   929    694
   930    694
   931    694
   932    694
   933    694
   934    694
   935    694
   936    694
   937    694
   938    694
   939    694
   940    694
   941    694
   942    694
   943    694
   944    694
   945    694
   946    694
   927    695
   928    695
   929    695
   930    695
   931    695
   932    695
   933    695
   934    695
   935    695
   936    695
   937    695
   938    695
   939    695
   940    695
   941    695
   942    695
   943    695
   944    695
   945    695
   946    695
   927    696
   928    696
   929    696
   930    696
   931    696
   932    696
   933    696
   934    696
   935    696
   936    696
   937    696
   938    696
   939    696
   940    696
   941    696
   942    696
   943    696
   944    696
   945    696
   946    696
   927    697
   928    697
   929    697
   930    697
   931    697
   932    697
   933    697
   934    697
   935    697
   936    697
   937    697
   938    697
   939    697
   940    697
   941    697
   942    697
   943    697
   944    697
   945    697
   946    697
   927    698
   928    698
   929    698
   930    698
   931    698
   932    698
   933    698
   934    698
   935    698
   936    698
   937    698
   938    698
   939    698
   940    698
   941    698
   942    698
   943    698
   944    698
   945    698
   946    698
   927    699
   928    699
   929    699
   930    699
   931    699
   932    699
   933    699
   934    699
   935    699
   936    699
   937    699
   938    699
   939    699
   940    699
   941    699
   942    699
   943    699
   944    699
   945    699
   946    699
   927    700
   928    700
   929    700
   930    700
   931    700
   932    700
   933    700
   934    700
   935    700
   936    700
   937    700
   938    700
   939    700
   940    700
   941    700
   942    700
   943    700
   944    700
   945    700
   946    700
   927    701
   928    701
   929    701
   930    701
   931    701
   932    701
   933    701
   934    701
   935    701
   936    701
   937    701
   938    701
   939    701
   940    701
   941    701
   942    701
   943    701
   944    701
   945    701
   946    701
   927    702
   928    702
   929    702
   930    702
   931    702
   932    702
   933    702
   934    702
   935    702
   936    702
   937    702
   938    702
   939    702
   940    702
   941    702
   942    702
   943    702
   944    702
   945    702
   946    702
   927    703
   928    703
   929    703
   930    703
   931    703
   932    703
   933    703
   934    703
   935    703
   936    703
   937    703
   938    703
   939    703
   940    703
   941    703
   942    703
   943    703
   944    703
   945    703
   946    703
   926    704
   927    704
   928    704
   929    704
   930    704
   931    704
   932    704
   933    704
   934    704
   935    704
   936    704
   937    704
   938    704
   939    704
   940    704
   941    704
   942    704
   943    704
   944    704
   945    704
   946    704
   926    705
   927    705
   928    705
   929    705
   930    705
   931    705
   932    705
   933    705
   934    705
   935    705
   936    705
   937    705
   938    705
   939    705
   940    705
   941    705
   942    705
   943    705
   944    705
   945    705
   946    705
   926    706
   927    706
   928    706
   929    706
   930    706
   931    706
   932    706
   933    706
   934    706
   935    706
   936    706
   937    706
   938    706
   939    706
   940    706
   941    706
   942    706
   943    706
   944    706
   945    706
   946    706
   926    707
   927    707
   928    707
   929    707
   930    707
   931    707
   932    707
   933    707
   934    707
   935    707
   936    707
   937    707
   938    707
   939    707
   940    707
   941    707
   942    707
   943    707
   944    707
   945    707
   946    707
   926    708
   927    708
   928    708
   929    708
   930    708
   931    708
   932    708
   933    708
   934    708
   935    708
   936    708
   937    708
   938    708
   939    708
   940    708
   941    708
   942    708
   943    708
   944    708
   945    708
   946    708
   926    709
   927    709
   928    709
   929    709
   930    709
   931    709
   932    709
   933    709
   934    709
   935    709
   936    709
   937    709
   938    709
   939    709
   940    709
   941    709
   942    709
   943    709
   944    709
   945    709
   946    709
   926    710
   927    710
   928    710
   929    710
   930    710
   931    710
   932    710
   933    710
   934    710
   935    710
   936    710
   937    710
   938    710
   939    710
   940    710
   941    710
   942    710
   943    710
   944    710
   945    710
   946    710
   926    711
   927    711
   928    711
   929    711
   930    711
   931    711
   932    711
   933    711
   934    711
   935    711
   936    711
   937    711
   938    711
   939    711
   940    711
   941    711
   942    711
   943    711
   944    711
   945    711
   946    711
   926    712
   927    712
   928    712
   929    712
   930    712
   931    712
   932    712
   933    712
   934    712
   935    712
   936    712
   937    712
   938    712
   939    712
   940    712
   941    712
   942    712
   943    712
   944    712
   945    712
   946    712
   926    713
   927    713
   928    713
   929    713
   930    713
   931    713
   932    713
   933    713
   934    713
   935    713
   936    713
   937    713
   938    713
   939    713
   940    713
   941    713
   942    713
   943    713
   944    713
   945    713
   946    713
   947    713
   926    714
   927    714
   928    714
   929    714
   930    714
   931    714
   932    714
   933    714
   934    714
   935    714
   936    714
   937    714
   938    714
   939    714
   940    714
   941    714
   942    714
   943    714
   944    714
   945    714
   946    714
   947    714
   926    715
   927    715
   928    715
   929    715
   930    715
   931    715
   932    715
   933    715
   934    715
   935    715
   936    715
   937    715
   938    715
   939    715
   940    715
   941    715
   942    715
   943    715
   944    715
   945    715
   946    715
   947    715
   926    716
   927    716
   928    716
   929    716
   930    716
   931    716
   932    716
   933    716
   934    716
   935    716
   936    716
   937    716
   938    716
   939    716
   940    716
   941    716
   942    716
   943    716
   944    716
   945    716
   946    716
   926    717
   927    717
   928    717
   929    717
   930    717
   931    717
   932    717
   933    717
   934    717
   935    717
   936    717
   937    717
   938    717
   939    717
   940    717
   941    717
   942    717
   943    717
   944    717
   945    717
   946    717
   926    718
   927    718
   928    718
   929    718
   930    718
   931    718
   932    718
   933    718
   934    718
   935    718
   936    718
   937    718
   938    718
   939    718
   940    718
   941    718
   942    718
   943    718
   944    718
