   900    705
   900    706
   900    707
   902    707
   899    708
   900    708
   901    708
   899    709
   900    709
   901    709
   896    710
   897    710
   899    710
   900    710
   901    710
   902    710
   898    711
   899    711
   900    711
   901    711
   902    711
   899    712
   900    712
   901    712
   899    713
   900    713
   899    714
   900    714
   898    715
   899    715
   900    715
   898    716
   899    716
   898    717
   899    717
   900    717
   897    718
   898    718
   899    718
   900    718
   901    718
   897    719
   898    719
   899    719
   900    719
   897    720
   898    720
   899    720
   897    721
   898    721
   899    721
   897    722
   898    722
   899    722
   896    723
   897    723
   898    723
   899    723
   896    724
   897    724
   898    724
   899    724
   895    725
   896    725
   897    725
   898    725
   899    725
   895    726
   896    726
   897    726
   898    726
   899    726
   895    727
   896    727
   897    727
   898    727
   899    727
   895    728
   896    728
   897    728
   898    728
   899    728
   894    729
   895    729
   896    729
   897    729
   898    729
   899    729
   894    730
   895    730
   896    730
   897    730
   898    730
   899    730
   894    731
   895    731
   896    731
   897    731
   898    731
   899    731
   894    732
   895    732
   896    732
   897    732
   898    732
   899    732
   893    733
   894    733
   895    733
   896    733
   897    733
   898    733
   894    734
   895    734
   896    734
   897    734
   898    734
   893    735
   894    735
   895    735
   896    735
   897    735
   898    735
   893    736
   894    736
   895    736
   896    736
   897    736
   898    736
   893    737
   894    737
   895    737
   896    737
   897    737
   893    738
   894    738
   895    738
   896    738
   892    739
   893    739
   894    739
   895    739
   896    739
   892    740
   893    740
   894    740
   895    740
   892    741
   893    741
   894    741
   891    742
   892    742
   893    742
   894    742
   891    743
   892    743
   893    743
   891    744
   892    744
   893    744
   891    745
   892    745
   893    745
