  1049    663
  1050    663
  1051    663
  1052    663
  1053    663
  1054    663
  1055    663
  1056    663
  1057    663
  1058    663
  1059    663
  1050    664
  1051    664
  1052    664
  1053    664
  1054    664
  1055    664
  1056    664
  1057    664
  1058    664
  1059    664
  1060    664
  1061    664
  1051    665
  1052    665
  1053    665
  1054    665
  1055    665
  1056    665
  1057    665
  1058    665
  1059    665
  1060    665
  1061    665
  1062    665
  1052    666
  1053    666
  1054    666
  1055    666
  1056    666
  1057    666
  1058    666
  1059    666
  1060    666
  1061    666
  1062    666
  1063    666
  1053    667
  1054    667
  1055    667
  1056    667
  1057    667
  1058    667
  1059    667
  1060    667
  1061    667
  1062    667
  1063    667
  1064    667
  1054    668
  1055    668
  1056    668
  1057    668
  1058    668
  1059    668
  1060    668
  1061    668
  1062    668
  1063    668
  1064    668
  1065    668
  1066    668
  1055    669
  1056    669
  1057    669
  1058    669
  1059    669
  1060    669
  1061    669
  1062    669
  1063    669
  1064    669
  1065    669
  1066    669
  1067    669
  1056    670
  1057    670
  1058    670
  1059    670
  1060    670
  1061    670
  1062    670
  1063    670
  1064    670
  1065    670
  1066    670
  1067    670
  1068    670
  1058    671
  1059    671
  1060    671
  1061    671
  1062    671
  1063    671
  1064    671
  1065    671
  1066    671
  1067    671
  1068    671
  1069    671
  1059    672
  1060    672
  1061    672
  1062    672
  1063    672
  1064    672
  1065    672
  1066    672
  1067    672
  1068    672
  1069    672
  1070    672
  1060    673
  1061    673
  1062    673
  1063    673
  1064    673
  1065    673
  1066    673
  1067    673
  1068    673
  1069    673
  1070    673
  1071    673
  1072    673
  1061    674
  1062    674
  1063    674
  1064    674
  1065    674
  1066    674
  1067    674
  1068    674
  1069    674
  1070    674
  1071    674
  1072    674
  1073    674
  1062    675
  1063    675
  1064    675
  1065    675
  1066    675
  1067    675
  1068    675
  1069    675
  1070    675
  1071    675
  1072    675
  1073    675
  1074    675
  1063    676
  1064    676
  1065    676
  1066    676
  1067    676
  1068    676
  1069    676
  1070    676
  1071    676
  1072    676
  1073    676
  1074    676
  1075    676
  1065    677
  1066    677
  1067    677
  1068    677
  1069    677
  1070    677
  1071    677
  1072    677
  1073    677
  1074    677
  1075    677
  1076    677
  1066    678
  1067    678
  1068    678
  1069    678
  1070    678
  1071    678
  1072    678
  1073    678
  1074    678
  1075    678
  1076    678
  1067    679
  1068    679
  1069    679
  1070    679
  1071    679
  1072    679
  1073    679
  1074    679
  1075    679
  1068    680
  1069    680
  1070    680
  1071    680
  1072    680
  1073    680
  1074    680
  1070    681
  1071    681
  1072    681
  1071    682
  1072    682
