  1194    779
  1195    779
  1196    779
  1197    779
  1198    779
  1199    779
  1200    779
  1201    779
  1202    779
  1203    779
  1204    779
  1205    779
  1206    779
  1207    779
  1208    779
  1209    779
  1210    779
  1211    779
  1212    779
  1213    779
  1214    779
  1215    779
  1195    780
  1196    780
  1197    780
  1198    780
  1199    780
  1200    780
  1201    780
  1202    780
  1203    780
  1204    780
  1205    780
  1206    780
  1207    780
  1208    780
  1209    780
  1210    780
  1211    780
  1212    780
  1213    780
  1214    780
  1215    780
  1216    780
  1217    780
  1196    781
  1197    781
  1198    781
  1199    781
  1200    781
  1201    781
  1202    781
  1203    781
  1204    781
  1205    781
  1206    781
  1207    781
  1208    781
  1209    781
  1210    781
  1211    781
  1212    781
  1213    781
  1214    781
  1215    781
  1216    781
  1217    781
  1218    781
  1197    782
  1198    782
  1199    782
  1200    782
  1201    782
  1202    782
  1203    782
  1204    782
  1205    782
  1206    782
  1207    782
  1208    782
  1209    782
  1210    782
  1211    782
  1212    782
  1213    782
  1214    782
  1215    782
  1216    782
  1217    782
  1218    782
  1219    782
  1198    783
  1199    783
  1200    783
  1201    783
  1202    783
  1203    783
  1204    783
  1205    783
  1206    783
  1207    783
  1208    783
  1209    783
  1210    783
  1211    783
  1212    783
  1213    783
  1214    783
  1215    783
  1216    783
  1217    783
  1218    783
  1219    783
  1220    783
  1201    784
  1202    784
  1203    784
  1204    784
  1205    784
  1206    784
  1207    784
  1208    784
  1209    784
  1210    784
  1211    784
  1212    784
  1213    784
  1214    784
  1215    784
  1216    784
  1217    784
  1218    784
  1219    784
  1220    784
  1221    784
  1222    784
  1201    785
  1202    785
  1203    785
  1204    785
  1205    785
  1206    785
  1207    785
  1208    785
  1209    785
  1210    785
  1211    785
  1212    785
  1213    785
  1214    785
  1215    785
  1216    785
  1217    785
  1218    785
  1219    785
  1220    785
  1221    785
  1222    785
  1223    785
  1202    786
  1203    786
  1204    786
  1205    786
  1206    786
  1207    786
  1208    786
  1209    786
  1210    786
  1211    786
  1212    786
  1213    786
  1214    786
  1215    786
  1216    786
  1217    786
  1218    786
  1219    786
  1220    786
  1221    786
  1222    786
  1223    786
  1224    786
  1203    787
  1204    787
  1205    787
  1206    787
  1207    787
  1208    787
  1209    787
  1210    787
  1211    787
  1212    787
  1213    787
  1214    787
  1215    787
  1216    787
  1217    787
  1218    787
  1219    787
  1220    787
  1221    787
  1222    787
  1223    787
  1224    787
  1225    787
  1226    787
  1204    788
  1205    788
  1206    788
  1207    788
  1208    788
  1209    788
  1210    788
  1211    788
  1212    788
  1213    788
  1214    788
  1215    788
  1216    788
  1217    788
  1218    788
  1219    788
  1220    788
  1221    788
  1222    788
  1223    788
  1224    788
  1225    788
  1226    788
  1227    788
  1205    789
  1206    789
  1207    789
  1208    789
  1209    789
  1210    789
  1211    789
  1212    789
  1213    789
  1214    789
  1215    789
  1216    789
  1217    789
  1218    789
  1219    789
  1220    789
  1221    789
  1222    789
  1223    789
  1224    789
  1225    789
  1226    789
  1227    789
  1228    789
  1206    790
  1207    790
  1208    790
  1209    790
  1210    790
  1211    790
  1212    790
  1213    790
  1214    790
  1215    790
  1216    790
  1217    790
  1218    790
  1219    790
  1220    790
  1221    790
  1222    790
  1223    790
  1224    790
  1225    790
  1226    790
  1227    790
  1228    790
  1229    790
  1207    791
  1208    791
  1209    791
  1210    791
  1211    791
  1212    791
  1213    791
  1214    791
  1215    791
  1216    791
  1217    791
  1218    791
  1219    791
  1220    791
  1221    791
  1222    791
  1223    791
  1224    791
  1225    791
  1226    791
  1227    791
  1228    791
  1229    791
  1230    791
  1209    792
  1210    792
  1211    792
  1212    792
  1213    792
  1214    792
  1215    792
  1216    792
  1217    792
  1218    792
  1219    792
  1220    792
  1221    792
  1222    792
  1223    792
  1224    792
  1225    792
  1226    792
  1227    792
  1228    792
  1229    792
  1230    792
  1231    792
  1232    792
  1210    793
  1211    793
  1212    793
  1213    793
  1214    793
  1215    793
  1216    793
  1217    793
  1218    793
  1219    793
  1220    793
  1221    793
  1222    793
  1223    793
  1224    793
  1225    793
  1226    793
  1227    793
  1228    793
  1229    793
  1230    793
  1231    793
  1232    793
  1233    793
  1211    794
  1212    794
  1213    794
  1214    794
  1215    794
  1216    794
  1217    794
  1218    794
  1219    794
  1220    794
  1221    794
  1222    794
  1223    794
  1224    794
  1225    794
  1226    794
  1227    794
  1228    794
  1229    794
  1230    794
  1231    794
  1232    794
  1233    794
  1234    794
  1212    795
  1213    795
  1214    795
  1215    795
  1216    795
  1217    795
  1218    795
  1219    795
  1220    795
  1221    795
  1222    795
  1223    795
  1224    795
  1225    795
  1226    795
  1227    795
  1228    795
  1229    795
  1230    795
  1231    795
  1232    795
  1233    795
  1234    795
  1235    795
  1213    796
  1214    796
  1215    796
  1216    796
  1217    796
  1218    796
  1219    796
  1220    796
  1221    796
  1222    796
  1223    796
  1224    796
  1225    796
  1226    796
  1227    796
  1228    796
  1229    796
  1230    796
  1231    796
  1232    796
  1233    796
  1234    796
  1235    796
  1237    796
  1215    797
  1216    797
  1217    797
  1218    797
  1219    797
  1220    797
  1221    797
  1222    797
  1223    797
  1224    797
  1225    797
  1226    797
  1227    797
  1228    797
  1229    797
  1230    797
  1231    797
  1232    797
  1233    797
  1234    797
  1235    797
  1236    797
  1237    797
  1238    797
  1216    798
  1217    798
  1218    798
  1219    798
  1220    798
  1221    798
  1222    798
  1223    798
  1224    798
  1225    798
  1226    798
  1227    798
  1228    798
  1229    798
  1230    798
  1231    798
  1232    798
  1233    798
  1234    798
  1235    798
  1236    798
  1237    798
  1238    798
  1239    798
  1217    799
  1218    799
  1219    799
  1220    799
  1221    799
  1222    799
  1223    799
  1224    799
  1225    799
  1226    799
  1227    799
  1228    799
  1229    799
  1230    799
  1231    799
  1232    799
  1233    799
  1234    799
  1235    799
  1236    799
  1237    799
  1238    799
  1239    799
  1240    799
  1218    800
  1219    800
  1220    800
  1221    800
  1222    800
  1223    800
  1224    800
  1225    800
  1226    800
  1227    800
  1228    800
  1229    800
  1230    800
  1231    800
  1232    800
  1233    800
  1234    800
  1235    800
  1236    800
  1237    800
  1238    800
  1239    800
  1240    800
  1241    800
  1242    800
  1219    801
  1220    801
  1221    801
  1222    801
  1223    801
  1224    801
  1225    801
  1226    801
  1227    801
  1228    801
  1229    801
  1230    801
  1231    801
  1232    801
  1233    801
  1234    801
  1235    801
  1236    801
  1237    801
  1238    801
  1239    801
  1240    801
  1241    801
  1242    801
  1243    801
  1221    802
  1222    802
  1223    802
  1224    802
  1225    802
  1226    802
  1227    802
  1228    802
  1229    802
  1230    802
  1231    802
  1232    802
  1233    802
  1234    802
  1235    802
  1236    802
  1237    802
  1238    802
  1239    802
  1240    802
  1241    802
  1242    802
  1243    802
  1244    802
  1222    803
  1223    803
  1224    803
  1225    803
  1226    803
  1227    803
  1228    803
  1229    803
  1230    803
  1231    803
  1232    803
  1233    803
  1234    803
  1235    803
  1236    803
  1237    803
  1238    803
  1239    803
  1240    803
  1241    803
  1242    803
  1243    803
  1244    803
  1245    803
  1223    804
  1224    804
  1225    804
  1226    804
  1227    804
  1228    804
  1229    804
  1230    804
  1231    804
  1232    804
  1233    804
  1234    804
  1235    804
  1236    804
  1237    804
  1238    804
  1239    804
  1240    804
  1241    804
  1242    804
  1243    804
  1244    804
  1245    804
  1246    804
  1224    805
  1225    805
  1226    805
  1227    805
  1228    805
  1229    805
  1230    805
  1231    805
  1232    805
  1233    805
  1234    805
  1235    805
  1236    805
  1237    805
  1238    805
  1239    805
  1240    805
  1241    805
  1242    805
  1243    805
  1244    805
  1245    805
  1246    805
  1247    805
  1248    805
  1225    806
  1226    806
  1227    806
  1228    806
  1229    806
  1230    806
  1231    806
  1232    806
  1233    806
  1234    806
  1235    806
  1236    806
  1237    806
  1238    806
  1239    806
  1240    806
  1241    806
  1242    806
  1243    806
  1244    806
  1245    806
  1246    806
  1247    806
  1248    806
  1249    806
  1228    807
  1229    807
  1230    807
  1231    807
  1232    807
  1233    807
  1234    807
  1235    807
  1236    807
  1237    807
  1238    807
  1239    807
  1240    807
  1241    807
  1242    807
  1243    807
  1244    807
  1245    807
  1246    807
  1247    807
  1248    807
  1249    807
  1250    807
  1251    807
  1229    808
  1230    808
  1231    808
  1232    808
  1233    808
  1234    808
  1235    808
  1236    808
  1237    808
  1238    808
  1239    808
  1240    808
  1241    808
  1242    808
  1243    808
  1244    808
  1245    808
  1246    808
  1247    808
  1248    808
  1249    808
  1250    808
  1251    808
  1252    808
  1230    809
  1231    809
  1232    809
  1233    809
  1234    809
  1235    809
  1236    809
  1237    809
  1238    809
  1239    809
  1240    809
  1241    809
  1242    809
  1243    809
  1244    809
  1245    809
  1246    809
  1247    809
  1248    809
  1249    809
  1250    809
  1251    809
  1252    809
  1253    809
  1231    810
  1232    810
  1233    810
  1234    810
  1235    810
  1236    810
  1237    810
  1238    810
  1239    810
  1240    810
  1241    810
  1242    810
  1243    810
  1244    810
  1245    810
  1246    810
  1247    810
  1248    810
  1249    810
  1250    810
  1251    810
  1252    810
  1253    810
  1254    810
  1231    811
  1232    811
  1233    811
  1234    811
  1235    811
  1236    811
  1237    811
  1238    811
  1239    811
  1240    811
  1241    811
  1242    811
  1243    811
  1244    811
  1245    811
  1246    811
  1247    811
  1248    811
  1249    811
  1250    811
  1251    811
  1252    811
  1253    811
  1254    811
  1255    811
  1256    811
  1232    812
  1233    812
  1234    812
  1235    812
  1236    812
  1237    812
  1238    812
  1239    812
  1240    812
  1241    812
  1242    812
  1243    812
  1244    812
  1245    812
  1246    812
  1247    812
  1248    812
  1249    812
  1250    812
  1251    812
  1252    812
  1253    812
  1254    812
  1255    812
  1256    812
  1257    812
  1234    813
  1235    813
  1236    813
  1237    813
  1238    813
  1239    813
  1240    813
  1241    813
  1242    813
  1243    813
  1244    813
  1245    813
  1246    813
  1247    813
  1248    813
  1249    813
  1250    813
  1251    813
  1252    813
  1253    813
  1254    813
  1255    813
  1256    813
  1257    813
  1258    813
  1235    814
  1236    814
  1237    814
  1238    814
  1239    814
  1240    814
  1241    814
  1242    814
  1243    814
  1244    814
  1245    814
  1246    814
  1247    814
  1248    814
  1249    814
  1250    814
  1251    814
  1252    814
  1253    814
  1254    814
  1255    814
  1256    814
  1257    814
  1258    814
  1259    814
  1236    815
  1237    815
  1238    815
  1239    815
  1240    815
  1241    815
  1242    815
  1243    815
  1244    815
  1245    815
  1246    815
  1247    815
  1248    815
  1249    815
  1250    815
  1251    815
  1252    815
  1253    815
  1254    815
  1255    815
  1256    815
  1257    815
  1258    815
  1259    815
  1260    815
  1261    815
  1237    816
  1238    816
  1239    816
  1240    816
  1241    816
  1242    816
  1243    816
  1244    816
  1245    816
  1246    816
  1247    816
  1248    816
  1249    816
  1250    816
  1251    816
  1252    816
  1253    816
  1254    816
  1255    816
  1256    816
  1257    816
  1258    816
  1259    816
  1260    816
  1261    816
  1262    816
  1238    817
  1239    817
  1240    817
  1241    817
  1242    817
  1243    817
  1244    817
  1245    817
  1246    817
  1247    817
  1248    817
  1249    817
  1250    817
  1251    817
  1252    817
  1253    817
  1254    817
  1255    817
  1256    817
  1257    817
  1258    817
  1259    817
  1260    817
  1261    817
  1262    817
  1263    817
  1239    818
  1240    818
  1241    818
  1242    818
  1243    818
  1244    818
  1245    818
  1246    818
  1247    818
  1248    818
  1249    818
  1250    818
  1251    818
  1252    818
  1253    818
  1254    818
  1255    818
  1256    818
  1257    818
  1258    818
  1259    818
  1260    818
  1261    818
  1262    818
  1263    818
  1264    818
  1265    818
  1240    819
  1241    819
  1242    819
  1243    819
  1244    819
  1245    819
  1246    819
  1247    819
  1248    819
  1249    819
  1250    819
  1251    819
  1252    819
  1253    819
  1254    819
  1255    819
  1256    819
  1257    819
  1258    819
  1259    819
  1260    819
  1261    819
  1262    819
  1263    819
  1264    819
  1265    819
  1266    819
  1242    820
  1243    820
  1244    820
  1245    820
  1246    820
  1247    820
  1248    820
  1249    820
  1250    820
  1251    820
  1252    820
  1253    820
  1254    820
  1255    820
  1256    820
  1257    820
  1258    820
  1259    820
  1260    820
  1261    820
  1262    820
  1263    820
  1264    820
  1265    820
  1266    820
  1267    820
  1243    821
  1244    821
  1245    821
  1246    821
  1247    821
  1248    821
  1249    821
  1250    821
  1251    821
  1252    821
  1253    821
  1254    821
  1255    821
  1256    821
  1257    821
  1258    821
  1259    821
  1260    821
  1261    821
  1262    821
  1263    821
  1264    821
  1265    821
  1266    821
  1267    821
  1268    821
  1244    822
  1245    822
  1246    822
  1247    822
  1248    822
  1249    822
  1250    822
  1251    822
  1252    822
  1253    822
  1254    822
  1255    822
  1256    822
  1257    822
  1258    822
  1259    822
  1260    822
  1261    822
  1262    822
  1263    822
  1264    822
  1265    822
  1266    822
  1267    822
  1268    822
  1269    822
  1245    823
  1246    823
  1247    823
  1248    823
  1249    823
  1250    823
  1251    823
  1252    823
  1253    823
  1254    823
  1255    823
  1256    823
  1257    823
  1258    823
  1259    823
  1260    823
  1261    823
  1262    823
  1263    823
  1264    823
  1265    823
  1266    823
  1267    823
  1268    823
  1269    823
  1270    823
  1271    823
  1247    824
  1248    824
  1249    824
  1250    824
  1251    824
  1252    824
  1253    824
  1254    824
  1255    824
  1256    824
  1257    824
  1258    824
  1259    824
  1260    824
  1261    824
  1262    824
  1263    824
  1264    824
  1265    824
  1266    824
  1267    824
  1268    824
  1269    824
  1270    824
  1271    824
  1272    824
  1248    825
  1249    825
  1250    825
  1251    825
  1252    825
  1253    825
  1254    825
  1255    825
  1256    825
  1257    825
  1258    825
  1259    825
  1260    825
  1261    825
  1262    825
  1263    825
  1264    825
  1265    825
  1266    825
  1267    825
  1268    825
  1269    825
  1270    825
  1271    825
  1272    825
  1273    825
  1249    826
  1250    826
  1251    826
  1252    826
  1253    826
  1254    826
  1255    826
  1256    826
  1257    826
  1258    826
  1259    826
  1260    826
  1261    826
  1262    826
  1263    826
  1264    826
  1265    826
  1266    826
  1267    826
  1268    826
  1269    826
  1270    826
  1271    826
  1272    826
  1273    826
  1274    826
  1275    826
  1250    827
  1251    827
  1252    827
  1253    827
  1254    827
  1255    827
  1256    827
  1257    827
  1258    827
  1259    827
  1260    827
  1261    827
  1262    827
  1263    827
  1264    827
  1265    827
  1266    827
  1267    827
  1268    827
  1269    827
  1270    827
  1271    827
  1272    827
  1273    827
  1274    827
  1275    827
  1276    827
  1251    828
  1252    828
  1253    828
  1254    828
  1255    828
  1256    828
  1257    828
  1258    828
  1259    828
  1260    828
  1261    828
  1262    828
  1263    828
  1264    828
  1265    828
  1266    828
  1267    828
  1268    828
  1269    828
  1270    828
  1271    828
  1272    828
  1273    828
  1274    828
  1275    828
  1276    828
  1252    829
  1253    829
  1254    829
  1255    829
  1256    829
  1257    829
  1258    829
  1259    829
  1260    829
  1261    829
  1262    829
  1263    829
  1264    829
  1265    829
  1266    829
  1267    829
  1268    829
  1269    829
  1270    829
  1271    829
  1272    829
  1273    829
  1274    829
  1275    829
  1276    829
  1277    829
  1278    829
  1279    829
  1254    830
  1255    830
  1256    830
  1257    830
  1258    830
  1259    830
  1260    830
  1261    830
  1262    830
  1263    830
  1264    830
  1265    830
  1266    830
  1267    830
  1268    830
  1269    830
  1270    830
  1271    830
  1272    830
  1273    830
  1274    830
  1275    830
  1276    830
  1277    830
  1278    830
  1279    830
  1280    830
  1255    831
  1256    831
  1257    831
  1258    831
  1259    831
  1260    831
  1261    831
  1262    831
  1263    831
  1264    831
  1265    831
  1266    831
  1267    831
  1268    831
  1269    831
  1270    831
  1271    831
  1272    831
  1273    831
  1274    831
  1275    831
  1276    831
  1277    831
  1278    831
  1279    831
  1280    831
  1281    831
  1256    832
  1257    832
  1258    832
  1259    832
  1260    832
  1261    832
  1262    832
  1263    832
  1264    832
  1265    832
  1266    832
  1267    832
  1268    832
  1269    832
  1270    832
  1271    832
  1272    832
  1273    832
  1274    832
  1275    832
  1276    832
  1277    832
  1278    832
  1279    832
  1280    832
  1281    832
  1282    832
  1283    832
  1257    833
  1258    833
  1259    833
  1260    833
  1261    833
  1262    833
  1263    833
  1264    833
  1265    833
  1266    833
  1267    833
  1268    833
  1269    833
  1270    833
  1271    833
  1272    833
  1273    833
  1274    833
  1275    833
  1276    833
  1277    833
  1278    833
  1279    833
  1280    833
  1281    833
  1282    833
  1283    833
  1284    833
  1258    834
  1259    834
  1260    834
  1261    834
  1262    834
  1263    834
  1264    834
  1265    834
  1266    834
  1267    834
  1268    834
  1269    834
  1270    834
  1271    834
  1272    834
  1273    834
  1274    834
  1275    834
  1276    834
  1277    834
  1278    834
  1279    834
  1280    834
  1281    834
  1282    834
  1283    834
  1284    834
  1285    834
  1259    835
  1260    835
  1261    835
  1262    835
  1263    835
  1264    835
  1265    835
  1266    835
  1267    835
  1268    835
  1269    835
  1270    835
  1271    835
  1272    835
  1273    835
  1274    835
  1275    835
  1276    835
  1277    835
  1278    835
  1279    835
  1280    835
  1281    835
  1282    835
  1283    835
  1284    835
  1285    835
  1286    835
  1287    835
  1260    836
  1261    836
  1262    836
  1263    836
  1264    836
  1265    836
  1266    836
  1267    836
  1268    836
  1269    836
  1270    836
  1271    836
  1272    836
  1273    836
  1274    836
  1275    836
  1276    836
  1277    836
  1278    836
  1279    836
  1280    836
  1281    836
  1282    836
  1283    836
  1284    836
  1285    836
  1286    836
  1287    836
  1288    836
  1261    837
  1262    837
  1263    837
  1264    837
  1265    837
  1266    837
  1267    837
  1268    837
  1269    837
  1270    837
  1271    837
  1272    837
  1273    837
  1274    837
  1275    837
  1276    837
  1277    837
  1278    837
  1279    837
  1280    837
  1281    837
  1282    837
  1283    837
  1284    837
  1285    837
  1286    837
  1287    837
  1288    837
  1289    837
  1264    838
  1265    838
  1266    838
  1267    838
  1268    838
  1269    838
  1270    838
  1271    838
  1272    838
  1273    838
  1274    838
  1275    838
  1276    838
  1277    838
  1278    838
  1279    838
  1280    838
  1281    838
  1282    838
  1283    838
  1284    838
  1285    838
  1286    838
  1287    838
  1288    838
  1289    838
  1290    838
  1265    839
  1266    839
  1267    839
  1268    839
  1269    839
  1270    839
  1271    839
  1272    839
  1273    839
  1274    839
  1275    839
  1276    839
  1277    839
  1278    839
  1279    839
  1280    839
  1281    839
  1282    839
  1283    839
  1284    839
  1285    839
  1286    839
  1287    839
  1288    839
  1289    839
  1290    839
  1291    839
  1265    840
  1266    840
  1267    840
  1268    840
  1269    840
  1270    840
  1271    840
  1272    840
  1273    840
  1274    840
  1275    840
  1276    840
  1277    840
  1278    840
  1279    840
  1280    840
  1281    840
  1282    840
  1283    840
  1284    840
  1285    840
  1286    840
  1287    840
  1288    840
  1289    840
  1290    840
  1291    840
  1292    840
  1293    840
  1267    841
  1268    841
  1269    841
  1270    841
  1271    841
  1272    841
  1273    841
  1274    841
  1275    841
  1276    841
  1277    841
  1278    841
  1279    841
  1280    841
  1281    841
  1282    841
  1283    841
  1284    841
  1285    841
  1286    841
  1287    841
  1288    841
  1289    841
  1290    841
  1291    841
  1292    841
  1293    841
  1294    841
  1268    842
  1269    842
  1270    842
  1271    842
  1272    842
  1273    842
  1274    842
  1275    842
  1276    842
  1277    842
  1278    842
  1279    842
  1280    842
  1281    842
  1282    842
  1283    842
  1284    842
  1285    842
  1286    842
  1287    842
  1288    842
  1289    842
  1290    842
  1291    842
  1292    842
  1293    842
  1294    842
  1295    842
  1269    843
  1270    843
  1271    843
  1272    843
  1273    843
  1274    843
  1275    843
  1276    843
  1277    843
  1278    843
  1279    843
  1280    843
  1281    843
  1282    843
  1283    843
  1284    843
  1285    843
  1286    843
  1287    843
  1288    843
  1289    843
  1290    843
  1291    843
  1292    843
  1293    843
  1294    843
  1295    843
  1296    843
  1270    844
  1271    844
  1272    844
  1273    844
  1274    844
  1275    844
  1276    844
  1277    844
  1278    844
  1279    844
  1280    844
  1281    844
  1282    844
  1283    844
  1284    844
  1285    844
  1286    844
  1287    844
  1288    844
  1289    844
  1290    844
  1291    844
  1292    844
  1293    844
  1294    844
  1295    844
  1296    844
  1271    845
  1272    845
  1273    845
  1274    845
  1275    845
  1276    845
  1277    845
  1278    845
  1279    845
  1280    845
  1281    845
  1282    845
  1283    845
  1284    845
  1285    845
  1286    845
  1287    845
  1288    845
  1289    845
  1290    845
  1291    845
  1292    845
  1293    845
  1294    845
  1295    845
  1296    845
  1297    845
  1298    845
  1272    846
  1273    846
  1274    846
  1275    846
  1276    846
  1277    846
  1278    846
  1279    846
  1280    846
  1281    846
  1282    846
  1283    846
  1284    846
  1285    846
  1286    846
  1287    846
  1288    846
  1289    846
  1290    846
  1291    846
  1292    846
  1293    846
  1294    846
  1295    846
  1296    846
  1297    846
  1298    846
  1299    846
  1300    846
  1274    847
  1275    847
  1276    847
  1277    847
  1278    847
  1279    847
  1280    847
  1281    847
  1282    847
  1283    847
  1284    847
  1285    847
  1286    847
  1287    847
  1288    847
  1289    847
  1290    847
  1291    847
  1292    847
  1293    847
  1294    847
  1295    847
  1296    847
  1297    847
  1298    847
  1299    847
  1300    847
  1301    847
  1275    848
  1276    848
  1277    848
  1278    848
  1279    848
  1280    848
  1281    848
  1282    848
  1283    848
  1284    848
  1285    848
  1286    848
  1287    848
  1288    848
  1289    848
  1290    848
  1291    848
  1292    848
  1293    848
  1294    848
  1295    848
  1296    848
  1297    848
  1298    848
  1299    848
  1300    848
  1301    848
  1302    848
  1303    848
  1276    849
  1277    849
  1278    849
  1279    849
  1280    849
  1281    849
  1282    849
  1283    849
  1284    849
  1285    849
  1286    849
  1287    849
  1288    849
  1289    849
  1290    849
  1291    849
  1292    849
  1293    849
  1294    849
  1295    849
  1296    849
  1297    849
  1298    849
  1299    849
  1300    849
  1301    849
  1302    849
  1303    849
  1304    849
  1277    850
  1278    850
  1279    850
  1280    850
  1281    850
  1282    850
  1283    850
  1284    850
  1285    850
  1286    850
  1287    850
  1288    850
  1289    850
  1290    850
  1291    850
  1292    850
  1293    850
  1294    850
  1295    850
  1296    850
  1297    850
  1298    850
  1299    850
  1300    850
  1301    850
  1302    850
  1303    850
  1304    850
  1305    850
  1278    851
  1279    851
  1280    851
  1281    851
  1282    851
  1283    851
  1284    851
  1285    851
  1286    851
  1287    851
  1288    851
  1289    851
  1290    851
  1291    851
  1292    851
  1293    851
  1294    851
  1295    851
  1296    851
  1297    851
  1298    851
  1299    851
  1300    851
  1301    851
  1302    851
  1303    851
  1304    851
  1305    851
  1306    851
  1279    852
  1280    852
  1281    852
  1282    852
  1283    852
  1284    852
  1285    852
  1286    852
  1287    852
  1288    852
  1289    852
  1290    852
  1291    852
  1292    852
  1293    852
  1294    852
  1295    852
  1296    852
  1297    852
  1298    852
  1299    852
  1300    852
  1301    852
  1302    852
  1303    852
  1304    852
  1305    852
  1306    852
  1307    852
  1280    853
  1281    853
  1282    853
  1283    853
  1284    853
  1285    853
  1286    853
  1287    853
  1288    853
  1289    853
  1290    853
  1291    853
  1292    853
  1293    853
  1294    853
  1295    853
  1296    853
  1297    853
  1298    853
  1299    853
  1300    853
  1301    853
  1302    853
  1303    853
  1304    853
  1305    853
  1306    853
  1307    853
  1308    853
  1309    853
  1281    854
  1282    854
  1283    854
  1284    854
  1285    854
  1286    854
  1287    854
  1288    854
  1289    854
  1290    854
  1291    854
  1292    854
  1293    854
  1294    854
  1295    854
  1296    854
  1297    854
  1298    854
  1299    854
  1300    854
  1301    854
  1302    854
  1303    854
  1304    854
  1305    854
  1306    854
  1307    854
  1308    854
  1309    854
  1310    854
  1282    855
  1283    855
  1284    855
  1285    855
  1286    855
  1287    855
  1288    855
  1289    855
  1290    855
  1291    855
  1292    855
  1293    855
  1294    855
  1295    855
  1296    855
  1297    855
  1298    855
  1299    855
  1300    855
  1301    855
  1302    855
  1303    855
  1304    855
  1305    855
  1306    855
  1307    855
  1308    855
  1309    855
  1310    855
  1311    855
  1284    856
  1285    856
  1286    856
  1287    856
  1288    856
  1289    856
  1290    856
  1291    856
  1292    856
  1293    856
  1294    856
  1295    856
  1296    856
  1297    856
  1298    856
  1299    856
  1300    856
  1301    856
  1302    856
  1303    856
  1304    856
  1305    856
  1306    856
  1307    856
  1308    856
  1309    856
  1310    856
  1311    856
  1312    856
  1313    856
  1285    857
  1286    857
  1287    857
  1288    857
  1289    857
  1290    857
  1291    857
  1292    857
  1293    857
  1294    857
  1295    857
  1296    857
  1297    857
  1298    857
  1299    857
  1300    857
  1301    857
  1302    857
  1303    857
  1304    857
  1305    857
  1306    857
  1307    857
  1308    857
  1309    857
  1310    857
  1311    857
  1312    857
  1313    857
  1314    857
  1286    858
  1287    858
  1288    858
  1289    858
  1290    858
  1291    858
  1292    858
  1293    858
  1294    858
  1295    858
  1296    858
  1297    858
  1298    858
  1299    858
  1300    858
  1301    858
  1302    858
  1303    858
  1304    858
  1305    858
  1306    858
  1307    858
  1308    858
  1309    858
  1310    858
  1311    858
  1312    858
  1313    858
  1314    858
  1315    858
  1287    859
  1288    859
  1289    859
  1290    859
  1291    859
  1292    859
  1293    859
  1294    859
  1295    859
  1296    859
  1297    859
  1298    859
  1299    859
  1300    859
  1301    859
  1302    859
  1303    859
  1304    859
  1305    859
  1306    859
  1307    859
  1308    859
  1309    859
  1310    859
  1311    859
  1312    859
  1313    859
  1314    859
  1315    859
  1316    859
  1288    860
  1289    860
  1290    860
  1291    860
  1292    860
  1293    860
  1294    860
  1295    860
  1296    860
  1297    860
  1298    860
  1299    860
  1300    860
  1301    860
  1302    860
  1303    860
  1304    860
  1305    860
  1306    860
  1307    860
  1308    860
  1309    860
  1310    860
  1311    860
  1312    860
  1313    860
  1314    860
  1315    860
  1316    860
  1317    860
  1290    861
  1291    861
  1292    861
  1293    861
  1294    861
  1295    861
  1296    861
  1297    861
  1298    861
  1299    861
  1300    861
  1301    861
  1302    861
  1303    861
  1304    861
  1305    861
  1306    861
  1307    861
  1308    861
  1309    861
  1310    861
  1311    861
  1312    861
  1313    861
  1314    861
  1315    861
  1316    861
  1317    861
  1318    861
  1291    862
  1292    862
  1293    862
  1294    862
  1295    862
  1296    862
  1297    862
  1298    862
  1299    862
  1300    862
  1301    862
  1302    862
  1303    862
  1304    862
  1305    862
  1306    862
  1307    862
  1308    862
  1309    862
  1310    862
  1311    862
  1312    862
  1313    862
  1314    862
  1315    862
  1316    862
  1317    862
  1318    862
  1319    862
  1320    862
  1292    863
  1293    863
  1294    863
  1295    863
  1296    863
  1297    863
  1298    863
  1299    863
  1300    863
  1301    863
  1302    863
  1303    863
  1304    863
  1305    863
  1306    863
  1307    863
  1308    863
  1309    863
  1310    863
  1311    863
  1312    863
  1313    863
  1314    863
  1315    863
  1316    863
  1317    863
  1318    863
  1319    863
  1320    863
  1321    863
  1293    864
  1294    864
  1295    864
  1296    864
  1297    864
  1298    864
  1299    864
  1300    864
  1301    864
  1302    864
  1303    864
  1304    864
  1305    864
  1306    864
  1307    864
  1308    864
  1309    864
  1310    864
  1311    864
  1312    864
  1313    864
  1314    864
  1315    864
  1316    864
  1317    864
  1318    864
  1319    864
  1320    864
  1321    864
  1322    864
  1323    864
  1294    865
  1295    865
  1296    865
  1297    865
  1298    865
  1299    865
  1300    865
  1301    865
  1302    865
  1303    865
  1304    865
  1305    865
  1306    865
  1307    865
  1308    865
  1309    865
  1310    865
  1311    865
  1312    865
  1313    865
  1314    865
  1315    865
  1316    865
  1317    865
  1318    865
  1319    865
  1320    865
  1321    865
  1322    865
  1323    865
  1324    865
  1295    866
  1296    866
  1297    866
  1298    866
  1299    866
  1300    866
  1301    866
  1302    866
  1303    866
  1304    866
  1305    866
  1306    866
  1307    866
  1308    866
  1309    866
  1310    866
  1311    866
  1312    866
  1313    866
  1314    866
  1315    866
  1316    866
  1317    866
  1318    866
  1319    866
  1320    866
  1321    866
  1322    866
  1323    866
  1324    866
  1325    866
  1297    867
  1298    867
  1299    867
  1300    867
  1301    867
  1302    867
  1303    867
  1304    867
  1305    867
  1306    867
  1307    867
  1308    867
  1309    867
  1310    867
  1311    867
  1312    867
  1313    867
  1314    867
  1315    867
  1316    867
  1317    867
  1318    867
  1319    867
  1320    867
  1321    867
  1322    867
  1323    867
  1324    867
  1325    867
  1326    867
  1298    868
  1299    868
  1300    868
  1301    868
  1302    868
  1303    868
  1304    868
  1305    868
  1306    868
  1307    868
  1308    868
  1309    868
  1310    868
  1311    868
  1312    868
  1313    868
  1314    868
  1315    868
  1316    868
  1317    868
  1318    868
  1319    868
  1320    868
  1321    868
  1322    868
  1323    868
  1324    868
  1325    868
  1326    868
  1327    868
  1299    869
  1300    869
  1301    869
  1302    869
  1303    869
  1304    869
  1305    869
  1306    869
  1307    869
  1308    869
  1309    869
  1310    869
  1311    869
  1312    869
  1313    869
  1314    869
  1315    869
  1316    869
  1317    869
  1318    869
  1319    869
  1320    869
  1321    869
  1322    869
  1323    869
  1324    869
  1325    869
  1326    869
  1327    869
  1328    869
  1329    869
  1300    870
  1301    870
  1302    870
  1303    870
  1304    870
  1305    870
  1306    870
  1307    870
  1308    870
  1309    870
  1310    870
  1311    870
  1312    870
  1313    870
  1314    870
  1315    870
  1316    870
  1317    870
  1318    870
  1319    870
  1320    870
  1321    870
  1322    870
  1323    870
  1324    870
  1325    870
  1326    870
  1327    870
  1328    870
  1329    870
  1330    870
  1301    871
  1302    871
  1303    871
  1304    871
  1305    871
  1306    871
  1307    871
  1308    871
  1309    871
  1310    871
  1311    871
  1312    871
  1313    871
  1314    871
  1315    871
  1316    871
  1317    871
  1318    871
  1319    871
  1320    871
  1321    871
  1322    871
  1323    871
  1324    871
  1325    871
  1326    871
  1327    871
  1328    871
  1329    871
  1330    871
  1302    872
  1303    872
  1304    872
  1305    872
  1306    872
  1307    872
  1308    872
  1309    872
  1310    872
  1311    872
  1312    872
  1313    872
  1314    872
  1315    872
  1316    872
  1317    872
  1318    872
  1319    872
  1320    872
  1321    872
  1322    872
  1323    872
  1324    872
  1325    872
  1326    872
  1327    872
  1328    872
  1329    872
  1330    872
  1331    872
  1332    872
  1304    873
  1305    873
  1306    873
  1307    873
  1308    873
  1309    873
  1310    873
  1311    873
  1312    873
  1313    873
  1314    873
  1315    873
  1316    873
  1317    873
  1318    873
  1319    873
  1320    873
  1321    873
  1322    873
  1323    873
  1324    873
  1325    873
  1326    873
  1327    873
  1328    873
  1329    873
  1330    873
  1331    873
  1332    873
  1333    873
  1334    873
  1305    874
  1306    874
  1307    874
  1308    874
  1309    874
  1310    874
  1311    874
  1312    874
  1313    874
  1314    874
  1315    874
  1316    874
  1317    874
  1318    874
  1319    874
  1320    874
  1321    874
  1322    874
  1323    874
  1324    874
  1325    874
  1326    874
  1327    874
  1328    874
  1329    874
  1330    874
  1331    874
  1332    874
  1333    874
  1334    874
  1305    875
  1306    875
  1307    875
  1308    875
  1309    875
  1310    875
  1311    875
  1312    875
  1313    875
  1314    875
  1315    875
  1316    875
  1317    875
  1318    875
  1319    875
  1320    875
  1321    875
  1322    875
  1323    875
  1324    875
  1325    875
  1326    875
  1327    875
  1328    875
  1329    875
  1330    875
  1331    875
  1332    875
  1333    875
  1334    875
  1335    875
  1336    875
  1307    876
  1308    876
  1309    876
  1310    876
  1311    876
  1312    876
  1313    876
  1314    876
  1315    876
  1316    876
  1317    876
  1318    876
  1319    876
  1320    876
  1321    876
  1322    876
  1323    876
  1324    876
  1325    876
  1326    876
  1327    876
  1328    876
  1329    876
  1330    876
  1331    876
  1332    876
  1333    876
  1334    876
  1335    876
  1336    876
  1337    876
  1308    877
  1309    877
  1310    877
  1311    877
  1312    877
  1313    877
  1314    877
  1315    877
  1316    877
  1317    877
  1318    877
  1319    877
  1320    877
  1321    877
  1322    877
  1323    877
  1324    877
  1325    877
  1326    877
  1327    877
  1328    877
  1329    877
  1330    877
  1331    877
  1332    877
  1333    877
  1334    877
  1335    877
  1336    877
  1337    877
  1338    877
  1309    878
  1310    878
  1311    878
  1312    878
  1313    878
  1314    878
  1315    878
  1316    878
  1317    878
  1318    878
  1319    878
  1320    878
  1321    878
  1322    878
  1323    878
  1324    878
  1325    878
  1326    878
  1327    878
  1328    878
  1329    878
  1330    878
  1331    878
  1332    878
  1333    878
  1334    878
  1335    878
  1336    878
  1337    878
  1338    878
  1339    878
  1311    879
  1312    879
  1313    879
  1314    879
  1315    879
  1316    879
  1317    879
  1318    879
  1319    879
  1320    879
  1321    879
  1322    879
  1323    879
  1324    879
  1325    879
  1326    879
  1327    879
  1328    879
  1329    879
  1330    879
  1331    879
  1332    879
  1333    879
  1334    879
  1335    879
  1336    879
  1337    879
  1338    879
  1339    879
  1340    879
  1341    879
  1312    880
  1313    880
  1314    880
  1315    880
  1316    880
  1317    880
  1318    880
  1319    880
  1320    880
  1321    880
  1322    880
  1323    880
  1324    880
  1325    880
  1326    880
  1327    880
  1328    880
  1329    880
  1330    880
  1331    880
  1332    880
  1333    880
  1334    880
  1335    880
  1336    880
  1337    880
  1338    880
  1339    880
  1340    880
  1341    880
  1312    881
  1313    881
  1314    881
  1315    881
  1316    881
  1317    881
  1318    881
  1319    881
  1320    881
  1321    881
  1322    881
  1323    881
  1324    881
  1325    881
  1326    881
  1327    881
  1328    881
  1329    881
  1330    881
  1331    881
  1332    881
  1333    881
  1334    881
  1335    881
  1336    881
  1337    881
  1338    881
  1339    881
  1340    881
  1341    881
  1342    881
  1343    881
  1314    882
  1315    882
  1316    882
  1317    882
  1318    882
  1319    882
  1320    882
  1321    882
  1322    882
  1323    882
  1324    882
  1325    882
  1326    882
  1327    882
  1328    882
  1329    882
  1330    882
  1331    882
  1332    882
  1333    882
  1334    882
  1335    882
  1336    882
  1337    882
  1338    882
  1339    882
  1340    882
  1341    882
  1342    882
  1343    882
  1344    882
  1315    883
  1316    883
  1317    883
  1318    883
  1319    883
  1320    883
  1321    883
  1322    883
  1323    883
  1324    883
  1325    883
  1326    883
  1327    883
  1328    883
  1329    883
  1330    883
  1331    883
  1332    883
  1333    883
  1334    883
  1335    883
  1336    883
  1337    883
  1338    883
  1339    883
  1340    883
  1341    883
  1342    883
  1343    883
  1344    883
  1345    883
  1316    884
  1317    884
  1318    884
  1319    884
  1320    884
  1321    884
  1322    884
  1323    884
  1324    884
  1325    884
  1326    884
  1327    884
  1328    884
  1329    884
  1330    884
  1331    884
  1332    884
  1333    884
  1334    884
  1335    884
  1336    884
  1337    884
  1338    884
  1339    884
  1340    884
  1341    884
  1342    884
  1343    884
  1344    884
  1345    884
  1346    884
  1347    884
  1317    885
  1318    885
  1319    885
  1320    885
  1321    885
  1322    885
  1323    885
  1324    885
  1325    885
  1326    885
  1327    885
  1328    885
  1329    885
  1330    885
  1331    885
  1332    885
  1333    885
  1334    885
  1335    885
  1336    885
  1337    885
  1338    885
  1339    885
  1340    885
  1341    885
  1342    885
  1343    885
  1344    885
  1345    885
  1346    885
  1347    885
  1348    885
  1318    886
  1319    886
  1320    886
  1321    886
  1322    886
  1323    886
  1324    886
  1325    886
  1326    886
  1327    886
  1328    886
  1329    886
  1330    886
  1331    886
  1332    886
  1333    886
  1334    886
  1335    886
  1336    886
  1337    886
  1338    886
  1339    886
  1340    886
  1341    886
  1342    886
  1343    886
  1344    886
  1345    886
  1346    886
  1347    886
  1348    886
  1349    886
  1319    887
  1320    887
  1321    887
  1322    887
  1323    887
  1324    887
  1325    887
  1326    887
  1327    887
  1328    887
  1329    887
  1330    887
  1331    887
  1332    887
  1333    887
  1334    887
  1335    887
  1336    887
  1337    887
  1338    887
  1339    887
  1340    887
  1341    887
  1342    887
  1343    887
  1344    887
  1345    887
  1346    887
  1347    887
  1348    887
  1349    887
  1350    887
  1320    888
  1321    888
  1322    888
  1323    888
  1324    888
  1325    888
  1326    888
  1327    888
  1328    888
  1329    888
  1330    888
  1331    888
  1332    888
  1333    888
  1334    888
  1335    888
  1336    888
  1337    888
  1338    888
  1339    888
  1340    888
  1341    888
  1342    888
  1343    888
  1344    888
  1345    888
  1346    888
  1347    888
  1348    888
  1349    888
  1350    888
  1351    888
  1321    889
  1322    889
  1323    889
  1324    889
  1325    889
  1326    889
  1327    889
  1328    889
  1329    889
  1330    889
  1331    889
  1332    889
  1333    889
  1334    889
  1335    889
  1336    889
  1337    889
  1338    889
  1339    889
  1340    889
  1341    889
  1342    889
  1343    889
  1344    889
  1345    889
  1346    889
  1347    889
  1348    889
  1349    889
  1350    889
  1351    889
  1352    889
  1322    890
  1323    890
  1324    890
  1325    890
  1326    890
  1327    890
  1328    890
  1329    890
  1330    890
  1331    890
  1332    890
  1333    890
  1334    890
  1335    890
  1336    890
  1337    890
  1338    890
  1339    890
  1340    890
  1341    890
  1342    890
  1343    890
  1344    890
  1345    890
  1346    890
  1347    890
  1348    890
  1349    890
  1350    890
  1351    890
  1352    890
  1353    890
  1324    891
  1325    891
  1326    891
  1327    891
  1328    891
  1329    891
  1330    891
  1331    891
  1332    891
  1333    891
  1334    891
  1335    891
  1336    891
  1337    891
  1338    891
  1339    891
  1340    891
  1341    891
  1342    891
  1343    891
  1344    891
  1345    891
  1346    891
  1347    891
  1348    891
  1349    891
  1350    891
  1351    891
  1352    891
  1353    891
  1354    891
  1325    892
  1326    892
  1327    892
  1328    892
  1329    892
  1330    892
  1331    892
  1332    892
  1333    892
  1334    892
  1335    892
  1336    892
  1337    892
  1338    892
  1339    892
  1340    892
  1341    892
  1342    892
  1343    892
  1344    892
  1345    892
  1346    892
  1347    892
  1348    892
  1349    892
  1350    892
  1351    892
  1352    892
  1353    892
  1354    892
  1355    892
  1326    893
  1327    893
  1328    893
  1329    893
  1330    893
  1331    893
  1332    893
  1333    893
  1334    893
  1335    893
  1336    893
  1337    893
  1338    893
  1339    893
  1340    893
  1341    893
  1342    893
  1343    893
  1344    893
  1345    893
  1346    893
  1347    893
  1348    893
  1349    893
  1350    893
  1351    893
  1352    893
  1353    893
  1354    893
  1355    893
  1356    893
  1327    894
  1328    894
  1329    894
  1330    894
  1331    894
  1332    894
  1333    894
  1334    894
  1335    894
  1336    894
  1337    894
  1338    894
  1339    894
  1340    894
  1341    894
  1342    894
  1343    894
  1344    894
  1345    894
  1346    894
  1347    894
  1348    894
  1349    894
  1350    894
  1351    894
  1352    894
  1353    894
  1354    894
  1355    894
  1356    894
  1357    894
  1358    894
  1328    895
  1329    895
  1330    895
  1331    895
  1332    895
  1333    895
  1334    895
  1335    895
  1336    895
  1337    895
  1338    895
  1339    895
  1340    895
  1341    895
  1342    895
  1343    895
  1344    895
  1345    895
  1346    895
  1347    895
  1348    895
  1349    895
  1350    895
  1351    895
  1352    895
  1353    895
  1354    895
  1355    895
  1356    895
  1357    895
  1358    895
  1359    895
  1329    896
  1330    896
  1331    896
  1332    896
  1333    896
  1334    896
  1335    896
  1336    896
  1337    896
  1338    896
  1339    896
  1340    896
  1341    896
  1342    896
  1343    896
  1344    896
  1345    896
  1346    896
  1347    896
  1348    896
  1349    896
  1350    896
  1351    896
  1352    896
  1353    896
  1354    896
  1355    896
  1356    896
  1357    896
  1358    896
  1359    896
  1360    896
  1330    897
  1331    897
  1332    897
  1333    897
  1334    897
  1335    897
  1336    897
  1337    897
  1338    897
  1339    897
  1340    897
  1341    897
  1342    897
  1343    897
  1344    897
  1345    897
  1346    897
  1347    897
  1348    897
  1349    897
  1350    897
  1351    897
  1352    897
  1353    897
  1354    897
  1355    897
  1356    897
  1357    897
  1358    897
  1359    897
  1360    897
  1361    897
  1331    898
  1332    898
  1333    898
  1334    898
  1335    898
  1336    898
  1337    898
  1338    898
  1339    898
  1340    898
  1341    898
  1342    898
  1343    898
  1344    898
  1345    898
  1346    898
  1347    898
  1348    898
  1349    898
  1350    898
  1351    898
  1352    898
  1353    898
  1354    898
  1355    898
  1356    898
  1357    898
  1358    898
  1359    898
  1360    898
  1361    898
  1362    898
  1332    899
  1333    899
  1334    899
  1335    899
  1336    899
  1337    899
  1338    899
  1339    899
  1340    899
  1341    899
  1342    899
  1343    899
  1344    899
  1345    899
  1346    899
  1347    899
  1348    899
  1349    899
  1350    899
  1351    899
  1352    899
  1353    899
  1354    899
  1355    899
  1356    899
  1357    899
  1358    899
  1359    899
  1360    899
  1361    899
  1362    899
  1363    899
  1333    900
  1334    900
  1335    900
  1336    900
  1337    900
  1338    900
  1339    900
  1340    900
  1341    900
  1342    900
  1343    900
  1344    900
  1345    900
  1346    900
  1347    900
  1348    900
  1349    900
  1350    900
  1351    900
  1352    900
  1353    900
  1354    900
  1355    900
  1356    900
  1357    900
  1358    900
  1359    900
  1360    900
  1361    900
  1362    900
  1363    900
  1364    900
  1335    901
  1336    901
  1337    901
  1338    901
  1339    901
  1340    901
  1341    901
  1342    901
  1343    901
  1344    901
  1345    901
  1346    901
  1347    901
  1348    901
  1349    901
  1350    901
  1351    901
  1352    901
  1353    901
  1354    901
  1355    901
  1356    901
  1357    901
  1358    901
  1359    901
  1360    901
  1361    901
  1362    901
  1363    901
  1364    901
  1365    901
  1366    901
  1335    902
  1336    902
  1337    902
  1338    902
  1339    902
  1340    902
  1341    902
  1342    902
  1343    902
  1344    902
  1345    902
  1346    902
  1347    902
  1348    902
  1349    902
  1350    902
  1351    902
  1352    902
  1353    902
  1354    902
  1355    902
  1356    902
  1357    902
  1358    902
  1359    902
  1360    902
  1361    902
  1362    902
  1363    902
  1364    902
  1365    902
  1366    902
  1367    902
  1336    903
  1337    903
  1338    903
  1339    903
  1340    903
  1341    903
  1342    903
  1343    903
  1344    903
  1345    903
  1346    903
  1347    903
  1348    903
  1349    903
  1350    903
  1351    903
  1352    903
  1353    903
  1354    903
  1355    903
  1356    903
  1357    903
  1358    903
  1359    903
  1360    903
  1361    903
  1362    903
  1363    903
  1364    903
  1365    903
  1366    903
  1367    903
  1337    904
  1338    904
  1339    904
  1340    904
  1341    904
  1342    904
  1343    904
  1344    904
  1345    904
  1346    904
  1347    904
  1348    904
  1349    904
  1350    904
  1351    904
  1352    904
  1353    904
  1354    904
  1355    904
  1356    904
  1357    904
  1358    904
  1359    904
  1360    904
  1361    904
  1362    904
  1363    904
  1364    904
  1365    904
  1366    904
  1367    904
  1368    904
  1369    904
  1339    905
  1340    905
  1341    905
  1342    905
  1343    905
  1344    905
  1345    905
  1346    905
  1347    905
  1348    905
  1349    905
  1350    905
  1351    905
  1352    905
  1353    905
  1354    905
  1355    905
  1356    905
  1357    905
  1358    905
  1359    905
  1360    905
  1361    905
  1362    905
  1363    905
  1364    905
  1365    905
  1366    905
  1367    905
  1368    905
  1369    905
  1370    905
  1339    906
  1340    906
  1341    906
  1342    906
  1343    906
  1344    906
  1345    906
  1346    906
  1347    906
  1348    906
  1349    906
  1350    906
  1351    906
  1352    906
  1353    906
  1354    906
  1355    906
  1356    906
  1357    906
  1358    906
  1359    906
  1360    906
  1361    906
  1362    906
  1363    906
  1364    906
  1365    906
  1366    906
  1367    906
  1368    906
  1369    906
  1370    906
  1340    907
  1341    907
  1342    907
  1343    907
  1344    907
  1345    907
  1346    907
  1347    907
  1348    907
  1349    907
  1350    907
  1351    907
  1352    907
  1353    907
  1354    907
  1355    907
  1356    907
  1357    907
  1358    907
  1359    907
  1360    907
  1361    907
  1362    907
  1363    907
  1364    907
  1365    907
  1366    907
  1367    907
  1368    907
  1369    907
  1370    907
  1371    907
  1342    908
  1343    908
  1344    908
  1345    908
  1346    908
  1347    908
  1348    908
  1349    908
  1350    908
  1351    908
  1352    908
  1353    908
  1354    908
  1355    908
  1356    908
  1357    908
  1358    908
  1359    908
  1360    908
  1361    908
  1362    908
  1363    908
  1364    908
  1365    908
  1366    908
  1367    908
  1368    908
  1369    908
  1370    908
  1371    908
  1372    908
  1373    908
  1343    909
  1344    909
  1345    909
  1346    909
  1347    909
  1348    909
  1349    909
  1350    909
  1351    909
  1352    909
  1353    909
  1354    909
  1355    909
  1356    909
  1357    909
  1358    909
  1359    909
  1360    909
  1361    909
  1362    909
  1363    909
  1364    909
  1365    909
  1366    909
  1367    909
  1368    909
  1369    909
  1370    909
  1371    909
  1372    909
  1373    909
  1374    909
  1343    910
  1344    910
  1345    910
  1346    910
  1347    910
  1348    910
  1349    910
  1350    910
  1351    910
  1352    910
  1353    910
  1354    910
  1355    910
  1356    910
  1357    910
  1358    910
  1359    910
  1360    910
  1361    910
  1362    910
  1363    910
  1364    910
  1365    910
  1366    910
  1367    910
  1368    910
  1369    910
  1370    910
  1371    910
  1372    910
  1373    910
  1374    910
  1375    910
  1376    910
  1344    911
  1345    911
  1346    911
  1347    911
  1348    911
  1349    911
  1350    911
  1351    911
  1352    911
  1353    911
  1354    911
  1355    911
  1356    911
  1357    911
  1358    911
  1359    911
  1360    911
  1361    911
  1362    911
  1363    911
  1364    911
  1365    911
  1366    911
  1367    911
  1368    911
  1369    911
  1370    911
  1371    911
  1372    911
  1373    911
  1374    911
  1375    911
  1376    911
  1346    912
  1347    912
  1348    912
  1349    912
  1350    912
  1351    912
  1352    912
  1353    912
  1354    912
  1355    912
  1356    912
  1357    912
  1358    912
  1359    912
  1360    912
  1361    912
  1362    912
  1363    912
  1364    912
  1365    912
  1366    912
  1367    912
  1368    912
  1369    912
  1370    912
  1371    912
  1372    912
  1373    912
  1374    912
  1375    912
  1376    912
  1377    912
  1378    912
  1346    913
  1347    913
  1348    913
  1349    913
  1350    913
  1351    913
  1352    913
  1353    913
  1354    913
  1355    913
  1356    913
  1357    913
  1358    913
  1359    913
  1360    913
  1361    913
  1362    913
  1363    913
  1364    913
  1365    913
  1366    913
  1367    913
  1368    913
  1369    913
  1370    913
  1371    913
  1372    913
  1373    913
  1374    913
  1375    913
  1376    913
  1377    913
  1378    913
  1379    913
  1347    914
  1348    914
  1349    914
  1350    914
  1351    914
  1352    914
  1353    914
  1354    914
  1355    914
  1356    914
  1357    914
  1358    914
  1359    914
  1360    914
  1361    914
  1362    914
  1363    914
  1364    914
  1365    914
  1366    914
  1367    914
  1368    914
  1369    914
  1370    914
  1371    914
  1372    914
  1373    914
  1374    914
  1375    914
  1376    914
  1377    914
  1378    914
  1379    914
  1380    914
  1349    915
  1350    915
  1351    915
  1352    915
  1353    915
  1354    915
  1355    915
  1356    915
  1357    915
  1358    915
  1359    915
  1360    915
  1361    915
  1362    915
  1363    915
  1364    915
  1365    915
  1366    915
  1367    915
  1368    915
  1369    915
  1370    915
  1371    915
  1372    915
  1373    915
  1374    915
  1375    915
  1376    915
  1377    915
  1378    915
  1379    915
  1380    915
  1381    915
  1349    916
  1350    916
  1351    916
  1352    916
  1353    916
  1354    916
  1355    916
  1356    916
  1357    916
  1358    916
  1359    916
  1360    916
  1361    916
  1362    916
  1363    916
  1364    916
  1365    916
  1366    916
  1367    916
  1368    916
  1369    916
  1370    916
  1371    916
  1372    916
  1373    916
  1374    916
  1375    916
  1376    916
  1377    916
  1378    916
  1379    916
  1380    916
  1381    916
  1382    916
  1350    917
  1351    917
  1352    917
  1353    917
  1354    917
  1355    917
  1356    917
  1357    917
  1358    917
  1359    917
  1360    917
  1361    917
  1362    917
  1363    917
  1364    917
  1365    917
  1366    917
  1367    917
  1368    917
  1369    917
  1370    917
  1371    917
  1372    917
  1373    917
  1374    917
  1375    917
  1376    917
  1377    917
  1378    917
  1379    917
  1380    917
  1381    917
  1382    917
  1383    917
  1351    918
  1352    918
  1353    918
  1354    918
  1355    918
  1356    918
  1357    918
  1358    918
  1359    918
  1360    918
  1361    918
  1362    918
  1363    918
  1364    918
  1365    918
  1366    918
  1367    918
  1368    918
  1369    918
  1370    918
  1371    918
  1372    918
  1373    918
  1374    918
  1375    918
  1376    918
  1377    918
  1378    918
  1379    918
  1380    918
  1381    918
  1382    918
  1383    918
  1384    918
  1353    919
  1354    919
  1355    919
  1356    919
  1357    919
  1358    919
  1359    919
  1360    919
  1361    919
  1362    919
  1363    919
  1364    919
  1365    919
  1366    919
  1367    919
  1368    919
  1369    919
  1370    919
  1371    919
  1372    919
  1373    919
  1374    919
  1375    919
  1376    919
  1377    919
  1378    919
  1379    919
  1380    919
  1381    919
  1382    919
  1383    919
  1384    919
  1385    919
  1354    920
  1355    920
  1356    920
  1357    920
  1358    920
  1359    920
  1360    920
  1361    920
  1362    920
  1363    920
  1364    920
  1365    920
  1366    920
  1367    920
  1368    920
  1369    920
  1370    920
  1371    920
  1372    920
  1373    920
  1374    920
  1375    920
  1376    920
  1377    920
  1378    920
  1379    920
  1380    920
  1381    920
  1382    920
  1383    920
  1384    920
  1385    920
  1386    920
  1354    921
  1355    921
  1356    921
  1357    921
  1358    921
  1359    921
  1360    921
  1361    921
  1362    921
  1363    921
  1364    921
  1365    921
  1366    921
  1367    921
  1368    921
  1369    921
  1370    921
  1371    921
  1372    921
  1373    921
  1374    921
  1375    921
  1376    921
  1377    921
  1378    921
  1379    921
  1380    921
  1381    921
  1382    921
  1383    921
  1384    921
  1385    921
  1386    921
  1387    921
  1355    922
  1356    922
  1357    922
  1358    922
  1359    922
  1360    922
  1361    922
  1362    922
  1363    922
  1364    922
  1365    922
  1366    922
  1367    922
  1368    922
  1369    922
  1370    922
  1371    922
  1372    922
  1373    922
  1374    922
  1375    922
  1376    922
  1377    922
  1378    922
  1379    922
  1380    922
  1381    922
  1382    922
  1383    922
  1384    922
  1385    922
  1386    922
  1387    922
  1388    922
  1357    923
  1358    923
  1359    923
  1360    923
  1361    923
  1362    923
  1363    923
  1364    923
  1365    923
  1366    923
  1367    923
  1368    923
  1369    923
  1370    923
  1371    923
  1372    923
  1373    923
  1374    923
  1375    923
  1376    923
  1377    923
  1378    923
  1379    923
  1380    923
  1381    923
  1382    923
  1383    923
  1384    923
  1385    923
  1386    923
  1387    923
  1388    923
  1389    923
  1390    923
  1358    924
  1359    924
  1360    924
  1361    924
  1362    924
  1363    924
  1364    924
  1365    924
  1366    924
  1367    924
  1368    924
  1369    924
  1370    924
  1371    924
  1372    924
  1373    924
  1374    924
  1375    924
  1376    924
  1377    924
  1378    924
  1379    924
  1380    924
  1381    924
  1382    924
  1383    924
  1384    924
  1385    924
  1386    924
  1387    924
  1388    924
  1389    924
  1390    924
  1391    924
  1358    925
  1359    925
  1360    925
  1361    925
  1362    925
  1363    925
  1364    925
  1365    925
  1366    925
  1367    925
  1368    925
  1369    925
  1370    925
  1371    925
  1372    925
  1373    925
  1374    925
  1375    925
  1376    925
  1377    925
  1378    925
  1379    925
  1380    925
  1381    925
  1382    925
  1383    925
  1384    925
  1385    925
  1386    925
  1387    925
  1388    925
  1389    925
  1390    925
  1391    925
  1392    925
  1393    925
  1359    926
  1360    926
  1361    926
  1362    926
  1363    926
  1364    926
  1365    926
  1366    926
  1367    926
  1368    926
  1369    926
  1370    926
  1371    926
  1372    926
  1373    926
  1374    926
  1375    926
  1376    926
  1377    926
  1378    926
  1379    926
  1380    926
  1381    926
  1382    926
  1383    926
  1384    926
  1385    926
  1386    926
  1387    926
  1388    926
  1389    926
  1390    926
  1391    926
  1392    926
  1393    926
  1360    927
  1361    927
  1362    927
  1363    927
  1364    927
  1365    927
  1366    927
  1367    927
  1368    927
  1369    927
  1370    927
  1371    927
  1372    927
  1373    927
  1374    927
  1375    927
  1376    927
  1377    927
  1378    927
  1379    927
  1380    927
  1381    927
  1382    927
  1383    927
  1384    927
  1385    927
  1386    927
  1387    927
  1388    927
  1389    927
  1390    927
  1391    927
  1392    927
  1393    927
  1394    927
  1362    928
  1363    928
  1364    928
  1365    928
  1366    928
  1367    928
  1368    928
  1369    928
  1370    928
  1371    928
  1372    928
  1373    928
  1374    928
  1375    928
  1376    928
  1377    928
  1378    928
  1379    928
  1380    928
  1381    928
  1382    928
  1383    928
  1384    928
  1385    928
  1386    928
  1387    928
  1388    928
  1389    928
  1390    928
  1391    928
  1392    928
  1393    928
  1394    928
  1395    928
  1363    929
  1364    929
  1365    929
  1366    929
  1367    929
  1368    929
  1369    929
  1370    929
  1371    929
  1372    929
  1373    929
  1374    929
  1375    929
  1376    929
  1377    929
  1378    929
  1379    929
  1380    929
  1381    929
  1382    929
  1383    929
  1384    929
  1385    929
  1386    929
  1387    929
  1388    929
  1389    929
  1390    929
  1391    929
  1392    929
  1393    929
  1394    929
  1395    929
  1396    929
  1364    930
  1365    930
  1366    930
  1367    930
  1368    930
  1369    930
  1370    930
  1371    930
  1372    930
  1373    930
  1374    930
  1375    930
  1376    930
  1377    930
  1378    930
  1379    930
  1380    930
  1381    930
  1382    930
  1383    930
  1384    930
  1385    930
  1386    930
  1387    930
  1388    930
  1389    930
  1390    930
  1391    930
  1392    930
  1393    930
  1394    930
  1395    930
  1396    930
  1397    930
  1364    931
  1365    931
  1366    931
  1367    931
  1368    931
  1369    931
  1370    931
  1371    931
  1372    931
  1373    931
  1374    931
  1375    931
  1376    931
  1377    931
  1378    931
  1379    931
  1380    931
  1381    931
  1382    931
  1383    931
  1384    931
  1385    931
  1386    931
  1387    931
  1388    931
  1389    931
  1390    931
  1391    931
  1392    931
  1393    931
  1394    931
  1395    931
  1396    931
  1397    931
  1398    931
  1366    932
  1367    932
  1368    932
  1369    932
  1370    932
  1371    932
  1372    932
  1373    932
  1374    932
  1375    932
  1376    932
  1377    932
  1378    932
  1379    932
  1380    932
  1381    932
  1382    932
  1383    932
  1384    932
  1385    932
  1386    932
  1387    932
  1388    932
  1389    932
  1390    932
  1391    932
  1392    932
  1393    932
  1394    932
  1395    932
  1396    932
  1397    932
  1398    932
  1399    932
  1367    933
  1368    933
  1369    933
  1370    933
  1371    933
  1372    933
  1373    933
  1374    933
  1375    933
  1376    933
  1377    933
  1378    933
  1379    933
  1380    933
  1381    933
  1382    933
  1383    933
  1384    933
  1385    933
  1386    933
  1387    933
  1388    933
  1389    933
  1390    933
  1391    933
  1392    933
  1393    933
  1394    933
  1395    933
  1396    933
  1397    933
  1398    933
  1399    933
  1400    933
  1368    934
  1369    934
  1370    934
  1371    934
  1372    934
  1373    934
  1374    934
  1375    934
  1376    934
  1377    934
  1378    934
  1379    934
  1380    934
  1381    934
  1382    934
  1383    934
  1384    934
  1385    934
  1386    934
  1387    934
  1388    934
  1389    934
  1390    934
  1391    934
  1392    934
  1393    934
  1394    934
  1395    934
  1396    934
  1397    934
  1398    934
  1399    934
  1400    934
  1401    934
  1369    935
  1370    935
  1371    935
  1372    935
  1373    935
  1374    935
  1375    935
  1376    935
  1377    935
  1378    935
  1379    935
  1380    935
  1381    935
  1382    935
  1383    935
  1384    935
  1385    935
  1386    935
  1387    935
  1388    935
  1389    935
  1390    935
  1391    935
  1392    935
  1393    935
  1394    935
  1395    935
  1396    935
  1397    935
  1398    935
  1399    935
  1400    935
  1401    935
  1402    935
  1370    936
  1371    936
  1372    936
  1373    936
  1374    936
  1375    936
  1376    936
  1377    936
  1378    936
  1379    936
  1380    936
  1381    936
  1382    936
  1383    936
  1384    936
  1385    936
  1386    936
  1387    936
  1388    936
  1389    936
  1390    936
  1391    936
  1392    936
  1393    936
  1394    936
  1395    936
  1396    936
  1397    936
  1398    936
  1399    936
  1400    936
  1401    936
  1402    936
  1372    937
  1373    937
  1374    937
  1375    937
  1376    937
  1377    937
  1378    937
  1379    937
  1380    937
  1381    937
  1382    937
  1383    937
  1384    937
  1385    937
  1386    937
  1387    937
  1388    937
  1389    937
  1390    937
  1391    937
  1392    937
  1393    937
  1394    937
  1395    937
  1396    937
  1397    937
  1398    937
  1399    937
  1400    937
  1401    937
  1402    937
  1403    937
  1372    938
  1373    938
  1374    938
  1375    938
  1376    938
  1377    938
  1378    938
  1379    938
  1380    938
  1381    938
  1382    938
  1383    938
  1384    938
  1385    938
  1386    938
  1387    938
  1388    938
  1389    938
  1390    938
  1391    938
  1392    938
  1393    938
  1394    938
  1395    938
  1396    938
  1397    938
  1398    938
  1399    938
  1400    938
  1401    938
  1402    938
  1403    938
  1404    938
  1405    938
  1373    939
  1374    939
  1375    939
  1376    939
  1377    939
  1378    939
  1379    939
  1380    939
  1381    939
  1382    939
  1383    939
  1384    939
  1385    939
  1386    939
  1387    939
  1388    939
  1389    939
  1390    939
  1391    939
  1392    939
  1393    939
  1394    939
  1395    939
  1396    939
  1397    939
  1398    939
  1399    939
  1400    939
  1401    939
  1402    939
  1403    939
  1404    939
  1405    939
  1406    939
  1374    940
  1375    940
  1376    940
  1377    940
  1378    940
  1379    940
  1380    940
  1381    940
  1382    940
  1383    940
  1384    940
  1385    940
  1386    940
  1387    940
  1388    940
  1389    940
  1390    940
  1391    940
  1392    940
  1393    940
  1394    940
  1395    940
  1396    940
  1397    940
  1398    940
  1399    940
  1400    940
  1401    940
  1402    940
  1403    940
  1404    940
  1405    940
  1406    940
  1375    941
  1376    941
  1377    941
  1378    941
  1379    941
  1380    941
  1381    941
  1382    941
  1383    941
  1384    941
  1385    941
  1386    941
  1387    941
  1388    941
  1389    941
  1390    941
  1391    941
  1392    941
  1393    941
  1394    941
  1395    941
  1396    941
  1397    941
  1398    941
  1399    941
  1400    941
  1401    941
  1402    941
  1403    941
  1404    941
  1405    941
  1406    941
  1407    941
  1408    941
  1377    942
  1378    942
  1379    942
  1380    942
  1381    942
  1382    942
  1383    942
  1384    942
  1385    942
  1386    942
  1387    942
  1388    942
  1389    942
  1390    942
  1391    942
  1392    942
  1393    942
  1394    942
  1395    942
  1396    942
  1397    942
  1398    942
  1399    942
  1400    942
  1401    942
  1402    942
  1403    942
  1404    942
  1405    942
  1406    942
  1407    942
  1408    942
  1409    942
  1410    942
  1378    943
  1379    943
  1380    943
  1381    943
  1382    943
  1383    943
  1384    943
  1385    943
  1386    943
  1387    943
  1388    943
  1389    943
  1390    943
  1391    943
  1392    943
  1393    943
  1394    943
  1395    943
  1396    943
  1397    943
  1398    943
  1399    943
  1400    943
  1401    943
  1402    943
  1403    943
  1404    943
  1405    943
  1406    943
  1407    943
  1408    943
  1409    943
  1410    943
  1411    943
  1379    944
  1380    944
  1381    944
  1382    944
  1383    944
  1384    944
  1385    944
  1386    944
  1387    944
  1388    944
  1389    944
  1390    944
  1391    944
  1392    944
  1393    944
  1394    944
  1395    944
  1396    944
  1397    944
  1398    944
  1399    944
  1400    944
  1401    944
  1402    944
  1403    944
  1404    944
  1405    944
  1406    944
  1407    944
  1408    944
  1409    944
  1410    944
  1411    944
  1412    944
  1380    945
  1381    945
  1382    945
  1383    945
  1384    945
  1385    945
  1386    945
  1387    945
  1388    945
  1389    945
  1390    945
  1391    945
  1392    945
  1393    945
  1394    945
  1395    945
  1396    945
  1397    945
  1398    945
  1399    945
  1400    945
  1401    945
  1402    945
  1403    945
  1404    945
  1405    945
  1406    945
  1407    945
  1408    945
  1409    945
  1410    945
  1411    945
  1412    945
  1413    945
  1414    945
  1381    946
  1382    946
  1383    946
  1384    946
  1385    946
  1386    946
  1387    946
  1388    946
  1389    946
  1390    946
  1391    946
  1392    946
  1393    946
  1394    946
  1395    946
  1396    946
  1397    946
  1398    946
  1399    946
  1400    946
  1401    946
  1402    946
  1403    946
  1404    946
  1405    946
  1406    946
  1407    946
  1408    946
  1409    946
  1410    946
  1411    946
  1412    946
  1413    946
  1414    946
  1415    946
  1383    947
  1384    947
  1385    947
  1386    947
  1387    947
  1388    947
  1389    947
  1390    947
  1391    947
  1392    947
  1393    947
  1394    947
  1395    947
  1396    947
  1397    947
  1398    947
  1399    947
  1400    947
  1401    947
  1402    947
  1403    947
  1404    947
  1405    947
  1406    947
  1407    947
  1408    947
  1409    947
  1410    947
  1411    947
  1412    947
  1413    947
  1414    947
  1415    947
  1416    947
  1417    947
  1384    948
  1385    948
  1386    948
  1387    948
  1388    948
  1389    948
  1390    948
  1391    948
  1392    948
  1393    948
  1394    948
  1395    948
  1396    948
  1397    948
  1398    948
  1399    948
  1400    948
  1401    948
  1402    948
  1403    948
  1404    948
  1405    948
  1406    948
  1407    948
  1408    948
  1409    948
  1410    948
  1411    948
  1412    948
  1413    948
  1414    948
  1415    948
  1416    948
  1417    948
  1418    948
  1385    949
  1386    949
  1387    949
  1388    949
  1390    949
  1391    949
  1392    949
  1393    949
  1394    949
  1395    949
  1396    949
  1397    949
  1398    949
  1399    949
  1400    949
  1401    949
  1402    949
  1403    949
  1404    949
  1405    949
  1406    949
  1407    949
  1408    949
  1409    949
  1410    949
  1411    949
  1412    949
  1413    949
  1414    949
  1415    949
  1416    949
  1417    949
  1418    949
  1386    950
  1387    950
  1388    950
  1389    950
  1390    950
  1391    950
  1392    950
  1393    950
  1394    950
  1395    950
  1396    950
  1397    950
  1398    950
  1399    950
  1400    950
  1401    950
  1402    950
  1403    950
  1404    950
  1405    950
  1406    950
  1407    950
  1408    950
  1409    950
  1410    950
  1411    950
  1412    950
  1413    950
  1414    950
  1415    950
  1416    950
  1417    950
  1418    950
  1387    951
  1388    951
  1389    951
  1390    951
  1391    951
  1392    951
  1393    951
  1394    951
  1395    951
  1396    951
  1397    951
  1398    951
  1399    951
  1400    951
  1401    951
  1402    951
  1403    951
  1404    951
  1405    951
  1406    951
  1407    951
  1408    951
  1409    951
  1410    951
  1411    951
  1412    951
  1413    951
  1414    951
  1415    951
  1416    951
  1417    951
  1418    951
  1419    951
  1390    952
  1391    952
  1392    952
  1393    952
  1394    952
  1395    952
  1396    952
  1397    952
  1398    952
  1399    952
  1400    952
  1401    952
  1402    952
  1403    952
  1404    952
  1405    952
  1406    952
  1407    952
  1408    952
  1409    952
  1410    952
  1412    952
  1413    952
  1414    952
  1415    952
  1416    952
  1417    952
  1418    952
  1419    952
  1420    952
  1390    953
  1391    953
  1392    953
  1393    953
  1394    953
  1395    953
  1396    953
  1397    953
  1398    953
  1399    953
  1400    953
  1401    953
  1402    953
  1403    953
  1404    953
  1405    953
  1406    953
  1407    953
  1408    953
  1409    953
  1410    953
  1414    953
  1415    953
  1416    953
  1417    953
  1418    953
  1419    953
  1420    953
  1421    953
  1422    953
  1423    953
  1391    954
  1392    954
  1393    954
  1394    954
  1395    954
  1396    954
  1397    954
  1398    954
  1399    954
  1400    954
  1401    954
  1402    954
  1403    954
  1404    954
  1405    954
  1406    954
  1407    954
  1408    954
  1409    954
  1415    954
  1416    954
  1417    954
  1418    954
  1419    954
  1420    954
  1421    954
  1422    954
  1423    954
  1424    954
  1392    955
  1393    955
  1394    955
  1395    955
  1396    955
  1398    955
  1399    955
  1400    955
  1401    955
  1402    955
  1403    955
  1404    955
  1405    955
  1415    955
  1416    955
  1417    955
  1418    955
  1419    955
  1420    955
  1421    955
  1422    955
  1423    955
  1424    955
  1394    956
  1395    956
  1414    956
  1415    956
  1416    956
  1417    956
  1418    956
  1419    956
  1420    956
  1421    956
  1422    956
  1423    956
  1424    956
  1425    956
  1396    957
  1397    957
  1415    957
  1416    957
  1417    957
  1418    957
  1419    957
  1420    957
  1421    957
  1422    957
  1423    957
  1424    957
  1425    957
  1426    957
  1414    958
  1415    958
  1416    958
  1417    958
  1418    958
  1419    958
  1420    958
  1421    958
  1422    958
  1423    958
  1424    958
  1401    959
  1402    959
  1403    959
  1404    959
  1405    959
  1406    959
  1407    959
  1408    959
  1412    959
  1413    959
  1414    959
  1415    959
  1416    959
  1417    959
  1418    959
  1419    959
  1420    959
  1421    959
  1422    959
  1423    959
  1400    960
  1401    960
  1402    960
  1403    960
  1404    960
  1405    960
  1406    960
  1407    960
  1408    960
  1409    960
  1410    960
  1412    960
  1413    960
  1414    960
  1415    960
  1416    960
  1417    960
  1418    960
  1419    960
  1420    960
  1421    960
  1422    960
  1423    960
  1424    960
  1425    960
  1426    960
  1427    960
  1428    960
  1398    961
  1399    961
  1400    961
  1401    961
  1402    961
  1403    961
  1404    961
  1405    961
  1406    961
  1407    961
  1408    961
  1409    961
  1410    961
  1411    961
  1413    961
  1414    961
  1415    961
  1416    961
  1417    961
  1418    961
  1419    961
  1420    961
  1421    961
  1422    961
  1423    961
  1424    961
  1425    961
  1426    961
  1427    961
  1428    961
  1429    961
  1430    961
  1398    962
  1399    962
  1400    962
  1401    962
  1402    962
  1403    962
  1404    962
  1405    962
  1406    962
  1407    962
  1408    962
  1409    962
  1410    962
  1411    962
  1414    962
  1415    962
  1416    962
  1417    962
  1418    962
  1419    962
  1420    962
  1421    962
  1422    962
  1423    962
  1424    962
  1425    962
  1426    962
  1427    962
  1428    962
  1429    962
  1430    962
  1431    962
  1432    962
  1399    963
  1400    963
  1401    963
  1402    963
  1403    963
  1404    963
  1405    963
  1406    963
  1407    963
  1408    963
  1409    963
  1410    963
  1411    963
  1412    963
  1416    963
  1417    963
  1418    963
  1419    963
  1420    963
  1421    963
  1422    963
  1423    963
  1424    963
  1425    963
  1426    963
  1427    963
  1428    963
  1429    963
  1430    963
  1431    963
  1432    963
  1433    963
  1401    964
  1402    964
  1403    964
  1404    964
  1405    964
  1406    964
  1407    964
  1408    964
  1409    964
  1410    964
  1411    964
  1412    964
  1413    964
  1416    964
  1417    964
  1418    964
  1419    964
  1420    964
  1421    964
  1422    964
  1423    964
  1424    964
  1425    964
  1426    964
  1427    964
  1428    964
  1429    964
  1430    964
  1431    964
  1432    964
  1433    964
  1402    965
  1403    965
  1404    965
  1405    965
  1406    965
  1407    965
  1408    965
  1409    965
  1410    965
  1411    965
  1412    965
  1413    965
  1414    965
  1415    965
  1416    965
  1417    965
  1418    965
  1419    965
  1420    965
  1421    965
  1422    965
  1423    965
  1424    965
  1425    965
  1426    965
  1427    965
  1428    965
  1429    965
  1430    965
  1431    965
  1432    965
  1433    965
  1434    965
  1403    966
  1404    966
  1405    966
  1406    966
  1407    966
  1408    966
  1409    966
  1410    966
  1411    966
  1412    966
  1413    966
  1414    966
  1415    966
  1416    966
  1417    966
  1418    966
  1419    966
  1420    966
  1421    966
  1422    966
  1423    966
  1424    966
  1425    966
  1426    966
  1427    966
  1428    966
  1429    966
  1430    966
  1431    966
  1432    966
  1433    966
  1434    966
  1404    967
  1405    967
  1406    967
  1407    967
  1408    967
  1409    967
  1410    967
  1411    967
  1412    967
  1413    967
  1414    967
  1415    967
  1416    967
  1417    967
  1418    967
  1419    967
  1420    967
  1421    967
  1422    967
  1423    967
  1424    967
  1425    967
  1426    967
  1427    967
  1428    967
  1429    967
  1430    967
  1431    967
  1432    967
  1433    967
  1434    967
  1405    968
  1406    968
  1407    968
  1408    968
  1409    968
  1410    968
  1411    968
  1412    968
  1413    968
  1414    968
  1415    968
  1416    968
  1417    968
  1418    968
  1419    968
  1420    968
  1421    968
  1422    968
  1423    968
  1424    968
  1425    968
  1426    968
  1427    968
  1428    968
  1429    968
  1430    968
  1431    968
  1432    968
  1433    968
  1434    968
  1435    968
  1407    969
  1408    969
  1409    969
  1410    969
  1411    969
  1412    969
  1413    969
  1414    969
  1415    969
  1416    969
  1417    969
  1418    969
  1419    969
  1420    969
  1421    969
  1422    969
  1423    969
  1424    969
  1425    969
  1426    969
  1427    969
  1428    969
  1429    969
  1430    969
  1431    969
  1432    969
  1433    969
  1434    969
  1435    969
  1436    969
  1409    970
  1410    970
  1411    970
  1412    970
  1413    970
  1414    970
  1415    970
  1416    970
  1417    970
  1418    970
  1419    970
  1420    970
  1421    970
  1422    970
  1423    970
  1424    970
  1425    970
  1426    970
  1427    970
  1428    970
  1429    970
  1430    970
  1431    970
  1432    970
  1411    971
  1412    971
  1413    971
  1414    971
  1415    971
  1416    971
  1417    971
  1418    971
  1419    971
  1420    971
  1421    971
  1422    971
  1423    971
  1424    971
  1425    971
  1426    971
  1427    971
  1428    971
  1429    971
  1430    971
  1431    971
  1432    971
  1433    971
  1412    972
  1413    972
  1414    972
  1415    972
  1416    972
  1417    972
  1418    972
  1419    972
  1420    972
  1421    972
  1422    972
  1423    972
  1424    972
  1425    972
  1426    972
  1427    972
  1428    972
  1429    972
  1430    972
  1431    972
  1432    972
  1433    972
  1434    972
  1415    973
  1416    973
  1417    973
  1418    973
  1419    973
  1420    973
  1421    973
  1422    973
  1423    973
  1424    973
  1425    973
  1426    973
  1427    973
  1428    973
  1429    973
  1430    973
  1431    973
  1432    973
  1433    973
  1434    973
  1445    973
  1446    973
  1447    973
  1419    974
  1420    974
  1421    974
  1422    974
  1423    974
  1424    974
  1425    974
  1426    974
  1427    974
  1428    974
  1429    974
  1430    974
  1431    974
  1432    974
  1433    974
  1434    974
  1435    974
  1436    974
  1444    974
  1445    974
  1446    974
  1447    974
  1448    974
  1449    974
  1422    975
  1423    975
  1424    975
  1425    975
  1426    975
  1427    975
  1428    975
  1429    975
  1430    975
  1431    975
  1432    975
  1433    975
  1434    975
  1435    975
  1436    975
  1437    975
  1438    975
  1439    975
  1445    975
  1446    975
  1447    975
  1448    975
  1449    975
  1450    975
  1423    976
  1424    976
  1425    976
  1426    976
  1427    976
  1428    976
  1429    976
  1430    976
  1431    976
  1432    976
  1433    976
  1434    976
  1435    976
  1436    976
  1437    976
  1438    976
  1439    976
  1440    976
  1446    976
  1447    976
  1448    976
  1449    976
  1450    976
  1451    976
  1452    976
  1426    977
  1427    977
  1428    977
  1429    977
  1430    977
  1431    977
  1432    977
  1433    977
  1434    977
  1435    977
  1436    977
  1437    977
  1438    977
  1439    977
  1440    977
  1441    977
  1442    977
  1443    977
  1444    977
  1447    977
  1448    977
  1449    977
  1450    977
  1451    977
  1452    977
  1453    977
  1432    978
  1433    978
  1434    978
  1435    978
  1436    978
  1437    978
  1438    978
  1439    978
  1440    978
  1441    978
  1442    978
  1443    978
  1444    978
  1445    978
  1446    978
  1450    978
  1451    978
  1452    978
  1453    978
  1434    979
  1435    979
  1436    979
  1437    979
  1438    979
  1439    979
  1440    979
  1441    979
  1442    979
  1443    979
  1444    979
  1445    979
  1446    979
  1447    979
  1448    979
  1449    979
  1450    979
  1435    980
  1436    980
  1437    980
  1438    980
  1439    980
  1440    980
  1441    980
  1442    980
  1443    980
  1444    980
  1445    980
  1446    980
  1447    980
  1448    980
  1449    980
  1450    980
  1451    980
  1437    981
  1438    981
  1439    981
  1440    981
  1441    981
  1442    981
  1443    981
  1444    981
  1445    981
  1446    981
  1447    981
  1448    981
  1449    981
  1450    981
  1451    981
  1452    981
  1453    981
  1454    981
  1437    982
  1438    982
  1439    982
  1440    982
  1441    982
  1442    982
  1443    982
  1444    982
  1445    982
  1446    982
  1447    982
  1448    982
  1449    982
  1450    982
  1451    982
  1452    982
  1453    982
  1454    982
  1455    982
  1439    983
  1440    983
  1441    983
  1442    983
  1443    983
  1444    983
  1445    983
  1446    983
  1447    983
  1448    983
  1449    983
  1450    983
  1451    983
  1452    983
  1453    983
  1454    983
  1455    983
  1456    983
  1439    984
  1440    984
  1441    984
  1442    984
  1443    984
  1444    984
  1445    984
  1446    984
  1447    984
  1448    984
  1449    984
  1450    984
  1451    984
  1452    984
  1453    984
  1454    984
  1455    984
  1456    984
  1457    984
  1440    985
  1441    985
  1442    985
  1443    985
  1444    985
  1445    985
  1446    985
  1447    985
  1448    985
  1449    985
  1450    985
  1451    985
  1452    985
  1453    985
  1454    985
  1455    985
  1456    985
  1457    985
  1441    986
  1442    986
  1443    986
  1444    986
  1445    986
  1446    986
  1447    986
  1448    986
  1449    986
  1450    986
  1451    986
  1452    986
  1453    986
  1454    986
  1455    986
  1456    986
  1457    986
  1458    986
  1444    987
  1445    987
  1446    987
  1450    987
  1451    987
  1456    987
  1457    987
  1458    987
  1459    987
  1458    988
  1459    988
  1459    989
  1460    989
  1461    989
