  1817    828
  1818    828
  1819    828
  1820    828
  1812    829
  1813    829
  1814    829
  1815    829
  1816    829
  1817    829
  1818    829
  1819    829
  1820    829
  1821    829
  1822    829
  1823    829
  1824    829
  1825    829
  1826    829
  1827    829
  1806    830
  1807    830
  1808    830
  1809    830
  1810    830
  1811    830
  1812    830
  1813    830
  1814    830
  1815    830
  1816    830
  1817    830
  1818    830
  1819    830
  1820    830
  1821    830
  1822    830
  1823    830
  1824    830
  1825    830
  1826    830
  1827    830
  1828    830
  1829    830
  1830    830
  1831    830
  1803    831
  1804    831
  1805    831
  1806    831
  1807    831
  1808    831
  1809    831
  1810    831
  1811    831
  1812    831
  1813    831
  1814    831
  1815    831
  1816    831
  1817    831
  1818    831
  1819    831
  1820    831
  1821    831
  1822    831
  1823    831
  1824    831
  1825    831
  1826    831
  1827    831
  1828    831
  1829    831
  1830    831
  1797    832
  1798    832
  1799    832
  1800    832
  1801    832
  1802    832
  1803    832
  1804    832
  1805    832
  1806    832
  1807    832
  1808    832
  1809    832
  1810    832
  1811    832
  1812    832
  1813    832
  1814    832
  1815    832
  1816    832
  1817    832
  1818    832
  1819    832
  1820    832
  1821    832
  1822    832
  1823    832
  1824    832
  1825    832
  1826    832
  1827    832
  1828    832
  1792    833
  1793    833
  1794    833
  1795    833
  1796    833
  1797    833
  1798    833
  1799    833
  1800    833
  1801    833
  1802    833
  1803    833
  1804    833
  1805    833
  1806    833
  1807    833
  1808    833
  1809    833
  1810    833
  1811    833
  1812    833
  1813    833
  1814    833
  1815    833
  1816    833
  1817    833
  1818    833
  1819    833
  1820    833
  1821    833
  1822    833
  1823    833
  1787    834
  1788    834
  1789    834
  1790    834
  1791    834
  1792    834
  1793    834
  1794    834
  1795    834
  1796    834
  1797    834
  1798    834
  1799    834
  1800    834
  1801    834
  1802    834
  1803    834
  1804    834
  1805    834
  1806    834
  1807    834
  1808    834
  1809    834
  1810    834
  1811    834
  1812    834
  1813    834
  1814    834
  1815    834
  1816    834
  1817    834
  1781    835
  1782    835
  1783    835
  1784    835
  1785    835
  1786    835
  1787    835
  1788    835
  1789    835
  1790    835
  1791    835
  1792    835
  1793    835
  1794    835
  1795    835
  1796    835
  1797    835
  1798    835
  1799    835
  1800    835
  1801    835
  1802    835
  1803    835
  1804    835
  1805    835
  1806    835
  1807    835
  1808    835
  1809    835
  1810    835
  1811    835
  1812    835
  1813    835
  1814    835
  1776    836
  1777    836
  1778    836
  1779    836
  1780    836
  1781    836
  1782    836
  1783    836
  1784    836
  1785    836
  1786    836
  1787    836
  1788    836
  1789    836
  1790    836
  1791    836
  1792    836
  1793    836
  1794    836
  1795    836
  1796    836
  1797    836
  1798    836
  1799    836
  1800    836
  1801    836
  1802    836
  1803    836
  1804    836
  1805    836
  1806    836
  1807    836
  1808    836
  1809    836
  1772    837
  1773    837
  1774    837
  1775    837
  1776    837
  1777    837
  1778    837
  1779    837
  1780    837
  1781    837
  1782    837
  1783    837
  1784    837
  1785    837
  1786    837
  1787    837
  1788    837
  1789    837
  1790    837
  1791    837
  1792    837
  1793    837
  1794    837
  1795    837
  1796    837
  1797    837
  1798    837
  1799    837
  1800    837
  1801    837
  1802    837
  1803    837
  1766    838
  1767    838
  1768    838
  1769    838
  1770    838
  1771    838
  1772    838
  1773    838
  1774    838
  1775    838
  1776    838
  1777    838
  1778    838
  1779    838
  1780    838
  1781    838
  1782    838
  1783    838
  1784    838
  1785    838
  1786    838
  1787    838
  1788    838
  1789    838
  1790    838
  1791    838
  1792    838
  1793    838
  1794    838
  1795    838
  1796    838
  1797    838
  1798    838
  1799    838
  1762    839
  1763    839
  1764    839
  1765    839
  1766    839
  1767    839
  1768    839
  1769    839
  1770    839
  1771    839
  1772    839
  1773    839
  1774    839
  1775    839
  1776    839
  1777    839
  1778    839
  1779    839
  1780    839
  1781    839
  1782    839
  1783    839
  1784    839
  1785    839
  1786    839
  1787    839
  1788    839
  1789    839
  1790    839
  1791    839
  1792    839
  1793    839
  1794    839
  1756    840
  1757    840
  1758    840
  1759    840
  1760    840
  1761    840
  1762    840
  1763    840
  1764    840
  1765    840
  1766    840
  1767    840
  1768    840
  1769    840
  1770    840
  1771    840
  1772    840
  1773    840
  1774    840
  1775    840
  1776    840
  1777    840
  1778    840
  1779    840
  1780    840
  1781    840
  1782    840
  1783    840
  1784    840
  1785    840
  1786    840
  1787    840
  1788    840
  1789    840
  1750    841
  1751    841
  1752    841
  1753    841
  1754    841
  1755    841
  1756    841
  1757    841
  1758    841
  1759    841
  1760    841
  1761    841
  1762    841
  1763    841
  1764    841
  1765    841
  1766    841
  1767    841
  1768    841
  1769    841
  1770    841
  1771    841
  1772    841
  1773    841
  1774    841
  1775    841
  1776    841
  1777    841
  1778    841
  1779    841
  1780    841
  1781    841
  1782    841
  1783    841
  1784    841
  1785    841
  1745    842
  1746    842
  1747    842
  1748    842
  1749    842
  1750    842
  1751    842
  1752    842
  1753    842
  1754    842
  1755    842
  1756    842
  1757    842
  1758    842
  1759    842
  1760    842
  1761    842
  1762    842
  1763    842
  1764    842
  1765    842
  1766    842
  1767    842
  1768    842
  1769    842
  1770    842
  1771    842
  1772    842
  1773    842
  1774    842
  1775    842
  1776    842
  1777    842
  1778    842
  1779    842
  1780    842
  1743    843
  1744    843
  1745    843
  1746    843
  1747    843
  1748    843
  1749    843
  1750    843
  1751    843
  1752    843
  1753    843
  1754    843
  1755    843
  1756    843
  1757    843
  1758    843
  1759    843
  1760    843
  1761    843
  1762    843
  1763    843
  1764    843
  1765    843
  1766    843
  1767    843
  1768    843
  1769    843
  1770    843
  1771    843
  1772    843
  1773    843
  1743    844
  1744    844
  1745    844
  1746    844
  1747    844
  1748    844
  1749    844
  1750    844
  1751    844
  1752    844
  1753    844
  1754    844
  1755    844
  1756    844
  1757    844
  1758    844
  1759    844
  1760    844
  1761    844
  1762    844
  1763    844
  1764    844
  1765    844
  1766    844
  1767    844
  1768    844
  1769    844
  1770    844
  1747    845
  1748    845
  1749    845
  1750    845
  1751    845
  1752    845
  1753    845
  1754    845
  1755    845
  1756    845
  1757    845
  1758    845
  1759    845
  1760    845
  1761    845
  1762    845
  1763    845
  1764    845
  1753    846
  1754    846
  1755    846
  1756    846
  1757    846
  1758    846
  1759    846
