  1917    806
  1918    806
  1919    806
  1912    807
  1913    807
  1914    807
  1915    807
  1916    807
  1917    807
  1918    807
  1919    807
  1906    808
  1907    808
  1908    808
  1909    808
  1910    808
  1911    808
  1912    808
  1913    808
  1914    808
  1915    808
  1916    808
  1917    808
  1918    808
  1919    808
  1903    809
  1904    809
  1905    809
  1906    809
  1907    809
  1908    809
  1909    809
  1910    809
  1911    809
  1912    809
  1913    809
  1914    809
  1915    809
  1916    809
  1917    809
  1918    809
  1919    809
  1898    810
  1899    810
  1900    810
  1901    810
  1902    810
  1903    810
  1904    810
  1905    810
  1906    810
  1907    810
  1908    810
  1909    810
  1910    810
  1911    810
  1912    810
  1913    810
  1914    810
  1915    810
  1916    810
  1917    810
  1918    810
  1919    810
  1895    811
  1896    811
  1897    811
  1898    811
  1899    811
  1900    811
  1901    811
  1902    811
  1903    811
  1904    811
  1905    811
  1906    811
  1907    811
  1908    811
  1909    811
  1910    811
  1911    811
  1912    811
  1913    811
  1914    811
  1915    811
  1916    811
  1917    811
  1918    811
  1892    812
  1893    812
  1894    812
  1895    812
  1896    812
  1897    812
  1898    812
  1899    812
  1900    812
  1901    812
  1902    812
  1903    812
  1904    812
  1905    812
  1906    812
  1907    812
  1908    812
  1909    812
  1910    812
  1911    812
  1912    812
  1913    812
  1891    813
  1892    813
  1893    813
  1894    813
  1895    813
  1896    813
  1897    813
  1898    813
  1899    813
  1900    813
  1901    813
  1902    813
  1903    813
  1904    813
  1905    813
  1906    813
  1907    813
  1908    813
  1909    813
  1893    814
  1894    814
  1895    814
  1896    814
  1897    814
  1898    814
  1899    814
  1900    814
  1901    814
  1902    814
  1903    814
  1904    814
  1905    814
