  1682    797
  1683    797
  1684    797
  1685    797
  1686    797
  1687    797
  1688    797
  1689    797
  1690    797
  1691    797
  1692    797
  1693    797
  1694    797
  1695    797
  1696    797
  1697    797
  1698    797
  1699    797
  1679    798
  1680    798
  1681    798
  1682    798
  1683    798
  1684    798
  1685    798
  1686    798
  1687    798
  1688    798
  1689    798
  1690    798
  1691    798
  1692    798
  1693    798
  1694    798
  1695    798
  1696    798
  1697    798
  1676    799
  1677    799
  1678    799
  1679    799
  1680    799
  1681    799
  1682    799
  1683    799
  1684    799
  1685    799
  1686    799
  1687    799
  1688    799
  1689    799
  1690    799
  1691    799
  1692    799
  1693    799
  1674    800
  1675    800
  1676    800
  1677    800
  1678    800
  1679    800
  1680    800
  1681    800
  1682    800
  1683    800
  1684    800
  1685    800
  1686    800
  1687    800
  1688    800
  1689    800
  1690    800
  1691    800
  1671    801
  1672    801
  1673    801
  1674    801
  1675    801
  1676    801
  1677    801
  1678    801
  1679    801
  1680    801
  1681    801
  1682    801
  1683    801
  1684    801
  1685    801
  1686    801
  1687    801
  1688    801
  1668    802
  1669    802
  1670    802
  1671    802
  1672    802
  1673    802
  1674    802
  1675    802
  1676    802
  1677    802
  1678    802
  1679    802
  1680    802
  1681    802
  1682    802
  1683    802
  1684    802
  1665    803
  1666    803
  1667    803
  1668    803
  1669    803
  1670    803
  1671    803
  1672    803
  1673    803
  1674    803
  1675    803
  1676    803
  1677    803
  1678    803
  1679    803
  1680    803
  1681    803
  1682    803
  1662    804
  1663    804
  1664    804
  1665    804
  1666    804
  1667    804
  1668    804
  1669    804
  1670    804
  1671    804
  1672    804
  1673    804
  1674    804
  1675    804
  1676    804
  1677    804
  1678    804
  1679    804
  1659    805
  1660    805
  1661    805
  1662    805
  1663    805
  1664    805
  1665    805
  1666    805
  1667    805
  1668    805
  1669    805
  1670    805
  1671    805
  1672    805
  1673    805
  1674    805
  1675    805
  1676    805
  1656    806
  1657    806
  1658    806
  1659    806
  1660    806
  1661    806
  1662    806
  1663    806
  1664    806
  1665    806
  1666    806
  1667    806
  1668    806
  1669    806
  1670    806
  1671    806
  1672    806
  1673    806
  1654    807
  1655    807
  1656    807
  1657    807
  1658    807
  1659    807
  1660    807
  1661    807
  1662    807
  1663    807
  1664    807
  1665    807
  1666    807
  1667    807
  1668    807
  1669    807
  1670    807
  1651    808
  1652    808
  1653    808
  1654    808
  1655    808
  1656    808
  1657    808
  1658    808
  1659    808
  1660    808
  1661    808
  1662    808
  1663    808
  1664    808
  1665    808
  1666    808
  1667    808
  1668    808
  1648    809
  1649    809
  1650    809
  1651    809
  1652    809
  1653    809
  1654    809
  1655    809
  1656    809
  1657    809
  1658    809
  1659    809
  1660    809
  1661    809
  1662    809
  1663    809
  1664    809
  1665    809
  1666    809
  1645    810
  1646    810
  1647    810
  1648    810
  1649    810
  1650    810
  1651    810
  1652    810
  1653    810
  1654    810
  1655    810
  1656    810
  1657    810
  1658    810
  1659    810
  1660    810
  1661    810
  1662    810
  1663    810
  1642    811
  1643    811
  1644    811
  1645    811
  1646    811
  1647    811
  1648    811
  1649    811
  1650    811
  1651    811
  1652    811
  1653    811
  1654    811
  1655    811
  1656    811
  1657    811
  1658    811
  1659    811
  1660    811
  1639    812
  1640    812
  1641    812
  1642    812
  1643    812
  1644    812
  1645    812
  1646    812
  1647    812
  1648    812
  1649    812
  1650    812
  1651    812
  1652    812
  1653    812
  1654    812
  1655    812
  1656    812
  1657    812
  1658    812
  1636    813
  1637    813
  1638    813
  1639    813
  1640    813
  1641    813
  1642    813
  1643    813
  1644    813
  1645    813
  1646    813
  1647    813
  1648    813
  1649    813
  1650    813
  1651    813
  1652    813
  1653    813
  1654    813
  1655    813
  1656    813
  1635    814
  1636    814
  1637    814
  1638    814
  1639    814
  1640    814
  1641    814
  1642    814
  1643    814
  1644    814
  1645    814
  1646    814
  1647    814
  1648    814
  1649    814
  1650    814
  1651    814
  1652    814
  1653    814
  1633    815
  1634    815
  1635    815
  1636    815
  1637    815
  1638    815
  1639    815
  1640    815
  1641    815
  1642    815
  1643    815
  1644    815
  1645    815
  1646    815
  1647    815
  1648    815
  1649    815
  1650    815
  1651    815
  1630    816
  1631    816
  1632    816
  1633    816
  1634    816
  1635    816
  1636    816
  1637    816
  1638    816
  1639    816
  1640    816
  1641    816
  1642    816
  1643    816
  1644    816
  1645    816
  1646    816
  1647    816
  1648    816
  1627    817
  1628    817
  1629    817
  1630    817
  1631    817
  1632    817
  1633    817
  1634    817
  1635    817
  1636    817
  1637    817
  1638    817
  1639    817
  1640    817
  1641    817
  1642    817
  1643    817
  1644    817
  1645    817
  1646    817
  1625    818
  1626    818
  1627    818
  1628    818
  1629    818
  1630    818
  1631    818
  1632    818
  1633    818
  1634    818
  1635    818
  1636    818
  1637    818
  1638    818
  1639    818
  1640    818
  1641    818
  1642    818
  1643    818
  1644    818
  1623    819
  1624    819
  1625    819
  1626    819
  1627    819
  1628    819
  1629    819
  1630    819
  1631    819
  1632    819
  1633    819
  1634    819
  1635    819
  1636    819
  1637    819
  1638    819
  1639    819
  1640    819
  1641    819
  1642    819
  1619    820
  1620    820
  1621    820
  1622    820
  1623    820
  1624    820
  1625    820
  1626    820
  1627    820
  1628    820
  1629    820
  1630    820
  1631    820
  1632    820
  1633    820
  1634    820
  1635    820
  1636    820
  1637    820
  1638    820
  1639    820
  1640    820
  1617    821
  1618    821
  1619    821
  1620    821
  1621    821
  1622    821
  1623    821
  1624    821
  1625    821
  1626    821
  1627    821
  1628    821
  1629    821
  1630    821
  1631    821
  1632    821
  1633    821
  1634    821
  1635    821
  1636    821
  1637    821
  1638    821
  1616    822
  1617    822
  1618    822
  1619    822
  1620    822
  1621    822
  1622    822
  1623    822
  1624    822
  1625    822
  1626    822
  1627    822
  1628    822
  1629    822
  1630    822
  1631    822
  1632    822
  1633    822
  1634    822
  1635    822
  1636    822
  1614    823
  1615    823
  1616    823
  1617    823
  1618    823
  1619    823
  1620    823
  1621    823
  1622    823
  1623    823
  1624    823
  1625    823
  1626    823
  1627    823
  1628    823
  1629    823
  1630    823
  1631    823
  1632    823
  1633    823
  1634    823
  1614    824
  1615    824
  1616    824
  1617    824
  1618    824
  1619    824
  1620    824
  1621    824
  1622    824
  1623    824
  1624    824
  1625    824
  1626    824
  1627    824
  1628    824
  1629    824
  1630    824
  1631    824
  1632    824
  1612    825
  1613    825
  1614    825
  1615    825
  1616    825
  1617    825
  1618    825
  1619    825
  1620    825
  1621    825
  1622    825
  1623    825
  1624    825
  1625    825
  1626    825
  1627    825
  1628    825
  1629    825
  1630    825
  1631    825
  1607    826
  1608    826
  1610    826
  1611    826
  1612    826
  1613    826
  1614    826
  1615    826
  1616    826
  1617    826
  1618    826
  1619    826
  1620    826
  1621    826
  1622    826
  1623    826
  1624    826
  1625    826
  1626    826
  1627    826
  1628    826
  1629    826
  1605    827
  1606    827
  1607    827
  1608    827
  1609    827
  1610    827
  1611    827
  1612    827
  1613    827
  1614    827
  1615    827
  1616    827
  1617    827
  1618    827
  1619    827
  1620    827
  1621    827
  1622    827
  1623    827
  1624    827
  1625    827
  1626    827
  1627    827
  1607    828
  1608    828
  1609    828
  1610    828
  1611    828
  1612    828
  1613    828
  1614    828
  1615    828
  1616    828
  1617    828
  1618    828
  1619    828
  1620    828
  1621    828
  1622    828
  1623    828
  1624    828
  1625    828
  1604    829
  1605    829
  1606    829
  1607    829
  1608    829
  1609    829
  1610    829
  1611    829
  1612    829
  1613    829
  1614    829
  1615    829
  1616    829
  1617    829
  1618    829
  1619    829
  1620    829
  1621    829
  1622    829
  1623    829
  1602    830
  1603    830
  1604    830
  1605    830
  1606    830
  1607    830
  1608    830
  1609    830
  1610    830
  1611    830
  1612    830
  1613    830
  1614    830
  1615    830
  1616    830
  1617    830
  1618    830
  1619    830
  1620    830
  1621    830
  1622    830
  1600    831
  1601    831
  1602    831
  1603    831
  1604    831
  1605    831
  1606    831
  1607    831
  1608    831
  1609    831
  1610    831
  1611    831
  1612    831
  1613    831
  1614    831
  1615    831
  1616    831
  1617    831
  1618    831
  1619    831
  1620    831
  1598    832
  1599    832
  1600    832
  1601    832
  1602    832
  1603    832
  1604    832
  1605    832
  1606    832
  1607    832
  1608    832
  1609    832
  1610    832
  1611    832
  1612    832
  1613    832
  1614    832
  1615    832
  1616    832
  1617    832
  1618    832
  1597    833
  1598    833
  1599    833
  1600    833
  1601    833
  1602    833
  1603    833
  1604    833
  1605    833
  1606    833
  1607    833
  1608    833
  1609    833
  1610    833
  1611    833
  1612    833
  1613    833
  1614    833
  1615    833
  1616    833
  1594    834
  1595    834
  1596    834
  1597    834
  1598    834
  1599    834
  1600    834
  1601    834
  1602    834
  1603    834
  1604    834
  1605    834
  1606    834
  1607    834
  1608    834
  1609    834
  1610    834
  1611    834
  1612    834
  1613    834
  1614    834
  1592    835
  1593    835
  1594    835
  1595    835
  1596    835
  1597    835
  1598    835
  1599    835
  1600    835
  1601    835
  1602    835
  1603    835
  1604    835
  1605    835
  1606    835
  1607    835
  1608    835
  1609    835
  1610    835
  1611    835
  1612    835
  1590    836
  1591    836
  1592    836
  1593    836
  1594    836
  1595    836
  1596    836
  1597    836
  1598    836
  1599    836
  1600    836
  1601    836
  1602    836
  1603    836
  1604    836
  1605    836
  1606    836
  1607    836
  1608    836
  1609    836
  1610    836
  1588    837
  1589    837
  1590    837
  1591    837
  1592    837
  1593    837
  1594    837
  1595    837
  1596    837
  1597    837
  1598    837
  1599    837
  1600    837
  1601    837
  1602    837
  1603    837
  1604    837
  1605    837
  1606    837
  1607    837
  1608    837
  1586    838
  1587    838
  1588    838
  1589    838
  1590    838
  1591    838
  1592    838
  1593    838
  1594    838
  1595    838
  1596    838
  1597    838
  1598    838
  1599    838
  1600    838
  1601    838
  1602    838
  1603    838
  1604    838
  1605    838
  1606    838
  1607    838
  1584    839
  1585    839
  1586    839
  1587    839
  1588    839
  1589    839
  1590    839
  1591    839
  1592    839
  1593    839
  1594    839
  1595    839
  1596    839
  1597    839
  1598    839
  1599    839
  1600    839
  1601    839
  1602    839
  1603    839
  1604    839
  1582    840
  1583    840
  1584    840
  1585    840
  1586    840
  1587    840
  1588    840
  1589    840
  1590    840
  1591    840
  1592    840
  1593    840
  1594    840
  1595    840
  1596    840
  1597    840
  1598    840
  1599    840
  1600    840
  1601    840
  1602    840
  1580    841
  1581    841
  1582    841
  1583    841
  1584    841
  1585    841
  1586    841
  1587    841
  1588    841
  1589    841
  1590    841
  1591    841
  1592    841
  1593    841
  1594    841
  1595    841
  1596    841
  1597    841
  1598    841
  1599    841
  1600    841
  1601    841
  1578    842
  1579    842
  1580    842
  1581    842
  1582    842
  1583    842
  1584    842
  1585    842
  1586    842
  1587    842
  1588    842
  1589    842
  1590    842
  1591    842
  1592    842
  1593    842
  1594    842
  1595    842
  1596    842
  1597    842
  1598    842
  1599    842
  1577    843
  1578    843
  1579    843
  1580    843
  1581    843
  1582    843
  1583    843
  1584    843
  1585    843
  1586    843
  1587    843
  1588    843
  1589    843
  1590    843
  1591    843
  1592    843
  1593    843
  1594    843
  1595    843
  1596    843
  1597    843
  1574    844
  1575    844
  1576    844
  1577    844
  1578    844
  1579    844
  1580    844
  1581    844
  1582    844
  1583    844
  1584    844
  1585    844
  1586    844
  1587    844
  1588    844
  1589    844
  1590    844
  1591    844
  1592    844
  1593    844
  1594    844
  1595    844
  1596    844
  1573    845
  1574    845
  1575    845
  1576    845
  1577    845
  1578    845
  1579    845
  1580    845
  1581    845
  1582    845
  1583    845
  1584    845
  1585    845
  1586    845
  1587    845
  1588    845
  1589    845
  1590    845
  1591    845
  1592    845
  1593    845
  1594    845
  1571    846
  1572    846
  1573    846
  1574    846
  1575    846
  1576    846
  1577    846
  1578    846
  1579    846
  1580    846
  1581    846
  1582    846
  1583    846
  1584    846
  1585    846
  1586    846
  1587    846
  1588    846
  1589    846
  1590    846
  1591    846
  1592    846
  1569    847
  1570    847
  1571    847
  1572    847
  1573    847
  1574    847
  1575    847
  1576    847
  1577    847
  1578    847
  1579    847
  1580    847
  1581    847
  1582    847
  1583    847
  1584    847
  1585    847
  1586    847
  1587    847
  1588    847
  1589    847
  1590    847
  1568    848
  1569    848
  1570    848
  1571    848
  1572    848
  1573    848
  1574    848
  1575    848
  1576    848
  1577    848
  1578    848
  1579    848
  1580    848
  1581    848
  1582    848
  1583    848
  1584    848
  1585    848
  1586    848
  1587    848
  1588    848
  1565    849
  1566    849
  1567    849
  1568    849
  1569    849
  1570    849
  1571    849
  1572    849
  1573    849
  1574    849
  1575    849
  1576    849
  1577    849
  1578    849
  1579    849
  1580    849
  1581    849
  1582    849
  1583    849
  1584    849
  1585    849
  1586    849
  1564    850
  1565    850
  1566    850
  1567    850
  1568    850
  1569    850
  1570    850
  1571    850
  1572    850
  1573    850
  1574    850
  1575    850
  1576    850
  1577    850
  1578    850
  1579    850
  1580    850
  1581    850
  1582    850
  1583    850
  1584    850
  1585    850
  1562    851
  1563    851
  1564    851
  1565    851
  1566    851
  1567    851
  1568    851
  1569    851
  1570    851
  1571    851
  1572    851
  1573    851
  1574    851
  1575    851
  1576    851
  1577    851
  1578    851
  1579    851
  1580    851
  1581    851
  1582    851
  1583    851
  1560    852
  1561    852
  1562    852
  1563    852
  1564    852
  1565    852
  1566    852
  1567    852
  1568    852
  1569    852
  1570    852
  1571    852
  1572    852
  1573    852
  1574    852
  1575    852
  1576    852
  1577    852
  1578    852
  1579    852
  1580    852
  1581    852
  1558    853
  1559    853
  1560    853
  1561    853
  1562    853
  1563    853
  1564    853
  1565    853
  1566    853
  1567    853
  1568    853
  1569    853
  1570    853
  1571    853
  1572    853
  1573    853
  1574    853
  1575    853
  1576    853
  1577    853
  1578    853
  1579    853
  1556    854
  1557    854
  1558    854
  1559    854
  1560    854
  1561    854
  1562    854
  1563    854
  1564    854
  1565    854
  1566    854
  1567    854
  1568    854
  1569    854
  1570    854
  1571    854
  1572    854
  1573    854
  1574    854
  1575    854
  1576    854
  1577    854
  1578    854
  1555    855
  1556    855
  1557    855
  1558    855
  1559    855
  1560    855
  1561    855
  1562    855
  1563    855
  1564    855
  1565    855
  1566    855
  1567    855
  1568    855
  1569    855
  1570    855
  1571    855
  1572    855
  1573    855
  1574    855
  1575    855
  1576    855
  1553    856
  1554    856
  1555    856
  1556    856
  1557    856
  1558    856
  1559    856
  1560    856
  1561    856
  1562    856
  1563    856
  1564    856
  1565    856
  1566    856
  1567    856
  1568    856
  1569    856
  1570    856
  1571    856
  1572    856
  1573    856
  1574    856
  1575    856
  1551    857
  1552    857
  1553    857
  1554    857
  1555    857
  1556    857
  1557    857
  1558    857
  1559    857
  1560    857
  1561    857
  1562    857
  1563    857
  1564    857
  1565    857
  1566    857
  1567    857
  1568    857
  1569    857
  1570    857
  1571    857
  1572    857
  1573    857
  1549    858
  1550    858
  1551    858
  1552    858
  1553    858
  1554    858
  1555    858
  1556    858
  1557    858
  1558    858
  1559    858
  1560    858
  1561    858
  1562    858
  1563    858
  1564    858
  1565    858
  1566    858
  1567    858
  1568    858
  1569    858
  1570    858
  1571    858
  1547    859
  1548    859
  1549    859
  1550    859
  1551    859
  1552    859
  1553    859
  1554    859
  1555    859
  1556    859
  1557    859
  1558    859
  1559    859
  1560    859
  1561    859
  1562    859
  1563    859
  1564    859
  1565    859
  1566    859
  1567    859
  1568    859
  1569    859
  1570    859
  1546    860
  1547    860
  1548    860
  1549    860
  1550    860
  1551    860
  1552    860
  1553    860
  1554    860
  1555    860
  1556    860
  1557    860
  1558    860
  1559    860
  1560    860
  1561    860
  1562    860
  1563    860
  1564    860
  1565    860
  1566    860
  1567    860
  1568    860
  1544    861
  1545    861
  1546    861
  1547    861
  1548    861
  1549    861
  1550    861
  1551    861
  1552    861
  1553    861
  1554    861
  1555    861
  1556    861
  1557    861
  1558    861
  1559    861
  1560    861
  1561    861
  1562    861
  1563    861
  1564    861
  1565    861
  1566    861
  1567    861
  1543    862
  1544    862
  1545    862
  1546    862
  1547    862
  1548    862
  1549    862
  1550    862
  1551    862
  1552    862
  1553    862
  1554    862
  1555    862
  1556    862
  1557    862
  1558    862
  1559    862
  1560    862
  1561    862
  1562    862
  1563    862
  1564    862
  1565    862
  1542    863
  1543    863
  1544    863
  1545    863
  1546    863
  1547    863
  1548    863
  1549    863
  1550    863
  1551    863
  1552    863
  1553    863
  1554    863
  1555    863
  1556    863
  1557    863
  1558    863
  1559    863
  1560    863
  1561    863
  1562    863
  1563    863
  1564    863
  1540    864
  1541    864
  1542    864
  1543    864
  1544    864
  1545    864
  1546    864
  1547    864
  1548    864
  1549    864
  1550    864
  1551    864
  1552    864
  1553    864
  1554    864
  1555    864
  1556    864
  1557    864
  1558    864
  1559    864
  1560    864
  1561    864
  1562    864
  1538    865
  1539    865
  1540    865
  1541    865
  1542    865
  1543    865
  1544    865
  1545    865
  1546    865
  1547    865
  1548    865
  1549    865
  1550    865
  1551    865
  1552    865
  1553    865
  1554    865
  1555    865
  1556    865
  1557    865
  1558    865
  1559    865
  1560    865
  1537    866
  1538    866
  1539    866
  1540    866
  1541    866
  1542    866
  1543    866
  1544    866
  1545    866
  1546    866
  1547    866
  1548    866
  1549    866
  1550    866
  1551    866
  1552    866
  1553    866
  1554    866
  1555    866
  1556    866
  1557    866
  1558    866
  1535    867
  1536    867
  1537    867
  1538    867
  1539    867
  1540    867
  1541    867
  1542    867
  1543    867
  1544    867
  1545    867
  1546    867
  1547    867
  1548    867
  1549    867
  1550    867
  1551    867
  1552    867
  1553    867
  1554    867
  1555    867
  1556    867
  1557    867
  1534    868
  1535    868
  1536    868
  1537    868
  1538    868
  1539    868
  1540    868
  1541    868
  1542    868
  1543    868
  1544    868
  1545    868
  1546    868
  1547    868
  1548    868
  1549    868
  1550    868
  1551    868
  1552    868
  1553    868
  1554    868
  1555    868
  1556    868
  1532    869
  1533    869
  1534    869
  1535    869
  1536    869
  1537    869
  1538    869
  1539    869
  1540    869
  1541    869
  1542    869
  1543    869
  1544    869
  1545    869
  1546    869
  1547    869
  1548    869
  1549    869
  1550    869
  1551    869
  1552    869
  1553    869
  1554    869
  1530    870
  1531    870
  1532    870
  1533    870
  1534    870
  1535    870
  1536    870
  1537    870
  1538    870
  1539    870
  1540    870
  1541    870
  1542    870
  1543    870
  1544    870
  1545    870
  1546    870
  1547    870
  1548    870
  1549    870
  1550    870
  1551    870
  1552    870
  1529    871
  1530    871
  1531    871
  1532    871
  1533    871
  1534    871
  1535    871
  1536    871
  1537    871
  1538    871
  1539    871
  1540    871
  1541    871
  1542    871
  1543    871
  1544    871
  1545    871
  1546    871
  1547    871
  1548    871
  1549    871
  1550    871
  1551    871
  1527    872
  1528    872
  1529    872
  1530    872
  1531    872
  1532    872
  1533    872
  1534    872
  1535    872
  1536    872
  1537    872
  1538    872
  1539    872
  1540    872
  1541    872
  1542    872
  1543    872
  1544    872
  1545    872
  1546    872
  1547    872
  1548    872
  1549    872
  1525    873
  1526    873
  1527    873
  1528    873
  1529    873
  1530    873
  1531    873
  1532    873
  1533    873
  1534    873
  1535    873
  1536    873
  1537    873
  1538    873
  1539    873
  1540    873
  1541    873
  1542    873
  1543    873
  1544    873
  1545    873
  1546    873
  1547    873
  1548    873
  1524    874
  1525    874
  1526    874
  1527    874
  1528    874
  1529    874
  1530    874
  1531    874
  1532    874
  1533    874
  1534    874
  1535    874
  1536    874
  1537    874
  1538    874
  1539    874
  1540    874
  1541    874
  1542    874
  1543    874
  1544    874
  1545    874
  1546    874
  1547    874
  1523    875
  1524    875
  1525    875
  1526    875
  1527    875
  1528    875
  1529    875
  1530    875
  1531    875
  1532    875
  1533    875
  1534    875
  1535    875
  1536    875
  1537    875
  1538    875
  1539    875
  1540    875
  1541    875
  1542    875
  1543    875
  1544    875
  1545    875
  1521    876
  1522    876
  1523    876
  1524    876
  1525    876
  1526    876
  1527    876
  1528    876
  1529    876
  1530    876
  1531    876
  1532    876
  1533    876
  1534    876
  1535    876
  1536    876
  1537    876
  1538    876
  1539    876
  1540    876
  1541    876
  1542    876
  1543    876
  1544    876
  1520    877
  1521    877
  1522    877
  1523    877
  1524    877
  1525    877
  1526    877
  1527    877
  1528    877
  1529    877
  1530    877
  1531    877
  1532    877
  1533    877
  1534    877
  1535    877
  1536    877
  1537    877
  1538    877
  1539    877
  1540    877
  1541    877
  1542    877
  1543    877
  1518    878
  1519    878
  1520    878
  1521    878
  1522    878
  1523    878
  1524    878
  1525    878
  1526    878
  1527    878
  1528    878
  1529    878
  1530    878
  1531    878
  1532    878
  1533    878
  1534    878
  1535    878
  1536    878
  1537    878
  1538    878
  1539    878
  1540    878
  1541    878
  1542    878
  1516    879
  1517    879
  1518    879
  1519    879
  1520    879
  1521    879
  1522    879
  1523    879
  1524    879
  1525    879
  1526    879
  1527    879
  1528    879
  1529    879
  1530    879
  1531    879
  1532    879
  1533    879
  1534    879
  1535    879
  1536    879
  1537    879
  1538    879
  1539    879
  1540    879
  1515    880
  1516    880
  1517    880
  1518    880
  1519    880
  1520    880
  1521    880
  1522    880
  1523    880
  1524    880
  1525    880
  1526    880
  1527    880
  1528    880
  1529    880
  1530    880
  1531    880
  1532    880
  1533    880
  1534    880
  1535    880
  1536    880
  1537    880
  1538    880
  1514    881
  1515    881
  1516    881
  1517    881
  1518    881
  1519    881
  1520    881
  1521    881
  1522    881
  1523    881
  1524    881
  1525    881
  1526    881
  1527    881
  1528    881
  1529    881
  1530    881
  1531    881
  1532    881
  1533    881
  1534    881
  1535    881
  1536    881
  1537    881
  1512    882
  1513    882
  1514    882
  1515    882
  1516    882
  1517    882
  1518    882
  1519    882
  1520    882
  1521    882
  1522    882
  1523    882
  1524    882
  1525    882
  1526    882
  1527    882
  1528    882
  1529    882
  1530    882
  1531    882
  1532    882
  1533    882
  1534    882
  1535    882
  1536    882
  1510    883
  1511    883
  1512    883
  1513    883
  1514    883
  1515    883
  1516    883
  1517    883
  1518    883
  1519    883
  1520    883
  1521    883
  1522    883
  1523    883
  1524    883
  1525    883
  1526    883
  1527    883
  1528    883
  1529    883
  1530    883
  1531    883
  1532    883
  1533    883
  1534    883
  1535    883
  1509    884
  1510    884
  1511    884
  1512    884
  1513    884
  1514    884
  1515    884
  1516    884
  1517    884
  1518    884
  1519    884
  1520    884
  1521    884
  1522    884
  1523    884
  1524    884
  1525    884
  1526    884
  1527    884
  1528    884
  1529    884
  1530    884
  1531    884
  1532    884
  1533    884
  1534    884
  1508    885
  1509    885
  1510    885
  1511    885
  1512    885
  1513    885
  1514    885
  1515    885
  1516    885
  1517    885
  1518    885
  1519    885
  1520    885
  1521    885
  1522    885
  1523    885
  1524    885
  1525    885
  1526    885
  1527    885
  1528    885
  1529    885
  1530    885
  1531    885
  1532    885
  1508    886
  1509    886
  1510    886
  1511    886
  1512    886
  1513    886
  1514    886
  1515    886
  1516    886
  1517    886
  1518    886
  1519    886
  1520    886
  1521    886
  1522    886
  1523    886
  1524    886
  1525    886
  1526    886
  1527    886
  1528    886
  1529    886
  1530    886
  1531    886
  1509    887
  1510    887
  1511    887
  1512    887
  1513    887
  1514    887
  1515    887
  1516    887
  1517    887
  1518    887
  1519    887
  1520    887
  1521    887
  1522    887
  1523    887
  1524    887
  1525    887
  1526    887
  1527    887
  1528    887
  1529    887
  1510    888
  1511    888
  1512    888
  1513    888
  1514    888
  1515    888
  1516    888
  1517    888
  1518    888
  1519    888
  1520    888
  1521    888
  1522    888
  1523    888
  1524    888
  1525    888
  1526    888
  1527    888
  1528    888
  1512    889
  1513    889
  1514    889
  1515    889
  1516    889
  1517    889
  1520    889
  1521    889
  1522    889
  1523    889
  1524    889
  1525    889
  1526    889
  1514    890
  1515    890
  1516    890
  1517    890
  1518    890
  1519    890
  1520    890
  1521    890
  1522    890
  1523    890
  1524    890
  1519    891
  1520    891
  1521    891
  1522    891
