  1862    731
  1863    731
  1864    731
  1865    731
  1866    731
  1867    731
  1868    731
  1859    732
  1860    732
  1861    732
  1862    732
  1863    732
  1864    732
  1865    732
  1866    732
  1857    733
  1858    733
  1859    733
  1860    733
  1861    733
  1862    733
  1863    733
  1853    734
  1854    734
  1855    734
  1856    734
  1857    734
  1858    734
  1859    734
  1860    734
  1861    734
  1850    735
  1851    735
  1852    735
  1853    735
  1854    735
  1855    735
  1856    735
  1857    735
  1858    735
  1847    736
  1848    736
  1849    736
  1850    736
  1851    736
  1852    736
  1853    736
  1854    736
  1855    736
  1844    737
  1845    737
  1846    737
  1847    737
  1848    737
  1849    737
  1850    737
  1851    737
  1852    737
  1841    738
  1842    738
  1843    738
  1844    738
  1845    738
  1846    738
  1847    738
  1848    738
  1849    738
  1838    739
  1839    739
  1840    739
  1841    739
  1842    739
  1843    739
  1844    739
  1845    739
  1846    739
  1835    740
  1836    740
  1837    740
  1838    740
  1839    740
  1840    740
  1841    740
  1842    740
  1843    740
  1832    741
  1833    741
  1834    741
  1835    741
  1836    741
  1837    741
  1838    741
  1839    741
  1840    741
  1829    742
  1830    742
  1831    742
  1832    742
  1835    742
  1836    742
  1837    742
  1826    743
  1827    743
  1828    743
  1829    743
  1830    743
  1831    743
  1832    743
  1833    743
  1834    743
  1835    743
  1822    744
  1823    744
  1824    744
  1825    744
  1826    744
  1827    744
  1828    744
  1829    744
  1830    744
  1831    744
  1819    745
  1820    745
  1821    745
  1822    745
  1823    745
  1824    745
  1825    745
  1826    745
  1827    745
  1828    745
  1829    745
  1817    746
  1818    746
  1819    746
  1820    746
  1821    746
  1822    746
  1823    746
  1824    746
  1825    746
  1826    746
  1814    747
  1815    747
  1816    747
  1817    747
  1818    747
  1819    747
  1820    747
  1821    747
  1822    747
  1823    747
  1812    748
  1813    748
  1814    748
  1815    748
  1816    748
  1817    748
  1818    748
  1819    748
  1820    748
  1808    749
  1809    749
  1810    749
  1811    749
  1812    749
  1814    749
  1815    749
  1816    749
  1817    749
  1805    750
  1806    750
  1807    750
  1808    750
  1809    750
  1810    750
  1812    750
  1813    750
  1814    750
  1802    751
  1803    751
  1804    751
  1805    751
  1806    751
  1807    751
  1808    751
  1809    751
  1810    751
  1811    751
  1812    751
  1799    752
  1800    752
  1801    752
  1802    752
  1803    752
  1804    752
  1805    752
  1806    752
  1807    752
  1808    752
  1796    753
  1797    753
  1798    753
  1799    753
  1800    753
  1801    753
  1802    753
  1803    753
  1804    753
  1805    753
  1793    754
  1794    754
  1795    754
  1796    754
  1797    754
  1798    754
  1799    754
  1800    754
  1801    754
  1802    754
  1790    755
  1791    755
  1792    755
  1793    755
  1794    755
  1795    755
  1796    755
  1797    755
  1798    755
  1799    755
  1787    756
  1788    756
  1789    756
  1790    756
  1791    756
  1792    756
  1793    756
  1794    756
  1795    756
  1796    756
  1783    757
  1784    757
  1785    757
  1786    757
  1787    757
  1788    757
  1789    757
  1790    757
  1791    757
  1792    757
  1793    757
  1780    758
  1781    758
  1782    758
  1783    758
  1784    758
  1785    758
  1786    758
  1787    758
  1788    758
  1789    758
  1790    758
  1777    759
  1778    759
  1779    759
  1780    759
  1781    759
  1782    759
  1783    759
  1784    759
  1785    759
  1786    759
  1787    759
  1774    760
  1775    760
  1776    760
  1777    760
  1778    760
  1779    760
  1780    760
  1781    760
  1782    760
  1783    760
  1784    760
  1770    761
  1771    761
  1772    761
  1773    761
  1774    761
  1775    761
  1776    761
  1777    761
  1778    761
  1779    761
  1780    761
  1781    761
  1768    762
  1769    762
  1770    762
  1771    762
  1772    762
  1773    762
  1774    762
  1775    762
  1776    762
  1777    762
  1778    762
  1764    763
  1765    763
  1766    763
  1767    763
  1768    763
  1769    763
  1770    763
  1771    763
  1772    763
  1773    763
  1774    763
  1775    763
  1776    763
  1761    764
  1762    764
  1763    764
  1764    764
  1765    764
  1766    764
  1767    764
  1768    764
  1769    764
  1770    764
  1771    764
  1772    764
  1758    765
  1759    765
  1760    765
  1761    765
  1762    765
  1763    765
  1764    765
  1765    765
  1766    765
  1767    765
  1768    765
  1769    765
  1770    765
  1755    766
  1756    766
  1757    766
  1758    766
  1759    766
  1760    766
  1761    766
  1762    766
  1763    766
  1764    766
  1765    766
  1766    766
  1752    767
  1753    767
  1754    767
  1755    767
  1756    767
  1757    767
  1758    767
  1759    767
  1760    767
  1761    767
  1762    767
  1763    767
  1749    768
  1750    768
  1751    768
  1752    768
  1753    768
  1754    768
  1755    768
  1756    768
  1757    768
  1758    768
  1759    768
  1760    768
  1761    768
  1746    769
  1747    769
  1748    769
  1749    769
  1750    769
  1751    769
  1752    769
  1753    769
  1754    769
  1755    769
  1756    769
  1757    769
  1743    770
  1744    770
  1745    770
  1746    770
  1747    770
  1748    770
  1749    770
  1750    770
  1751    770
  1752    770
  1753    770
  1754    770
  1739    771
  1740    771
  1741    771
  1742    771
  1743    771
  1744    771
  1745    771
  1746    771
  1747    771
  1748    771
  1749    771
  1750    771
  1751    771
  1736    772
  1737    772
  1738    772
  1739    772
  1740    772
  1741    772
  1742    772
  1743    772
  1744    772
  1745    772
  1746    772
  1747    772
  1748    772
  1749    772
  1734    773
  1735    773
  1736    773
  1737    773
  1738    773
  1739    773
  1740    773
  1741    773
  1742    773
  1743    773
  1744    773
  1745    773
  1746    773
  1730    774
  1731    774
  1732    774
  1733    774
  1734    774
  1735    774
  1736    774
  1737    774
  1738    774
  1739    774
  1740    774
  1741    774
  1742    774
  1743    774
  1744    774
  1726    775
  1727    775
  1728    775
  1729    775
  1730    775
  1731    775
  1732    775
  1733    775
  1734    775
  1735    775
  1736    775
  1737    775
  1738    775
  1739    775
  1740    775
  1741    775
  1723    776
  1724    776
  1725    776
  1726    776
  1727    776
  1728    776
  1729    776
  1730    776
  1731    776
  1732    776
  1733    776
  1734    776
  1735    776
  1736    776
  1737    776
  1738    776
  1719    777
  1720    777
  1721    777
  1722    777
  1723    777
  1724    777
  1725    777
  1726    777
  1727    777
  1728    777
  1729    777
  1730    777
  1731    777
  1732    777
  1733    777
  1734    777
  1735    777
  1716    778
  1717    778
  1718    778
  1719    778
  1720    778
  1721    778
  1722    778
  1723    778
  1724    778
  1725    778
  1726    778
  1727    778
  1728    778
  1729    778
  1730    778
  1731    778
  1732    778
  1733    778
  1714    779
  1715    779
  1716    779
  1717    779
  1718    779
  1719    779
  1720    779
  1721    779
  1722    779
  1723    779
  1724    779
  1725    779
  1726    779
  1727    779
  1728    779
  1729    779
  1730    779
  1731    779
  1710    780
  1711    780
  1712    780
  1713    780
  1714    780
  1715    780
  1716    780
  1717    780
  1718    780
  1719    780
  1720    780
  1721    780
  1722    780
  1723    780
  1724    780
  1725    780
  1726    780
  1727    780
  1707    781
  1708    781
  1709    781
  1710    781
  1711    781
  1712    781
  1713    781
  1714    781
  1715    781
  1716    781
  1717    781
  1718    781
  1719    781
  1720    781
  1721    781
  1722    781
  1723    781
  1724    781
  1725    781
  1704    782
  1705    782
  1706    782
  1707    782
  1708    782
  1709    782
  1710    782
  1711    782
  1712    782
  1713    782
  1714    782
  1715    782
  1716    782
  1717    782
  1718    782
  1719    782
  1720    782
  1721    782
  1722    782
  1700    783
  1701    783
  1702    783
  1703    783
  1704    783
  1705    783
  1706    783
  1707    783
  1708    783
  1709    783
  1710    783
  1711    783
  1712    783
  1713    783
  1714    783
  1715    783
  1716    783
  1717    783
  1718    783
  1719    783
  1720    783
  1696    784
  1697    784
  1698    784
  1699    784
  1700    784
  1701    784
  1702    784
  1703    784
  1704    784
  1705    784
  1706    784
  1707    784
  1708    784
  1709    784
  1710    784
  1711    784
  1712    784
  1713    784
  1714    784
  1715    784
  1716    784
  1717    784
  1693    785
  1694    785
  1695    785
  1696    785
  1697    785
  1698    785
  1699    785
  1700    785
  1701    785
  1702    785
  1703    785
  1704    785
  1705    785
  1706    785
  1707    785
  1710    785
  1711    785
  1712    785
  1713    785
  1690    786
  1691    786
  1692    786
  1693    786
  1694    786
  1695    786
  1696    786
  1697    786
  1698    786
  1699    786
  1700    786
  1701    786
  1702    786
  1703    786
  1704    786
  1707    786
  1708    786
  1709    786
  1710    786
  1686    787
  1687    787
  1688    787
  1689    787
  1690    787
  1691    787
  1692    787
  1693    787
  1694    787
  1695    787
  1696    787
  1697    787
  1698    787
  1699    787
  1700    787
  1701    787
  1702    787
  1703    787
  1704    787
  1705    787
  1706    787
  1707    787
  1678    788
  1679    788
  1680    788
  1681    788
  1682    788
  1683    788
  1684    788
  1685    788
  1686    788
  1687    788
  1688    788
  1689    788
  1690    788
  1691    788
  1692    788
  1693    788
  1694    788
  1695    788
  1696    788
  1697    788
  1698    788
  1699    788
  1700    788
  1701    788
  1702    788
  1703    788
  1704    788
  1675    789
  1676    789
  1677    789
  1678    789
  1679    789
  1680    789
  1681    789
  1682    789
  1683    789
  1684    789
  1685    789
  1686    789
  1687    789
  1688    789
  1689    789
  1690    789
  1691    789
  1692    789
  1693    789
  1694    789
  1695    789
  1696    789
  1697    789
  1698    789
  1699    789
  1700    789
  1701    789
  1673    790
  1674    790
  1675    790
  1676    790
  1677    790
  1678    790
  1679    790
  1680    790
  1681    790
  1682    790
  1683    790
  1684    790
  1685    790
  1686    790
  1687    790
  1688    790
  1689    790
  1690    790
  1691    790
  1692    790
  1693    790
  1694    790
  1695    790
  1696    790
  1697    790
  1698    790
  1699    790
  1670    791
  1671    791
  1672    791
  1673    791
  1674    791
  1675    791
  1676    791
  1677    791
  1678    791
  1679    791
  1680    791
  1681    791
  1682    791
  1683    791
  1684    791
  1685    791
  1686    791
  1687    791
  1688    791
  1689    791
  1690    791
  1691    791
  1692    791
  1693    791
  1694    791
  1695    791
  1696    791
  1667    792
  1668    792
  1669    792
  1670    792
  1671    792
  1672    792
  1673    792
  1674    792
  1675    792
  1676    792
  1677    792
  1678    792
  1679    792
  1680    792
  1681    792
  1682    792
  1683    792
  1684    792
  1685    792
  1686    792
  1687    792
  1688    792
  1689    792
  1690    792
  1691    792
  1664    793
  1665    793
  1666    793
  1667    793
  1668    793
  1669    793
  1670    793
  1671    793
  1672    793
  1673    793
  1674    793
  1675    793
  1676    793
  1677    793
  1678    793
  1679    793
  1680    793
  1681    793
  1682    793
  1683    793
  1684    793
  1685    793
  1686    793
  1687    793
  1688    793
  1660    794
  1661    794
  1662    794
  1663    794
  1664    794
  1665    794
  1666    794
  1667    794
  1668    794
  1669    794
  1670    794
  1671    794
  1672    794
  1673    794
  1674    794
  1675    794
  1676    794
  1677    794
  1678    794
  1679    794
  1680    794
  1681    794
  1682    794
  1683    794
  1684    794
  1685    794
  1657    795
  1658    795
  1659    795
  1660    795
  1661    795
  1662    795
  1663    795
  1664    795
  1665    795
  1666    795
  1667    795
  1668    795
  1669    795
  1670    795
  1671    795
  1672    795
  1673    795
  1674    795
  1675    795
  1676    795
  1677    795
  1678    795
  1679    795
  1680    795
  1681    795
  1682    795
  1653    796
  1654    796
  1655    796
  1656    796
  1657    796
  1658    796
  1659    796
  1660    796
  1661    796
  1662    796
  1663    796
  1664    796
  1665    796
  1666    796
  1667    796
  1668    796
  1669    796
  1670    796
  1671    796
  1672    796
  1673    796
  1674    796
  1675    796
  1676    796
  1677    796
  1678    796
  1679    796
  1649    797
  1650    797
  1651    797
  1652    797
  1653    797
  1654    797
  1655    797
  1656    797
  1657    797
  1658    797
  1659    797
  1660    797
  1661    797
  1662    797
  1663    797
  1664    797
  1665    797
  1666    797
  1667    797
  1668    797
  1669    797
  1670    797
  1671    797
  1672    797
  1673    797
  1674    797
  1675    797
  1676    797
  1644    798
  1645    798
  1646    798
  1647    798
  1648    798
  1649    798
  1650    798
  1651    798
  1652    798
  1653    798
  1654    798
  1655    798
  1656    798
  1657    798
  1658    798
  1659    798
  1660    798
  1661    798
  1662    798
  1663    798
  1664    798
  1665    798
  1666    798
  1667    798
  1668    798
  1669    798
  1670    798
  1671    798
  1672    798
  1673    798
  1674    798
  1641    799
  1642    799
  1643    799
  1644    799
  1645    799
  1646    799
  1647    799
  1648    799
  1649    799
  1650    799
  1651    799
  1652    799
  1653    799
  1654    799
  1655    799
  1656    799
  1657    799
  1658    799
  1659    799
  1660    799
  1661    799
  1662    799
  1663    799
  1664    799
  1665    799
  1666    799
  1667    799
  1668    799
  1669    799
  1670    799
  1637    800
  1638    800
  1639    800
  1640    800
  1641    800
  1642    800
  1643    800
  1644    800
  1645    800
  1646    800
  1647    800
  1648    800
  1649    800
  1650    800
  1651    800
  1652    800
  1653    800
  1654    800
  1655    800
  1656    800
  1657    800
  1658    800
  1659    800
  1660    800
  1661    800
  1662    800
  1663    800
  1664    800
  1665    800
  1666    800
  1667    800
  1634    801
  1635    801
  1636    801
  1637    801
  1638    801
  1639    801
  1640    801
  1641    801
  1642    801
  1643    801
  1644    801
  1645    801
  1646    801
  1647    801
  1648    801
  1649    801
  1650    801
  1651    801
  1652    801
  1653    801
  1654    801
  1655    801
  1656    801
  1657    801
  1658    801
  1659    801
  1660    801
  1661    801
  1662    801
  1663    801
  1630    802
  1631    802
  1632    802
  1633    802
  1634    802
  1635    802
  1636    802
  1637    802
  1638    802
  1639    802
  1640    802
  1641    802
  1642    802
  1643    802
  1644    802
  1645    802
  1646    802
  1647    802
  1648    802
  1649    802
  1650    802
  1651    802
  1652    802
  1653    802
  1654    802
  1655    802
  1656    802
  1657    802
  1658    802
  1659    802
  1660    802
  1627    803
  1628    803
  1629    803
  1630    803
  1631    803
  1632    803
  1633    803
  1634    803
  1635    803
  1636    803
  1637    803
  1638    803
  1639    803
  1640    803
  1641    803
  1642    803
  1643    803
  1644    803
  1645    803
  1646    803
  1647    803
  1648    803
  1649    803
  1650    803
  1651    803
  1652    803
  1653    803
  1654    803
  1655    803
  1656    803
  1657    803
  1658    803
  1622    804
  1623    804
  1624    804
  1625    804
  1626    804
  1627    804
  1628    804
  1629    804
  1630    804
  1631    804
  1632    804
  1633    804
  1634    804
  1635    804
  1636    804
  1637    804
  1638    804
  1639    804
  1640    804
  1641    804
  1642    804
  1643    804
  1644    804
  1645    804
  1646    804
  1647    804
  1648    804
  1649    804
  1650    804
  1651    804
  1652    804
  1653    804
  1654    804
  1655    804
  1619    805
  1620    805
  1621    805
  1622    805
  1623    805
  1624    805
  1625    805
  1626    805
  1627    805
  1628    805
  1629    805
  1630    805
  1631    805
  1632    805
  1633    805
  1634    805
  1635    805
  1636    805
  1637    805
  1638    805
  1639    805
  1640    805
  1641    805
  1642    805
  1643    805
  1644    805
  1645    805
  1646    805
  1647    805
  1648    805
  1649    805
  1650    805
  1651    805
  1652    805
  1653    805
  1614    806
  1615    806
  1616    806
  1617    806
  1618    806
  1619    806
  1620    806
  1621    806
  1622    806
  1623    806
  1624    806
  1625    806
  1626    806
  1627    806
  1628    806
  1629    806
  1630    806
  1631    806
  1632    806
  1633    806
  1634    806
  1635    806
  1636    806
  1637    806
  1638    806
  1639    806
  1640    806
  1641    806
  1642    806
  1643    806
  1644    806
  1645    806
  1646    806
  1647    806
  1648    806
  1649    806
  1650    806
  1611    807
  1612    807
  1613    807
  1614    807
  1615    807
  1616    807
  1617    807
  1618    807
  1619    807
  1620    807
  1621    807
  1622    807
  1623    807
  1624    807
  1625    807
  1626    807
  1627    807
  1628    807
  1629    807
  1630    807
  1631    807
  1632    807
  1633    807
  1634    807
  1635    807
  1636    807
  1637    807
  1638    807
  1639    807
  1640    807
  1641    807
  1642    807
  1643    807
  1644    807
  1645    807
  1646    807
  1647    807
  1607    808
  1608    808
  1609    808
  1610    808
  1611    808
  1612    808
  1613    808
  1614    808
  1615    808
  1616    808
  1617    808
  1618    808
  1619    808
  1620    808
  1621    808
  1622    808
  1623    808
  1624    808
  1625    808
  1626    808
  1627    808
  1628    808
  1629    808
  1630    808
  1631    808
  1632    808
  1633    808
  1634    808
  1635    808
  1636    808
  1637    808
  1638    808
  1639    808
  1640    808
  1641    808
  1642    808
  1643    808
  1644    808
  1604    809
  1605    809
  1606    809
  1607    809
  1608    809
  1609    809
  1610    809
  1611    809
  1612    809
  1613    809
  1614    809
  1615    809
  1616    809
  1617    809
  1618    809
  1619    809
  1620    809
  1621    809
  1622    809
  1627    809
  1628    809
  1629    809
  1630    809
  1631    809
  1632    809
  1633    809
  1634    809
  1635    809
  1636    809
  1637    809
  1638    809
  1639    809
  1640    809
  1641    809
  1642    809
  1643    809
  1600    810
  1601    810
  1602    810
  1603    810
  1604    810
  1605    810
  1606    810
  1607    810
  1608    810
  1609    810
  1610    810
  1611    810
  1612    810
  1613    810
  1614    810
  1615    810
  1616    810
  1617    810
  1618    810
  1624    810
  1625    810
  1626    810
  1627    810
  1628    810
  1629    810
  1630    810
  1631    810
  1632    810
  1633    810
  1634    810
  1635    810
  1636    810
  1637    810
  1638    810
  1639    810
  1640    810
  1597    811
  1598    811
  1599    811
  1600    811
  1601    811
  1602    811
  1603    811
  1604    811
  1605    811
  1606    811
  1607    811
  1608    811
  1609    811
  1610    811
  1611    811
  1612    811
  1613    811
  1614    811
  1615    811
  1622    811
  1623    811
  1624    811
  1625    811
  1626    811
  1627    811
  1628    811
  1629    811
  1630    811
  1631    811
  1632    811
  1633    811
  1634    811
  1635    811
  1636    811
  1637    811
  1593    812
  1594    812
  1595    812
  1596    812
  1597    812
  1598    812
  1599    812
  1600    812
  1601    812
  1602    812
  1603    812
  1604    812
  1605    812
  1606    812
  1607    812
  1608    812
  1609    812
  1610    812
  1611    812
  1619    812
  1620    812
  1621    812
  1622    812
  1623    812
  1624    812
  1625    812
  1626    812
  1627    812
  1628    812
  1629    812
  1630    812
  1631    812
  1632    812
  1633    812
  1634    812
  1635    812
  1588    813
  1589    813
  1590    813
  1591    813
  1592    813
  1593    813
  1594    813
  1595    813
  1596    813
  1597    813
  1598    813
  1599    813
  1600    813
  1601    813
  1602    813
  1603    813
  1604    813
  1605    813
  1606    813
  1607    813
  1615    813
  1616    813
  1617    813
  1618    813
  1619    813
  1620    813
  1621    813
  1622    813
  1623    813
  1624    813
  1625    813
  1626    813
  1627    813
  1628    813
  1629    813
  1630    813
  1631    813
  1632    813
  1584    814
  1585    814
  1586    814
  1587    814
  1588    814
  1589    814
  1590    814
  1591    814
  1592    814
  1593    814
  1594    814
  1595    814
  1596    814
  1597    814
  1598    814
  1599    814
  1600    814
  1601    814
  1602    814
  1603    814
  1613    814
  1614    814
  1615    814
  1616    814
  1617    814
  1618    814
  1619    814
  1620    814
  1621    814
  1622    814
  1623    814
  1624    814
  1625    814
  1627    814
  1628    814
  1629    814
  1630    814
  1580    815
  1581    815
  1582    815
  1583    815
  1584    815
  1585    815
  1586    815
  1587    815
  1588    815
  1589    815
  1590    815
  1591    815
  1592    815
  1593    815
  1594    815
  1595    815
  1596    815
  1597    815
  1598    815
  1599    815
  1600    815
  1611    815
  1612    815
  1613    815
  1614    815
  1615    815
  1616    815
  1617    815
  1618    815
  1619    815
  1620    815
  1621    815
  1622    815
  1623    815
  1624    815
  1625    815
  1626    815
  1627    815
  1575    816
  1576    816
  1577    816
  1578    816
  1579    816
  1580    816
  1581    816
  1582    816
  1583    816
  1584    816
  1585    816
  1586    816
  1587    816
  1588    816
  1589    816
  1590    816
  1591    816
  1592    816
  1593    816
  1594    816
  1595    816
  1596    816
  1609    816
  1610    816
  1611    816
  1612    816
  1613    816
  1614    816
  1615    816
  1616    816
  1617    816
  1618    816
  1619    816
  1620    816
  1621    816
  1622    816
  1623    816
  1624    816
  1625    816
  1626    816
  1572    817
  1573    817
  1574    817
  1575    817
  1576    817
  1577    817
  1578    817
  1579    817
  1580    817
  1581    817
  1582    817
  1583    817
  1584    817
  1585    817
  1586    817
  1587    817
  1588    817
  1589    817
  1590    817
  1591    817
  1592    817
  1607    817
  1608    817
  1609    817
  1610    817
  1611    817
  1612    817
  1613    817
  1614    817
  1615    817
  1616    817
  1617    817
  1618    817
  1619    817
  1620    817
  1621    817
  1622    817
  1623    817
  1624    817
  1567    818
  1568    818
  1569    818
  1570    818
  1571    818
  1572    818
  1573    818
  1574    818
  1575    818
  1576    818
  1577    818
  1578    818
  1579    818
  1580    818
  1581    818
  1582    818
  1583    818
  1584    818
  1585    818
  1586    818
  1587    818
  1588    818
  1605    818
  1606    818
  1607    818
  1608    818
  1609    818
  1610    818
  1611    818
  1612    818
  1613    818
  1614    818
  1615    818
  1616    818
  1617    818
  1618    818
  1619    818
  1620    818
  1621    818
  1563    819
  1564    819
  1565    819
  1566    819
  1567    819
  1568    819
  1569    819
  1570    819
  1571    819
  1572    819
  1573    819
  1574    819
  1575    819
  1576    819
  1577    819
  1578    819
  1579    819
  1580    819
  1581    819
  1582    819
  1583    819
  1584    819
  1603    819
  1604    819
  1605    819
  1606    819
  1607    819
  1608    819
  1609    819
  1610    819
  1611    819
  1612    819
  1613    819
  1614    819
  1615    819
  1616    819
  1617    819
  1618    819
  1619    819
  1620    819
  1559    820
  1560    820
  1561    820
  1562    820
  1563    820
  1564    820
  1565    820
  1566    820
  1567    820
  1568    820
  1569    820
  1570    820
  1571    820
  1572    820
  1573    820
  1574    820
  1575    820
  1576    820
  1577    820
  1578    820
  1579    820
  1580    820
  1601    820
  1602    820
  1603    820
  1604    820
  1605    820
  1606    820
  1607    820
  1608    820
  1609    820
  1610    820
  1611    820
  1612    820
  1613    820
  1614    820
  1615    820
  1616    820
  1617    820
  1555    821
  1556    821
  1557    821
  1558    821
  1559    821
  1560    821
  1561    821
  1562    821
  1563    821
  1564    821
  1565    821
  1566    821
  1567    821
  1568    821
  1569    821
  1570    821
  1571    821
  1572    821
  1573    821
  1574    821
  1575    821
  1576    821
  1600    821
  1601    821
  1602    821
  1603    821
  1604    821
  1605    821
  1606    821
  1607    821
  1608    821
  1609    821
  1610    821
  1611    821
  1612    821
  1613    821
  1614    821
  1615    821
  1616    821
  1551    822
  1552    822
  1553    822
  1554    822
  1555    822
  1556    822
  1557    822
  1558    822
  1559    822
  1560    822
  1561    822
  1562    822
  1563    822
  1564    822
  1565    822
  1566    822
  1567    822
  1568    822
  1569    822
  1570    822
  1571    822
  1572    822
  1597    822
  1598    822
  1599    822
  1600    822
  1601    822
  1602    822
  1603    822
  1604    822
  1605    822
  1606    822
  1607    822
  1608    822
  1609    822
  1610    822
  1611    822
  1612    822
  1613    822
  1614    822
  1546    823
  1547    823
  1548    823
  1549    823
  1550    823
  1551    823
  1552    823
  1553    823
  1554    823
  1555    823
  1556    823
  1557    823
  1558    823
  1559    823
  1560    823
  1561    823
  1562    823
  1563    823
  1564    823
  1565    823
  1566    823
  1567    823
  1595    823
  1596    823
  1597    823
  1598    823
  1599    823
  1600    823
  1601    823
  1602    823
  1603    823
  1604    823
  1605    823
  1606    823
  1607    823
  1608    823
  1609    823
  1610    823
  1611    823
  1542    824
  1543    824
  1544    824
  1545    824
  1546    824
  1547    824
  1548    824
  1549    824
  1550    824
  1551    824
  1552    824
  1553    824
  1554    824
  1555    824
  1556    824
  1557    824
  1558    824
  1559    824
  1560    824
  1561    824
  1562    824
  1563    824
  1593    824
  1594    824
  1595    824
  1596    824
  1597    824
  1598    824
  1599    824
  1600    824
  1601    824
  1602    824
  1603    824
  1604    824
  1605    824
  1606    824
  1607    824
  1608    824
  1609    824
  1538    825
  1539    825
  1540    825
  1541    825
  1542    825
  1543    825
  1544    825
  1545    825
  1546    825
  1547    825
  1548    825
  1549    825
  1550    825
  1551    825
  1552    825
  1553    825
  1554    825
  1555    825
  1556    825
  1557    825
  1558    825
  1559    825
  1591    825
  1592    825
  1593    825
  1594    825
  1595    825
  1596    825
  1597    825
  1598    825
  1599    825
  1600    825
  1601    825
  1602    825
  1603    825
  1604    825
  1605    825
  1606    825
  1607    825
  1533    826
  1534    826
  1535    826
  1536    826
  1537    826
  1538    826
  1539    826
  1540    826
  1541    826
  1542    826
  1543    826
  1544    826
  1545    826
  1546    826
  1547    826
  1548    826
  1549    826
  1550    826
  1551    826
  1552    826
  1553    826
  1554    826
  1555    826
  1589    826
  1590    826
  1591    826
  1592    826
  1593    826
  1594    826
  1595    826
  1596    826
  1597    826
  1598    826
  1599    826
  1600    826
  1601    826
  1602    826
  1603    826
  1604    826
  1605    826
  1606    826
  1529    827
  1530    827
  1531    827
  1532    827
  1533    827
  1534    827
  1535    827
  1536    827
  1537    827
  1538    827
  1539    827
  1540    827
  1541    827
  1542    827
  1543    827
  1544    827
  1545    827
  1546    827
  1547    827
  1548    827
  1549    827
  1550    827
  1551    827
  1586    827
  1587    827
  1588    827
  1589    827
  1590    827
  1591    827
  1592    827
  1593    827
  1594    827
  1595    827
  1596    827
  1597    827
  1598    827
  1599    827
  1600    827
  1601    827
  1602    827
  1603    827
  1526    828
  1527    828
  1528    828
  1529    828
  1530    828
  1531    828
  1532    828
  1533    828
  1534    828
  1535    828
  1536    828
  1537    828
  1538    828
  1539    828
  1540    828
  1541    828
  1542    828
  1543    828
  1544    828
  1545    828
  1546    828
  1547    828
  1584    828
  1585    828
  1586    828
  1587    828
  1588    828
  1589    828
  1590    828
  1591    828
  1592    828
  1593    828
  1594    828
  1595    828
  1596    828
  1597    828
  1598    828
  1599    828
  1600    828
  1601    828
  1520    829
  1521    829
  1522    829
  1523    829
  1524    829
  1525    829
  1526    829
  1527    829
  1528    829
  1529    829
  1530    829
  1531    829
  1532    829
  1533    829
  1534    829
  1535    829
  1536    829
  1537    829
  1538    829
  1539    829
  1540    829
  1541    829
  1542    829
  1543    829
  1582    829
  1583    829
  1584    829
  1585    829
  1586    829
  1587    829
  1588    829
  1589    829
  1590    829
  1591    829
  1592    829
  1593    829
  1594    829
  1595    829
  1596    829
  1597    829
  1598    829
  1599    829
  1600    829
  1516    830
  1517    830
  1518    830
  1519    830
  1520    830
  1521    830
  1522    830
  1523    830
  1524    830
  1525    830
  1526    830
  1527    830
  1528    830
  1529    830
  1530    830
  1531    830
  1532    830
  1533    830
  1534    830
  1535    830
  1536    830
  1537    830
  1538    830
  1539    830
  1580    830
  1581    830
  1582    830
  1583    830
  1584    830
  1585    830
  1586    830
  1587    830
  1588    830
  1589    830
  1590    830
  1591    830
  1592    830
  1593    830
  1594    830
  1595    830
  1596    830
  1597    830
  1511    831
  1512    831
  1513    831
  1514    831
  1515    831
  1516    831
  1517    831
  1518    831
  1519    831
  1520    831
  1521    831
  1522    831
  1523    831
  1524    831
  1525    831
  1526    831
  1527    831
  1528    831
  1529    831
  1530    831
  1531    831
  1532    831
  1533    831
  1534    831
  1577    831
  1578    831
  1579    831
  1580    831
  1581    831
  1582    831
  1583    831
  1584    831
  1585    831
  1586    831
  1587    831
  1588    831
  1589    831
  1590    831
  1591    831
  1592    831
  1593    831
  1594    831
  1595    831
  1507    832
  1508    832
  1509    832
  1510    832
  1511    832
  1512    832
  1513    832
  1514    832
  1515    832
  1516    832
  1517    832
  1518    832
  1519    832
  1520    832
  1521    832
  1522    832
  1523    832
  1524    832
  1525    832
  1526    832
  1527    832
  1528    832
  1529    832
  1530    832
  1576    832
  1577    832
  1578    832
  1579    832
  1580    832
  1581    832
  1582    832
  1583    832
  1584    832
  1585    832
  1586    832
  1590    832
  1591    832
  1592    832
  1593    832
  1594    832
  1503    833
  1504    833
  1505    833
  1506    833
  1507    833
  1508    833
  1509    833
  1510    833
  1511    833
  1512    833
  1513    833
  1514    833
  1515    833
  1516    833
  1517    833
  1518    833
  1519    833
  1520    833
  1521    833
  1522    833
  1523    833
  1524    833
  1525    833
  1526    833
  1573    833
  1574    833
  1575    833
  1576    833
  1577    833
  1578    833
  1579    833
  1580    833
  1581    833
  1582    833
  1583    833
  1584    833
  1585    833
  1586    833
  1587    833
  1588    833
  1589    833
  1590    833
  1591    833
  1499    834
  1500    834
  1501    834
  1502    834
  1503    834
  1504    834
  1505    834
  1506    834
  1507    834
  1508    834
  1509    834
  1510    834
  1511    834
  1512    834
  1513    834
  1514    834
  1515    834
  1516    834
  1517    834
  1518    834
  1519    834
  1520    834
  1521    834
  1522    834
  1571    834
  1572    834
  1573    834
  1574    834
  1575    834
  1576    834
  1577    834
  1578    834
  1579    834
  1580    834
  1581    834
  1582    834
  1583    834
  1584    834
  1585    834
  1586    834
  1587    834
  1588    834
  1589    834
  1495    835
  1496    835
  1497    835
  1498    835
  1499    835
  1500    835
  1501    835
  1502    835
  1503    835
  1504    835
  1505    835
  1506    835
  1507    835
  1508    835
  1509    835
  1510    835
  1511    835
  1512    835
  1513    835
  1514    835
  1515    835
  1516    835
  1517    835
  1518    835
  1568    835
  1569    835
  1570    835
  1571    835
  1572    835
  1573    835
  1574    835
  1575    835
  1576    835
  1577    835
  1578    835
  1579    835
  1580    835
  1581    835
  1582    835
  1583    835
  1584    835
  1585    835
  1586    835
  1587    835
  1490    836
  1491    836
  1492    836
  1493    836
  1494    836
  1495    836
  1496    836
  1497    836
  1498    836
  1499    836
  1500    836
  1501    836
  1502    836
  1503    836
  1504    836
  1505    836
  1506    836
  1507    836
  1508    836
  1509    836
  1510    836
  1511    836
  1512    836
  1513    836
  1514    836
  1566    836
  1567    836
  1568    836
  1569    836
  1570    836
  1571    836
  1572    836
  1573    836
  1574    836
  1575    836
  1576    836
  1577    836
  1578    836
  1579    836
  1580    836
  1581    836
  1582    836
  1583    836
  1584    836
  1585    836
  1485    837
  1486    837
  1487    837
  1488    837
  1489    837
  1490    837
  1491    837
  1492    837
  1493    837
  1494    837
  1495    837
  1496    837
  1497    837
  1498    837
  1499    837
  1500    837
  1501    837
  1502    837
  1503    837
  1504    837
  1505    837
  1506    837
  1507    837
  1508    837
  1509    837
  1510    837
  1565    837
  1566    837
  1567    837
  1568    837
  1569    837
  1570    837
  1571    837
  1572    837
  1573    837
  1574    837
  1575    837
  1576    837
  1577    837
  1578    837
  1579    837
  1580    837
  1581    837
  1582    837
  1583    837
  1482    838
  1483    838
  1484    838
  1485    838
  1486    838
  1487    838
  1488    838
  1489    838
  1490    838
  1491    838
  1492    838
  1493    838
  1494    838
  1495    838
  1496    838
  1497    838
  1498    838
  1499    838
  1500    838
  1501    838
  1502    838
  1503    838
  1504    838
  1505    838
  1506    838
  1563    838
  1564    838
  1565    838
  1566    838
  1567    838
  1568    838
  1569    838
  1570    838
  1571    838
  1572    838
  1573    838
  1574    838
  1575    838
  1576    838
  1577    838
  1578    838
  1579    838
  1580    838
  1477    839
  1478    839
  1479    839
  1480    839
  1481    839
  1482    839
  1483    839
  1484    839
  1485    839
  1486    839
  1487    839
  1488    839
  1489    839
  1490    839
  1491    839
  1492    839
  1493    839
  1494    839
  1495    839
  1496    839
  1497    839
  1498    839
  1499    839
  1500    839
  1501    839
  1561    839
  1562    839
  1563    839
  1564    839
  1565    839
  1566    839
  1567    839
  1568    839
  1569    839
  1570    839
  1571    839
  1572    839
  1573    839
  1574    839
  1575    839
  1576    839
  1577    839
  1578    839
  1579    839
  1473    840
  1474    840
  1475    840
  1476    840
  1477    840
  1478    840
  1479    840
  1480    840
  1481    840
  1482    840
  1483    840
  1484    840
  1485    840
  1486    840
  1487    840
  1488    840
  1489    840
  1490    840
  1491    840
  1492    840
  1493    840
  1494    840
  1495    840
  1496    840
  1497    840
  1559    840
  1560    840
  1561    840
  1562    840
  1563    840
  1564    840
  1565    840
  1566    840
  1567    840
  1568    840
  1569    840
  1570    840
  1571    840
  1572    840
  1573    840
  1574    840
  1575    840
  1576    840
  1577    840
  1468    841
  1469    841
  1470    841
  1471    841
  1472    841
  1473    841
  1474    841
  1475    841
  1476    841
  1477    841
  1478    841
  1479    841
  1480    841
  1481    841
  1482    841
  1483    841
  1484    841
  1485    841
  1486    841
  1487    841
  1488    841
  1489    841
  1490    841
  1491    841
  1492    841
  1493    841
  1556    841
  1557    841
  1558    841
  1559    841
  1560    841
  1561    841
  1562    841
  1563    841
  1564    841
  1565    841
  1566    841
  1567    841
  1568    841
  1569    841
  1570    841
  1571    841
  1572    841
  1573    841
  1574    841
  1575    841
  1576    841
  1464    842
  1465    842
  1466    842
  1467    842
  1468    842
  1469    842
  1470    842
  1471    842
  1472    842
  1473    842
  1474    842
  1475    842
  1476    842
  1477    842
  1478    842
  1479    842
  1480    842
  1481    842
  1482    842
  1483    842
  1484    842
  1485    842
  1486    842
  1487    842
  1488    842
  1489    842
  1555    842
  1556    842
  1557    842
  1558    842
  1559    842
  1560    842
  1561    842
  1562    842
  1563    842
  1564    842
  1565    842
  1566    842
  1567    842
  1568    842
  1569    842
  1570    842
  1571    842
  1572    842
  1573    842
  1459    843
  1460    843
  1461    843
  1462    843
  1463    843
  1464    843
  1465    843
  1466    843
  1467    843
  1468    843
  1469    843
  1470    843
  1471    843
  1472    843
  1473    843
  1474    843
  1475    843
  1476    843
  1477    843
  1478    843
  1479    843
  1480    843
  1481    843
  1482    843
  1483    843
  1484    843
  1485    843
  1552    843
  1553    843
  1554    843
  1555    843
  1556    843
  1557    843
  1558    843
  1559    843
  1560    843
  1561    843
  1562    843
  1563    843
  1564    843
  1565    843
  1566    843
  1567    843
  1568    843
  1569    843
  1570    843
  1571    843
  1572    843
  1454    844
  1455    844
  1456    844
  1457    844
  1458    844
  1459    844
  1460    844
  1461    844
  1462    844
  1463    844
  1464    844
  1465    844
  1466    844
  1467    844
  1468    844
  1469    844
  1470    844
  1471    844
  1472    844
  1473    844
  1474    844
  1475    844
  1476    844
  1477    844
  1478    844
  1479    844
  1480    844
  1550    844
  1551    844
  1552    844
  1553    844
  1554    844
  1555    844
  1556    844
  1557    844
  1558    844
  1559    844
  1560    844
  1561    844
  1562    844
  1563    844
  1564    844
  1565    844
  1566    844
  1567    844
  1568    844
  1569    844
  1450    845
  1451    845
  1452    845
  1453    845
  1454    845
  1455    845
  1456    845
  1457    845
  1458    845
  1459    845
  1460    845
  1461    845
  1462    845
  1463    845
  1464    845
  1465    845
  1466    845
  1467    845
  1468    845
  1469    845
  1470    845
  1471    845
  1472    845
  1473    845
  1474    845
  1475    845
  1476    845
  1477    845
  1548    845
  1549    845
  1550    845
  1551    845
  1552    845
  1553    845
  1554    845
  1555    845
  1556    845
  1557    845
  1558    845
  1559    845
  1560    845
  1561    845
  1562    845
  1563    845
  1564    845
  1565    845
  1566    845
  1567    845
  1568    845
  1447    846
  1448    846
  1449    846
  1450    846
  1451    846
  1452    846
  1453    846
  1454    846
  1455    846
  1456    846
  1457    846
  1458    846
  1459    846
  1460    846
  1461    846
  1462    846
  1463    846
  1464    846
  1465    846
  1466    846
  1467    846
  1468    846
  1469    846
  1470    846
  1471    846
  1472    846
  1546    846
  1547    846
  1548    846
  1549    846
  1550    846
  1551    846
  1552    846
  1553    846
  1554    846
  1555    846
  1556    846
  1557    846
  1558    846
  1559    846
  1560    846
  1561    846
  1562    846
  1563    846
  1564    846
  1565    846
  1566    846
  1443    847
  1444    847
  1445    847
  1446    847
  1447    847
  1448    847
  1449    847
  1450    847
  1451    847
  1452    847
  1453    847
  1454    847
  1455    847
  1456    847
  1457    847
  1458    847
  1459    847
  1460    847
  1461    847
  1462    847
  1463    847
  1464    847
  1465    847
  1466    847
  1467    847
  1468    847
  1545    847
  1546    847
  1547    847
  1548    847
  1549    847
  1550    847
  1551    847
  1552    847
  1553    847
  1554    847
  1555    847
  1556    847
  1557    847
  1558    847
  1559    847
  1560    847
  1561    847
  1562    847
  1563    847
  1564    847
  1437    848
  1438    848
  1439    848
  1440    848
  1441    848
  1442    848
  1443    848
  1444    848
  1445    848
  1446    848
  1447    848
  1448    848
  1449    848
  1450    848
  1451    848
  1452    848
  1453    848
  1454    848
  1455    848
  1456    848
  1457    848
  1458    848
  1459    848
  1460    848
  1461    848
  1462    848
  1463    848
  1464    848
  1544    848
  1545    848
  1546    848
  1547    848
  1548    848
  1549    848
  1550    848
  1551    848
  1552    848
  1553    848
  1554    848
  1555    848
  1556    848
  1557    848
  1558    848
  1559    848
  1560    848
  1561    848
  1562    848
  1433    849
  1434    849
  1435    849
  1436    849
  1437    849
  1438    849
  1439    849
  1440    849
  1441    849
  1442    849
  1443    849
  1444    849
  1445    849
  1446    849
  1447    849
  1448    849
  1449    849
  1450    849
  1451    849
  1452    849
  1453    849
  1454    849
  1455    849
  1456    849
  1457    849
  1458    849
  1459    849
  1542    849
  1543    849
  1544    849
  1545    849
  1546    849
  1547    849
  1548    849
  1549    849
  1550    849
  1551    849
  1552    849
  1553    849
  1554    849
  1555    849
  1556    849
  1557    849
  1558    849
  1559    849
  1560    849
  1561    849
  1429    850
  1430    850
  1431    850
  1432    850
  1433    850
  1434    850
  1435    850
  1436    850
  1437    850
  1438    850
  1439    850
  1440    850
  1441    850
  1442    850
  1443    850
  1444    850
  1445    850
  1446    850
  1447    850
  1448    850
  1449    850
  1450    850
  1451    850
  1452    850
  1453    850
  1454    850
  1455    850
  1539    850
  1540    850
  1541    850
  1542    850
  1543    850
  1544    850
  1545    850
  1546    850
  1547    850
  1548    850
  1549    850
  1550    850
  1551    850
  1552    850
  1553    850
  1554    850
  1555    850
  1556    850
  1557    850
  1558    850
  1559    850
  1426    851
  1427    851
  1428    851
  1429    851
  1430    851
  1431    851
  1432    851
  1433    851
  1434    851
  1435    851
  1436    851
  1437    851
  1438    851
  1439    851
  1440    851
  1441    851
  1442    851
  1443    851
  1444    851
  1445    851
  1446    851
  1447    851
  1448    851
  1449    851
  1450    851
  1451    851
  1537    851
  1538    851
  1539    851
  1540    851
  1541    851
  1542    851
  1543    851
  1544    851
  1545    851
  1546    851
  1547    851
  1548    851
  1549    851
  1550    851
  1551    851
  1552    851
  1553    851
  1554    851
  1555    851
  1556    851
  1557    851
  1422    852
  1423    852
  1424    852
  1425    852
  1426    852
  1427    852
  1428    852
  1429    852
  1430    852
  1431    852
  1432    852
  1433    852
  1434    852
  1435    852
  1436    852
  1437    852
  1438    852
  1439    852
  1440    852
  1441    852
  1442    852
  1443    852
  1444    852
  1445    852
  1446    852
  1447    852
  1535    852
  1536    852
  1537    852
  1538    852
  1539    852
  1540    852
  1541    852
  1542    852
  1543    852
  1544    852
  1545    852
  1546    852
  1547    852
  1548    852
  1549    852
  1550    852
  1551    852
  1552    852
  1553    852
  1554    852
  1555    852
  1556    852
  1422    853
  1423    853
  1424    853
  1425    853
  1426    853
  1427    853
  1428    853
  1429    853
  1430    853
  1431    853
  1432    853
  1433    853
  1434    853
  1435    853
  1436    853
  1437    853
  1438    853
  1439    853
  1440    853
  1441    853
  1442    853
  1443    853
  1533    853
  1534    853
  1535    853
  1536    853
  1537    853
  1538    853
  1539    853
  1540    853
  1541    853
  1542    853
  1543    853
  1544    853
  1545    853
  1546    853
  1547    853
  1548    853
  1549    853
  1550    853
  1551    853
  1552    853
  1553    853
  1423    854
  1424    854
  1425    854
  1426    854
  1427    854
  1428    854
  1429    854
  1430    854
  1431    854
  1432    854
  1433    854
  1434    854
  1435    854
  1436    854
  1437    854
  1438    854
  1439    854
  1531    854
  1532    854
  1533    854
  1534    854
  1535    854
  1536    854
  1537    854
  1538    854
  1539    854
  1540    854
  1541    854
  1542    854
  1543    854
  1544    854
  1545    854
  1546    854
  1547    854
  1548    854
  1549    854
  1550    854
  1551    854
  1552    854
  1430    855
  1431    855
  1432    855
  1433    855
  1434    855
  1435    855
  1530    855
  1531    855
  1532    855
  1533    855
  1534    855
  1535    855
  1536    855
  1537    855
  1538    855
  1539    855
  1540    855
  1541    855
  1542    855
  1543    855
  1544    855
  1545    855
  1546    855
  1547    855
  1548    855
  1549    855
  1550    855
  1528    856
  1529    856
  1530    856
  1531    856
  1532    856
  1533    856
  1534    856
  1535    856
  1536    856
  1537    856
  1538    856
  1539    856
  1540    856
  1541    856
  1542    856
  1543    856
  1544    856
  1545    856
  1546    856
  1547    856
  1548    856
  1527    857
  1528    857
  1529    857
  1530    857
  1531    857
  1532    857
  1533    857
  1534    857
  1535    857
  1536    857
  1537    857
  1538    857
  1539    857
  1540    857
  1541    857
  1542    857
  1543    857
  1544    857
  1545    857
  1546    857
  1547    857
  1525    858
  1526    858
  1527    858
  1528    858
  1529    858
  1530    858
  1531    858
  1532    858
  1533    858
  1534    858
  1535    858
  1536    858
  1537    858
  1538    858
  1539    858
  1540    858
  1541    858
  1542    858
  1543    858
  1544    858
  1545    858
  1523    859
  1524    859
  1525    859
  1526    859
  1527    859
  1528    859
  1529    859
  1530    859
  1531    859
  1532    859
  1533    859
  1534    859
  1535    859
  1536    859
  1537    859
  1538    859
  1539    859
  1540    859
  1541    859
  1542    859
  1543    859
  1544    859
  1521    860
  1522    860
  1523    860
  1524    860
  1525    860
  1526    860
  1527    860
  1528    860
  1529    860
  1530    860
  1531    860
  1532    860
  1533    860
  1534    860
  1535    860
  1536    860
  1537    860
  1538    860
  1539    860
  1540    860
  1541    860
  1520    861
  1521    861
  1522    861
  1523    861
  1524    861
  1525    861
  1526    861
  1527    861
  1528    861
  1529    861
  1530    861
  1531    861
  1532    861
  1533    861
  1534    861
  1535    861
  1536    861
  1537    861
  1538    861
  1539    861
  1540    861
  1519    862
  1520    862
  1521    862
  1522    862
  1523    862
  1524    862
  1525    862
  1526    862
  1527    862
  1528    862
  1529    862
  1530    862
  1531    862
  1532    862
  1533    862
  1534    862
  1535    862
  1536    862
  1537    862
  1538    862
  1516    863
  1517    863
  1518    863
  1519    863
  1520    863
  1521    863
  1522    863
  1523    863
  1524    863
  1525    863
  1526    863
  1527    863
  1528    863
  1529    863
  1530    863
  1531    863
  1532    863
  1533    863
  1534    863
  1535    863
  1536    863
  1515    864
  1516    864
  1517    864
  1518    864
  1519    864
  1520    864
  1521    864
  1522    864
  1523    864
  1524    864
  1525    864
  1526    864
  1527    864
  1528    864
  1529    864
  1530    864
  1531    864
  1532    864
  1533    864
  1534    864
  1535    864
  1513    865
  1514    865
  1515    865
  1516    865
  1517    865
  1518    865
  1519    865
  1520    865
  1521    865
  1522    865
  1523    865
  1524    865
  1525    865
  1526    865
  1527    865
  1528    865
  1529    865
  1530    865
  1531    865
  1532    865
  1533    865
  1534    865
  1511    866
  1512    866
  1513    866
  1514    866
  1515    866
  1516    866
  1517    866
  1518    866
  1519    866
  1520    866
  1521    866
  1522    866
  1523    866
  1524    866
  1525    866
  1526    866
  1527    866
  1528    866
  1529    866
  1530    866
  1531    866
  1532    866
  1509    867
  1510    867
  1511    867
  1512    867
  1513    867
  1514    867
  1515    867
  1516    867
  1517    867
  1518    867
  1519    867
  1520    867
  1521    867
  1522    867
  1523    867
  1524    867
  1525    867
  1526    867
  1527    867
  1528    867
  1529    867
  1530    867
  1531    867
  1508    868
  1509    868
  1510    868
  1511    868
  1512    868
  1513    868
  1514    868
  1515    868
  1516    868
  1517    868
  1518    868
  1519    868
  1520    868
  1521    868
  1522    868
  1523    868
  1524    868
  1525    868
  1526    868
  1527    868
  1528    868
  1529    868
  1506    869
  1507    869
  1508    869
  1509    869
  1510    869
  1511    869
  1512    869
  1513    869
  1514    869
  1515    869
  1516    869
  1517    869
  1518    869
  1519    869
  1520    869
  1521    869
  1522    869
  1523    869
  1524    869
  1525    869
  1526    869
  1527    869
  1528    869
  1504    870
  1505    870
  1506    870
  1507    870
  1508    870
  1509    870
  1510    870
  1511    870
  1512    870
  1513    870
  1514    870
  1515    870
  1516    870
  1517    870
  1518    870
  1519    870
  1520    870
  1521    870
  1522    870
  1523    870
  1524    870
  1525    870
  1526    870
  1503    871
  1504    871
  1505    871
  1506    871
  1507    871
  1508    871
  1509    871
  1510    871
  1511    871
  1512    871
  1513    871
  1514    871
  1515    871
  1516    871
  1517    871
  1518    871
  1519    871
  1520    871
  1521    871
  1522    871
  1523    871
  1524    871
  1525    871
  1501    872
  1502    872
  1503    872
  1504    872
  1505    872
  1506    872
  1507    872
  1508    872
  1509    872
  1510    872
  1511    872
  1512    872
  1513    872
  1514    872
  1515    872
  1516    872
  1517    872
  1518    872
  1519    872
  1520    872
  1521    872
  1522    872
  1523    872
  1524    872
  1500    873
  1501    873
  1502    873
  1503    873
  1504    873
  1505    873
  1506    873
  1507    873
  1508    873
  1509    873
  1510    873
  1511    873
  1512    873
  1513    873
  1514    873
  1515    873
  1516    873
  1517    873
  1518    873
  1519    873
  1520    873
  1521    873
  1522    873
  1498    874
  1499    874
  1500    874
  1501    874
  1502    874
  1503    874
  1504    874
  1505    874
  1506    874
  1507    874
  1508    874
  1509    874
  1510    874
  1511    874
  1512    874
  1513    874
  1514    874
  1515    874
  1516    874
  1517    874
  1518    874
  1519    874
  1520    874
  1497    875
  1498    875
  1499    875
  1500    875
  1501    875
  1502    875
  1503    875
  1504    875
  1505    875
  1506    875
  1507    875
  1508    875
  1509    875
  1510    875
  1511    875
  1512    875
  1513    875
  1514    875
  1515    875
  1516    875
  1517    875
  1518    875
  1519    875
  1495    876
  1496    876
  1497    876
  1498    876
  1499    876
  1500    876
  1501    876
  1502    876
  1503    876
  1504    876
  1505    876
  1506    876
  1507    876
  1508    876
  1509    876
  1510    876
  1511    876
  1512    876
  1513    876
  1514    876
  1515    876
  1516    876
  1517    876
  1518    876
  1495    877
  1496    877
  1497    877
  1498    877
  1499    877
  1500    877
  1501    877
  1502    877
  1503    877
  1504    877
  1505    877
  1506    877
  1507    877
  1508    877
  1509    877
  1510    877
  1511    877
  1512    877
  1513    877
  1514    877
  1515    877
  1516    877
  1497    878
  1498    878
  1499    878
  1500    878
  1501    878
  1502    878
  1503    878
  1504    878
  1505    878
  1506    878
  1507    878
  1508    878
  1509    878
  1510    878
  1511    878
  1512    878
  1513    878
  1514    878
  1504    879
  1505    879
  1506    879
  1507    879
  1508    879
  1509    879
  1510    879
  1511    879
  1512    879
  1513    879
  1506    880
  1508    880
  1509    880
  1510    880
