  1719    776
  1720    776
  1721    776
  1722    776
  1723    776
  1724    776
  1725    776
  1726    776
  1727    776
  1728    776
  1729    776
  1730    776
  1731    776
  1732    776
  1733    776
  1734    776
  1735    776
  1736    776
  1715    777
  1716    777
  1717    777
  1718    777
  1719    777
  1720    777
  1721    777
  1722    777
  1723    777
  1724    777
  1725    777
  1726    777
  1727    777
  1728    777
  1729    777
  1730    777
  1731    777
  1732    777
  1733    777
  1713    778
  1714    778
  1715    778
  1716    778
  1717    778
  1718    778
  1719    778
  1720    778
  1721    778
  1722    778
  1723    778
  1724    778
  1725    778
  1726    778
  1727    778
  1728    778
  1729    778
  1730    778
  1731    778
  1709    779
  1710    779
  1711    779
  1712    779
  1713    779
  1714    779
  1715    779
  1716    779
  1717    779
  1718    779
  1719    779
  1720    779
  1721    779
  1722    779
  1723    779
  1724    779
  1725    779
  1726    779
  1727    779
  1728    779
  1706    780
  1707    780
  1708    780
  1709    780
  1710    780
  1711    780
  1712    780
  1713    780
  1714    780
  1715    780
  1716    780
  1717    780
  1718    780
  1719    780
  1720    780
  1721    780
  1722    780
  1723    780
  1724    780
  1725    780
  1726    780
  1703    781
  1704    781
  1705    781
  1706    781
  1707    781
  1708    781
  1709    781
  1710    781
  1711    781
  1712    781
  1713    781
  1714    781
  1715    781
  1716    781
  1717    781
  1718    781
  1719    781
  1720    781
  1721    781
  1722    781
  1723    781
  1700    782
  1701    782
  1702    782
  1703    782
  1704    782
  1705    782
  1706    782
  1707    782
  1708    782
  1709    782
  1710    782
  1711    782
  1712    782
  1713    782
  1714    782
  1715    782
  1716    782
  1717    782
  1718    782
  1719    782
  1720    782
  1696    783
  1697    783
  1698    783
  1699    783
  1700    783
  1701    783
  1702    783
  1703    783
  1704    783
  1705    783
  1706    783
  1707    783
  1708    783
  1709    783
  1710    783
  1711    783
  1712    783
  1713    783
  1714    783
  1715    783
  1716    783
  1717    783
  1692    784
  1693    784
  1694    784
  1695    784
  1696    784
  1697    784
  1698    784
  1699    784
  1700    784
  1701    784
  1702    784
  1703    784
  1704    784
  1705    784
  1706    784
  1707    784
  1708    784
  1709    784
  1710    784
  1711    784
  1712    784
  1713    784
  1714    784
  1688    785
  1689    785
  1690    785
  1691    785
  1692    785
  1693    785
  1694    785
  1695    785
  1696    785
  1697    785
  1698    785
  1699    785
  1700    785
  1701    785
  1702    785
  1703    785
  1704    785
  1705    785
  1706    785
  1707    785
  1708    785
  1709    785
  1710    785
  1711    785
  1712    785
  1686    786
  1687    786
  1688    786
  1689    786
  1690    786
  1691    786
  1692    786
  1693    786
  1694    786
  1695    786
  1696    786
  1697    786
  1698    786
  1699    786
  1700    786
  1701    786
  1702    786
  1703    786
  1704    786
  1705    786
  1706    786
  1707    786
  1708    786
  1683    787
  1684    787
  1685    787
  1686    787
  1687    787
  1688    787
  1689    787
  1690    787
  1691    787
  1692    787
  1693    787
  1694    787
  1695    787
  1696    787
  1697    787
  1698    787
  1699    787
  1700    787
  1701    787
  1702    787
  1703    787
  1704    787
  1705    787
  1681    788
  1682    788
  1683    788
  1684    788
  1685    788
  1686    788
  1687    788
  1688    788
  1689    788
  1690    788
  1691    788
  1692    788
  1693    788
  1694    788
  1695    788
  1696    788
  1697    788
  1698    788
  1699    788
  1700    788
  1701    788
  1702    788
  1678    789
  1679    789
  1680    789
  1681    789
  1682    789
  1683    789
  1684    789
  1685    789
  1686    789
  1687    789
  1688    789
  1689    789
  1690    789
  1691    789
  1692    789
  1693    789
  1694    789
  1695    789
  1696    789
  1697    789
  1698    789
  1699    789
  1676    790
  1677    790
  1678    790
  1679    790
  1680    790
  1681    790
  1682    790
  1683    790
  1684    790
  1685    790
  1686    790
  1687    790
  1688    790
  1689    790
  1690    790
  1691    790
  1692    790
  1693    790
  1694    790
  1695    790
  1696    790
  1697    790
  1673    791
  1674    791
  1675    791
  1676    791
  1677    791
  1678    791
  1679    791
  1680    791
  1681    791
  1682    791
  1683    791
  1684    791
  1685    791
  1686    791
  1687    791
  1688    791
  1689    791
  1690    791
  1691    791
  1692    791
  1693    791
  1671    792
  1672    792
  1673    792
  1674    792
  1675    792
  1676    792
  1677    792
  1678    792
  1679    792
  1680    792
  1681    792
  1682    792
  1683    792
  1684    792
  1685    792
  1686    792
  1687    792
  1688    792
  1689    792
  1690    792
  1668    793
  1669    793
  1670    793
  1671    793
  1672    793
  1673    793
  1674    793
  1675    793
  1676    793
  1677    793
  1678    793
  1679    793
  1680    793
  1681    793
  1682    793
  1683    793
  1684    793
  1685    793
  1686    793
  1666    794
  1667    794
  1668    794
  1669    794
  1670    794
  1671    794
  1672    794
  1673    794
  1674    794
  1675    794
  1676    794
  1677    794
  1678    794
  1679    794
  1680    794
  1681    794
  1682    794
  1683    794
  1663    795
  1664    795
  1665    795
  1666    795
  1667    795
  1668    795
  1669    795
  1670    795
  1671    795
  1672    795
  1673    795
  1674    795
  1675    795
  1676    795
  1677    795
  1678    795
  1679    795
  1680    795
  1661    796
  1662    796
  1663    796
  1664    796
  1665    796
  1666    796
  1667    796
  1668    796
  1669    796
  1670    796
  1671    796
  1672    796
  1673    796
  1674    796
  1675    796
  1676    796
  1677    796
  1658    797
  1659    797
  1660    797
  1661    797
  1662    797
  1663    797
  1664    797
  1665    797
  1666    797
  1667    797
  1668    797
  1669    797
  1670    797
  1671    797
  1672    797
  1673    797
  1674    797
  1656    798
  1657    798
  1658    798
  1659    798
  1660    798
  1661    798
  1662    798
  1663    798
  1664    798
  1665    798
  1666    798
  1667    798
  1668    798
  1669    798
  1670    798
  1671    798
  1653    799
  1654    799
  1655    799
  1656    799
  1657    799
  1658    799
  1659    799
  1660    799
  1661    799
  1662    799
  1663    799
  1664    799
  1665    799
  1666    799
  1667    799
  1651    800
  1652    800
  1653    800
  1654    800
  1655    800
  1656    800
  1657    800
  1658    800
  1659    800
  1660    800
  1661    800
  1662    800
  1663    800
  1664    800
  1665    800
  1648    801
  1649    801
  1650    801
  1651    801
  1652    801
  1653    801
  1654    801
  1655    801
  1656    801
  1657    801
  1658    801
  1659    801
  1660    801
  1661    801
  1646    802
  1647    802
  1648    802
  1649    802
  1650    802
  1651    802
  1652    802
  1653    802
  1654    802
  1655    802
  1656    802
  1657    802
  1658    802
  1643    803
  1644    803
  1645    803
  1646    803
  1647    803
  1648    803
  1649    803
  1650    803
  1651    803
  1652    803
  1653    803
  1654    803
  1655    803
  1641    804
  1642    804
  1643    804
  1644    804
  1645    804
  1646    804
  1647    804
  1648    804
  1649    804
  1650    804
  1651    804
  1652    804
  1653    804
  1638    805
  1639    805
  1640    805
  1641    805
  1642    805
  1643    805
  1644    805
  1645    805
  1646    805
  1647    805
  1648    805
  1649    805
  1650    805
  1636    806
  1637    806
  1638    806
  1639    806
  1640    806
  1641    806
  1642    806
  1643    806
  1644    806
  1645    806
  1646    806
  1647    806
  1633    807
  1634    807
  1635    807
  1636    807
  1637    807
  1638    807
  1639    807
  1640    807
  1641    807
  1642    807
  1643    807
  1644    807
  1631    808
  1632    808
  1633    808
  1634    808
  1635    808
  1636    808
  1637    808
  1638    808
  1639    808
  1640    808
  1641    808
  1642    808
  1628    809
  1629    809
  1630    809
  1631    809
  1632    809
  1633    809
  1634    809
  1635    809
  1636    809
  1637    809
  1638    809
  1639    809
  1626    810
  1627    810
  1628    810
  1629    810
  1630    810
  1631    810
  1632    810
  1633    810
  1634    810
  1635    810
  1636    810
  1623    811
  1624    811
  1625    811
  1626    811
  1627    811
  1628    811
  1629    811
  1630    811
  1631    811
  1632    811
  1633    811
  1634    811
  1621    812
  1622    812
  1623    812
  1624    812
  1625    812
  1626    812
  1627    812
  1628    812
  1629    812
  1630    812
  1631    812
  1632    812
  1618    813
  1619    813
  1620    813
  1621    813
  1622    813
  1623    813
  1624    813
  1625    813
  1626    813
  1627    813
  1628    813
  1629    813
  1616    814
  1617    814
  1618    814
  1619    814
  1620    814
  1621    814
  1622    814
  1623    814
  1624    814
  1625    814
  1626    814
  1627    814
  1613    815
  1614    815
  1615    815
  1616    815
  1617    815
  1618    815
  1619    815
  1620    815
  1621    815
  1622    815
  1623    815
  1624    815
  1611    816
  1612    816
  1613    816
  1614    816
  1615    816
  1616    816
  1617    816
  1618    816
  1619    816
  1620    816
  1621    816
  1622    816
  1623    816
  1608    817
  1609    817
  1610    817
  1611    817
  1612    817
  1613    817
  1614    817
  1615    817
  1616    817
  1617    817
  1618    817
  1619    817
  1620    817
  1621    817
  1606    818
  1607    818
  1608    818
  1609    818
  1610    818
  1611    818
  1612    818
  1613    818
  1614    818
  1615    818
  1616    818
  1617    818
  1618    818
  1619    818
  1603    819
  1604    819
  1605    819
  1606    819
  1607    819
  1608    819
  1609    819
  1610    819
  1611    819
  1612    819
  1613    819
  1614    819
  1615    819
  1616    819
  1617    819
  1601    820
  1602    820
  1603    820
  1604    820
  1605    820
  1606    820
  1607    820
  1608    820
  1609    820
  1610    820
  1611    820
  1612    820
  1613    820
  1614    820
  1598    821
  1599    821
  1600    821
  1601    821
  1602    821
  1603    821
  1604    821
  1605    821
  1606    821
  1607    821
  1608    821
  1609    821
  1610    821
  1611    821
  1612    821
  1596    822
  1597    822
  1598    822
  1599    822
  1600    822
  1601    822
  1602    822
  1603    822
  1604    822
  1605    822
  1606    822
  1607    822
  1608    822
  1609    822
  1610    822
  1593    823
  1594    823
  1595    823
  1596    823
  1597    823
  1598    823
  1599    823
  1600    823
  1601    823
  1602    823
  1603    823
  1604    823
  1605    823
  1606    823
  1607    823
  1608    823
  1591    824
  1592    824
  1593    824
  1594    824
  1595    824
  1596    824
  1597    824
  1598    824
  1599    824
  1600    824
  1601    824
  1602    824
  1603    824
  1604    824
  1605    824
  1606    824
  1588    825
  1589    825
  1590    825
  1591    825
  1592    825
  1593    825
  1594    825
  1595    825
  1596    825
  1597    825
  1598    825
  1599    825
  1600    825
  1601    825
  1602    825
  1603    825
  1604    825
  1586    826
  1587    826
  1588    826
  1589    826
  1590    826
  1591    826
  1592    826
  1593    826
  1594    826
  1595    826
  1596    826
  1597    826
  1598    826
  1599    826
  1600    826
  1601    826
  1602    826
  1603    826
  1583    827
  1584    827
  1585    827
  1586    827
  1587    827
  1588    827
  1589    827
  1590    827
  1591    827
  1592    827
  1593    827
  1594    827
  1595    827
  1596    827
  1597    827
  1598    827
  1599    827
  1600    827
  1581    828
  1582    828
  1583    828
  1584    828
  1585    828
  1586    828
  1587    828
  1588    828
  1589    828
  1590    828
  1591    828
  1592    828
  1593    828
  1594    828
  1595    828
  1596    828
  1597    828
  1598    828
  1578    829
  1579    829
  1580    829
  1581    829
  1582    829
  1583    829
  1584    829
  1585    829
  1586    829
  1587    829
  1588    829
  1589    829
  1590    829
  1591    829
  1592    829
  1593    829
  1594    829
  1595    829
  1596    829
  1597    829
  1576    830
  1577    830
  1578    830
  1579    830
  1580    830
  1581    830
  1582    830
  1583    830
  1584    830
  1585    830
  1586    830
  1587    830
  1588    830
  1589    830
  1590    830
  1591    830
  1592    830
  1593    830
  1594    830
  1573    831
  1574    831
  1575    831
  1576    831
  1577    831
  1578    831
  1579    831
  1580    831
  1581    831
  1582    831
  1583    831
  1584    831
  1585    831
  1586    831
  1587    831
  1588    831
  1589    831
  1590    831
  1591    831
  1592    831
  1593    831
  1571    832
  1572    832
  1573    832
  1574    832
  1575    832
  1576    832
  1577    832
  1578    832
  1579    832
  1580    832
  1581    832
  1582    832
  1583    832
  1584    832
  1585    832
  1586    832
  1587    832
  1588    832
  1589    832
  1590    832
  1568    833
  1569    833
  1570    833
  1571    833
  1572    833
  1573    833
  1574    833
  1575    833
  1576    833
  1577    833
  1578    833
  1579    833
  1580    833
  1581    833
  1582    833
  1583    833
  1584    833
  1585    833
  1586    833
  1587    833
  1588    833
  1566    834
  1567    834
  1568    834
  1569    834
  1570    834
  1571    834
  1572    834
  1573    834
  1574    834
  1575    834
  1576    834
  1577    834
  1578    834
  1579    834
  1580    834
  1581    834
  1582    834
  1583    834
  1584    834
  1585    834
  1586    834
  1564    835
  1565    835
  1566    835
  1567    835
  1568    835
  1569    835
  1570    835
  1571    835
  1572    835
  1573    835
  1574    835
  1575    835
  1576    835
  1577    835
  1578    835
  1579    835
  1580    835
  1581    835
  1582    835
  1583    835
  1584    835
  1562    836
  1563    836
  1564    836
  1565    836
  1566    836
  1567    836
  1568    836
  1569    836
  1570    836
  1571    836
  1572    836
  1573    836
  1574    836
  1575    836
  1576    836
  1577    836
  1578    836
  1579    836
  1580    836
  1581    836
  1582    836
  1560    837
  1561    837
  1562    837
  1563    837
  1564    837
  1565    837
  1566    837
  1567    837
  1568    837
  1569    837
  1570    837
  1571    837
  1572    837
  1573    837
  1574    837
  1575    837
  1576    837
  1577    837
  1578    837
  1579    837
  1580    837
  1558    838
  1559    838
  1560    838
  1561    838
  1562    838
  1563    838
  1564    838
  1565    838
  1566    838
  1567    838
  1568    838
  1569    838
  1570    838
  1571    838
  1572    838
  1573    838
  1574    838
  1575    838
  1576    838
  1577    838
  1578    838
  1557    839
  1558    839
  1559    839
  1560    839
  1561    839
  1562    839
  1563    839
  1564    839
  1565    839
  1566    839
  1567    839
  1568    839
  1569    839
  1570    839
  1571    839
  1572    839
  1573    839
  1574    839
  1575    839
  1576    839
  1555    840
  1556    840
  1557    840
  1558    840
  1559    840
  1560    840
  1561    840
  1562    840
  1563    840
  1564    840
  1565    840
  1566    840
  1567    840
  1568    840
  1569    840
  1570    840
  1571    840
  1572    840
  1573    840
  1574    840
  1552    841
  1553    841
  1554    841
  1555    841
  1556    841
  1557    841
  1558    841
  1559    841
  1560    841
  1561    841
  1562    841
  1563    841
  1564    841
  1565    841
  1566    841
  1567    841
  1568    841
  1569    841
  1570    841
  1571    841
  1572    841
  1550    842
  1551    842
  1552    842
  1553    842
  1554    842
  1555    842
  1556    842
  1557    842
  1558    842
  1559    842
  1560    842
  1561    842
  1562    842
  1563    842
  1564    842
  1565    842
  1566    842
  1567    842
  1568    842
  1569    842
  1570    842
  1548    843
  1549    843
  1550    843
  1551    843
  1552    843
  1553    843
  1554    843
  1555    843
  1556    843
  1557    843
  1558    843
  1559    843
  1560    843
  1561    843
  1562    843
  1563    843
  1564    843
  1565    843
  1566    843
  1567    843
  1568    843
  1546    844
  1547    844
  1548    844
  1549    844
  1550    844
  1551    844
  1552    844
  1553    844
  1554    844
  1555    844
  1556    844
  1557    844
  1558    844
  1559    844
  1560    844
  1561    844
  1562    844
  1563    844
  1564    844
  1565    844
  1566    844
  1567    844
  1544    845
  1545    845
  1546    845
  1547    845
  1548    845
  1549    845
  1550    845
  1551    845
  1552    845
  1553    845
  1554    845
  1555    845
  1556    845
  1557    845
  1558    845
  1559    845
  1560    845
  1561    845
  1562    845
  1563    845
  1564    845
  1542    846
  1543    846
  1544    846
  1545    846
  1546    846
  1547    846
  1548    846
  1549    846
  1550    846
  1551    846
  1552    846
  1553    846
  1554    846
  1555    846
  1556    846
  1557    846
  1558    846
  1559    846
  1560    846
  1561    846
  1562    846
  1563    846
  1540    847
  1541    847
  1542    847
  1543    847
  1544    847
  1545    847
  1546    847
  1547    847
  1548    847
  1549    847
  1550    847
  1551    847
  1552    847
  1553    847
  1554    847
  1555    847
  1556    847
  1557    847
  1558    847
  1559    847
  1560    847
  1561    847
  1539    848
  1540    848
  1541    848
  1542    848
  1543    848
  1544    848
  1545    848
  1546    848
  1547    848
  1548    848
  1549    848
  1550    848
  1551    848
  1552    848
  1553    848
  1554    848
  1555    848
  1556    848
  1557    848
  1558    848
  1559    848
  1537    849
  1538    849
  1539    849
  1540    849
  1541    849
  1542    849
  1543    849
  1544    849
  1545    849
  1546    849
  1547    849
  1548    849
  1549    849
  1550    849
  1551    849
  1552    849
  1553    849
  1554    849
  1555    849
  1556    849
  1557    849
  1535    850
  1536    850
  1537    850
  1538    850
  1539    850
  1540    850
  1541    850
  1542    850
  1543    850
  1544    850
  1545    850
  1546    850
  1547    850
  1548    850
  1549    850
  1550    850
  1551    850
  1552    850
  1553    850
  1554    850
  1555    850
  1532    851
  1533    851
  1534    851
  1535    851
  1536    851
  1537    851
  1538    851
  1539    851
  1540    851
  1541    851
  1542    851
  1543    851
  1544    851
  1545    851
  1546    851
  1547    851
  1548    851
  1549    851
  1550    851
  1551    851
  1552    851
  1553    851
  1531    852
  1532    852
  1533    852
  1534    852
  1535    852
  1536    852
  1537    852
  1538    852
  1539    852
  1540    852
  1541    852
  1542    852
  1543    852
  1544    852
  1545    852
  1546    852
  1547    852
  1548    852
  1549    852
  1550    852
  1551    852
  1552    852
  1529    853
  1530    853
  1531    853
  1532    853
  1533    853
  1534    853
  1535    853
  1536    853
  1537    853
  1538    853
  1539    853
  1540    853
  1541    853
  1542    853
  1543    853
  1544    853
  1545    853
  1546    853
  1547    853
  1548    853
  1549    853
  1550    853
  1527    854
  1528    854
  1529    854
  1530    854
  1531    854
  1532    854
  1533    854
  1534    854
  1535    854
  1536    854
  1537    854
  1538    854
  1539    854
  1540    854
  1541    854
  1542    854
  1543    854
  1544    854
  1545    854
  1546    854
  1547    854
  1548    854
  1525    855
  1526    855
  1527    855
  1528    855
  1529    855
  1530    855
  1531    855
  1532    855
  1533    855
  1534    855
  1535    855
  1536    855
  1537    855
  1538    855
  1539    855
  1540    855
  1541    855
  1542    855
  1543    855
  1544    855
  1545    855
  1546    855
  1524    856
  1525    856
  1526    856
  1527    856
  1528    856
  1529    856
  1530    856
  1531    856
  1532    856
  1533    856
  1534    856
  1535    856
  1536    856
  1537    856
  1538    856
  1539    856
  1540    856
  1541    856
  1542    856
  1543    856
  1544    856
  1545    856
  1522    857
  1523    857
  1524    857
  1525    857
  1526    857
  1527    857
  1528    857
  1529    857
  1530    857
  1531    857
  1532    857
  1533    857
  1534    857
  1535    857
  1536    857
  1537    857
  1538    857
  1539    857
  1540    857
  1541    857
  1542    857
  1543    857
  1544    857
  1520    858
  1521    858
  1522    858
  1523    858
  1524    858
  1525    858
  1526    858
  1527    858
  1528    858
  1529    858
  1530    858
  1531    858
  1532    858
  1533    858
  1534    858
  1535    858
  1536    858
  1537    858
  1538    858
  1539    858
  1540    858
  1541    858
  1542    858
  1519    859
  1520    859
  1521    859
  1522    859
  1523    859
  1524    859
  1525    859
  1526    859
  1527    859
  1528    859
  1529    859
  1530    859
  1531    859
  1532    859
  1533    859
  1534    859
  1535    859
  1536    859
  1537    859
  1538    859
  1539    859
  1540    859
  1517    860
  1518    860
  1519    860
  1520    860
  1521    860
  1522    860
  1523    860
  1524    860
  1525    860
  1526    860
  1527    860
  1528    860
  1529    860
  1530    860
  1531    860
  1532    860
  1533    860
  1534    860
  1535    860
  1536    860
  1537    860
  1538    860
  1515    861
  1516    861
  1517    861
  1518    861
  1519    861
  1520    861
  1521    861
  1522    861
  1523    861
  1524    861
  1525    861
  1526    861
  1527    861
  1528    861
  1529    861
  1530    861
  1531    861
  1532    861
  1533    861
  1534    861
  1535    861
  1536    861
  1537    861
  1513    862
  1514    862
  1515    862
  1516    862
  1517    862
  1518    862
  1519    862
  1520    862
  1521    862
  1522    862
  1523    862
  1524    862
  1525    862
  1526    862
  1527    862
  1528    862
  1529    862
  1530    862
  1531    862
  1532    862
  1533    862
  1534    862
  1535    862
  1536    862
  1512    863
  1513    863
  1514    863
  1515    863
  1516    863
  1517    863
  1518    863
  1519    863
  1520    863
  1521    863
  1522    863
  1523    863
  1524    863
  1525    863
  1526    863
  1527    863
  1528    863
  1529    863
  1530    863
  1531    863
  1532    863
  1533    863
  1510    864
  1511    864
  1512    864
  1513    864
  1514    864
  1515    864
  1516    864
  1517    864
  1518    864
  1519    864
  1520    864
  1521    864
  1522    864
  1523    864
  1524    864
  1525    864
  1526    864
  1527    864
  1528    864
  1529    864
  1530    864
  1531    864
  1532    864
  1508    865
  1509    865
  1510    865
  1511    865
  1512    865
  1513    865
  1514    865
  1515    865
  1516    865
  1517    865
  1518    865
  1519    865
  1520    865
  1521    865
  1522    865
  1523    865
  1524    865
  1525    865
  1526    865
  1527    865
  1528    865
  1529    865
  1530    865
  1507    866
  1508    866
  1509    866
  1510    866
  1511    866
  1512    866
  1513    866
  1514    866
  1515    866
  1516    866
  1517    866
  1518    866
  1519    866
  1520    866
  1521    866
  1522    866
  1523    866
  1524    866
  1525    866
  1526    866
  1527    866
  1528    866
  1529    866
  1505    867
  1506    867
  1507    867
  1508    867
  1509    867
  1510    867
  1511    867
  1512    867
  1513    867
  1514    867
  1515    867
  1516    867
  1517    867
  1518    867
  1519    867
  1520    867
  1521    867
  1522    867
  1523    867
  1524    867
  1525    867
  1526    867
  1527    867
  1503    868
  1504    868
  1505    868
  1506    868
  1507    868
  1508    868
  1509    868
  1510    868
  1511    868
  1512    868
  1513    868
  1514    868
  1515    868
  1516    868
  1517    868
  1518    868
  1519    868
  1520    868
  1521    868
  1522    868
  1523    868
  1524    868
  1525    868
  1526    868
  1501    869
  1502    869
  1503    869
  1504    869
  1505    869
  1506    869
  1507    869
  1508    869
  1509    869
  1510    869
  1511    869
  1512    869
  1513    869
  1514    869
  1515    869
  1516    869
  1517    869
  1518    869
  1519    869
  1520    869
  1521    869
  1522    869
  1523    869
  1524    869
  1500    870
  1501    870
  1502    870
  1503    870
  1504    870
  1505    870
  1506    870
  1507    870
  1508    870
  1509    870
  1510    870
  1511    870
  1512    870
  1513    870
  1514    870
  1515    870
  1516    870
  1517    870
  1518    870
  1519    870
  1520    870
  1521    870
  1522    870
  1523    870
  1499    871
  1500    871
  1501    871
  1502    871
  1503    871
  1504    871
  1505    871
  1506    871
  1507    871
  1508    871
  1509    871
  1510    871
  1511    871
  1512    871
  1513    871
  1514    871
  1515    871
  1516    871
  1517    871
  1518    871
  1519    871
  1520    871
  1521    871
  1497    872
  1498    872
  1499    872
  1500    872
  1501    872
  1502    872
  1503    872
  1504    872
  1505    872
  1506    872
  1507    872
  1508    872
  1509    872
  1510    872
  1511    872
  1512    872
  1513    872
  1514    872
  1515    872
  1516    872
  1517    872
  1518    872
  1519    872
  1520    872
  1495    873
  1496    873
  1497    873
  1498    873
  1499    873
  1500    873
  1501    873
  1502    873
  1503    873
  1504    873
  1505    873
  1506    873
  1507    873
  1508    873
  1509    873
  1510    873
  1511    873
  1512    873
  1513    873
  1514    873
  1515    873
  1516    873
  1517    873
  1518    873
  1494    874
  1495    874
  1496    874
  1497    874
  1498    874
  1499    874
  1500    874
  1501    874
  1502    874
  1503    874
  1504    874
  1505    874
  1506    874
  1507    874
  1508    874
  1509    874
  1510    874
  1511    874
  1512    874
  1513    874
  1514    874
  1515    874
  1516    874
  1517    874
  1493    875
  1494    875
  1495    875
  1496    875
  1497    875
  1498    875
  1499    875
  1500    875
  1501    875
  1502    875
  1503    875
  1504    875
  1505    875
  1506    875
  1507    875
  1508    875
  1509    875
  1510    875
  1511    875
  1512    875
  1513    875
  1514    875
  1515    875
  1516    875
  1493    876
  1494    876
  1495    876
  1496    876
  1497    876
  1498    876
  1499    876
  1500    876
  1501    876
  1502    876
  1503    876
  1504    876
  1505    876
  1506    876
  1507    876
  1508    876
  1509    876
  1510    876
  1511    876
  1512    876
  1513    876
  1514    876
  1496    877
  1497    877
  1498    877
  1499    877
  1500    877
  1501    877
  1502    877
  1503    877
  1504    877
  1505    877
  1506    877
  1507    877
  1508    877
  1509    877
  1510    877
  1511    877
  1512    877
  1513    877
  1494    878
  1495    878
  1496    878
  1497    878
  1498    878
  1499    878
  1500    878
  1501    878
  1502    878
  1503    878
  1504    878
  1505    878
  1506    878
  1507    878
  1508    878
  1509    878
  1510    878
  1511    878
  1495    879
  1496    879
  1497    879
  1498    879
  1499    879
  1500    879
  1501    879
  1502    879
  1503    879
  1504    879
  1505    879
  1506    879
  1507    879
  1508    879
  1509    879
  1497    880
  1498    880
  1499    880
  1500    880
  1501    880
  1502    880
  1503    880
  1504    880
  1505    880
  1506    880
  1507    880
  1508    880
