  1834    742
  1835    742
  1836    742
  1837    742
  1838    742
  1839    742
  1840    742
  1841    742
  1842    742
  1830    743
  1831    743
  1832    743
  1833    743
  1834    743
  1835    743
  1836    743
  1837    743
  1838    743
  1839    743
  1827    744
  1828    744
  1829    744
  1830    744
  1831    744
  1832    744
  1833    744
  1834    744
  1835    744
  1836    744
  1837    744
  1824    745
  1825    745
  1826    745
  1827    745
  1828    745
  1829    745
  1830    745
  1831    745
  1832    745
  1833    745
  1834    745
  1821    746
  1822    746
  1823    746
  1824    746
  1825    746
  1826    746
  1827    746
  1828    746
  1829    746
  1830    746
  1831    746
  1819    747
  1820    747
  1821    747
  1822    747
  1823    747
  1824    747
  1825    747
  1826    747
  1827    747
  1828    747
  1816    748
  1817    748
  1818    748
  1819    748
  1820    748
  1821    748
  1822    748
  1823    748
  1824    748
  1825    748
  1812    749
  1813    749
  1814    749
  1815    749
  1816    749
  1817    749
  1818    749
  1819    749
  1820    749
  1821    749
  1822    749
  1810    750
  1811    750
  1812    750
  1813    750
  1814    750
  1815    750
  1816    750
  1817    750
  1818    750
  1819    750
  1806    751
  1807    751
  1808    751
  1809    751
  1810    751
  1811    751
  1812    751
  1813    751
  1814    751
  1815    751
  1816    751
  1817    751
  1804    752
  1805    752
  1806    752
  1807    752
  1808    752
  1809    752
  1810    752
  1811    752
  1812    752
  1813    752
  1801    753
  1802    753
  1803    753
  1804    753
  1805    753
  1806    753
  1807    753
  1808    753
  1809    753
  1810    753
  1811    753
  1798    754
  1799    754
  1800    754
  1801    754
  1802    754
  1803    754
  1804    754
  1805    754
  1806    754
  1807    754
  1808    754
  1795    755
  1796    755
  1797    755
  1798    755
  1799    755
  1800    755
  1801    755
  1802    755
  1803    755
  1804    755
  1792    756
  1793    756
  1794    756
  1795    756
  1796    756
  1797    756
  1798    756
  1799    756
  1800    756
  1801    756
  1789    757
  1790    757
  1791    757
  1792    757
  1793    757
  1794    757
  1795    757
  1796    757
  1797    757
  1798    757
  1786    758
  1787    758
  1788    758
  1789    758
  1790    758
  1791    758
  1792    758
  1793    758
  1794    758
  1795    758
  1796    758
  1782    759
  1783    759
  1784    759
  1785    759
  1786    759
  1787    759
  1788    759
  1789    759
  1790    759
  1791    759
  1792    759
  1793    759
  1779    760
  1780    760
  1781    760
  1782    760
  1783    760
  1784    760
  1785    760
  1786    760
  1787    760
  1788    760
  1789    760
  1790    760
  1776    761
  1777    761
  1778    761
  1779    761
  1780    761
  1781    761
  1782    761
  1783    761
  1784    761
  1785    761
  1786    761
  1787    761
  1774    762
  1775    762
  1776    762
  1777    762
  1778    762
  1779    762
  1780    762
  1781    762
  1782    762
  1783    762
  1784    762
  1770    763
  1771    763
  1772    763
  1773    763
  1774    763
  1775    763
  1776    763
  1777    763
  1778    763
  1779    763
  1780    763
  1781    763
  1767    764
  1768    764
  1769    764
  1770    764
  1771    764
  1772    764
  1773    764
  1774    764
  1775    764
  1776    764
  1777    764
  1778    764
  1764    765
  1765    765
  1766    765
  1767    765
  1768    765
  1769    765
  1770    765
  1771    765
  1772    765
  1773    765
  1774    765
  1775    765
  1760    766
  1761    766
  1762    766
  1763    766
  1764    766
  1765    766
  1766    766
  1767    766
  1768    766
  1769    766
  1770    766
  1771    766
  1772    766
  1773    766
  1758    767
  1759    767
  1760    767
  1761    767
  1762    767
  1763    767
  1764    767
  1765    767
  1766    767
  1767    767
  1768    767
  1769    767
  1755    768
  1756    768
  1757    768
  1758    768
  1759    768
  1760    768
  1761    768
  1762    768
  1763    768
  1764    768
  1765    768
  1766    768
  1767    768
  1752    769
  1753    769
  1754    769
  1755    769
  1756    769
  1757    769
  1758    769
  1759    769
  1760    769
  1761    769
  1762    769
  1763    769
  1749    770
  1750    770
  1751    770
  1752    770
  1753    770
  1754    770
  1755    770
  1756    770
  1757    770
  1758    770
  1759    770
  1760    770
  1745    771
  1746    771
  1747    771
  1748    771
  1749    771
  1750    771
  1751    771
  1752    771
  1753    771
  1754    771
  1755    771
  1756    771
  1757    771
  1742    772
  1743    772
  1744    772
  1745    772
  1746    772
  1747    772
  1748    772
  1749    772
  1750    772
  1751    772
  1752    772
  1753    772
  1754    772
  1755    772
  1739    773
  1740    773
  1741    773
  1742    773
  1743    773
  1744    773
  1745    773
  1746    773
  1747    773
  1748    773
  1749    773
  1750    773
  1751    773
  1752    773
  1736    774
  1737    774
  1738    774
  1739    774
  1740    774
  1741    774
  1742    774
  1743    774
  1744    774
  1745    774
  1746    774
  1747    774
  1748    774
  1749    774
  1750    774
  1733    775
  1734    775
  1735    775
  1736    775
  1737    775
  1738    775
  1739    775
  1740    775
  1741    775
  1742    775
  1743    775
  1744    775
  1745    775
  1746    775
  1747    775
  1730    776
  1731    776
  1732    776
  1733    776
  1734    776
  1735    776
  1736    776
  1737    776
  1738    776
  1739    776
  1740    776
  1741    776
  1742    776
  1743    776
  1744    776
  1726    777
  1727    777
  1728    777
  1729    777
  1730    777
  1731    777
  1732    777
  1733    777
  1734    777
  1735    777
  1736    777
  1737    777
  1738    777
  1739    777
  1740    777
  1741    777
  1742    777
  1723    778
  1724    778
  1725    778
  1726    778
  1727    778
  1728    778
  1729    778
  1730    778
  1731    778
  1732    778
  1733    778
  1734    778
  1735    778
  1736    778
  1737    778
  1738    778
  1739    778
  1719    779
  1720    779
  1721    779
  1722    779
  1723    779
  1724    779
  1725    779
  1726    779
  1727    779
  1728    779
  1729    779
  1730    779
  1731    779
  1732    779
  1733    779
  1734    779
  1735    779
  1736    779
  1716    780
  1717    780
  1718    780
  1719    780
  1720    780
  1721    780
  1722    780
  1723    780
  1724    780
  1725    780
  1726    780
  1727    780
  1728    780
  1729    780
  1730    780
  1731    780
  1732    780
  1733    780
  1734    780
  1713    781
  1714    781
  1715    781
  1716    781
  1717    781
  1718    781
  1719    781
  1720    781
  1721    781
  1722    781
  1723    781
  1724    781
  1725    781
  1726    781
  1727    781
  1728    781
  1729    781
  1730    781
  1731    781
  1710    782
  1711    782
  1712    782
  1713    782
  1714    782
  1715    782
  1716    782
  1717    782
  1718    782
  1719    782
  1720    782
  1721    782
  1722    782
  1723    782
  1724    782
  1725    782
  1726    782
  1727    782
  1728    782
  1729    782
  1707    783
  1708    783
  1709    783
  1710    783
  1711    783
  1712    783
  1713    783
  1714    783
  1715    783
  1716    783
  1717    783
  1718    783
  1719    783
  1720    783
  1721    783
  1722    783
  1723    783
  1724    783
  1725    783
  1726    783
  1704    784
  1705    784
  1706    784
  1707    784
  1708    784
  1709    784
  1710    784
  1711    784
  1712    784
  1713    784
  1714    784
  1715    784
  1716    784
  1717    784
  1718    784
  1719    784
  1720    784
  1721    784
  1722    784
  1723    784
  1700    785
  1701    785
  1702    785
  1703    785
  1704    785
  1705    785
  1706    785
  1707    785
  1708    785
  1709    785
  1710    785
  1711    785
  1712    785
  1713    785
  1714    785
  1715    785
  1716    785
  1717    785
  1718    785
  1719    785
  1720    785
  1697    786
  1698    786
  1699    786
  1700    786
  1701    786
  1702    786
  1703    786
  1704    786
  1705    786
  1706    786
  1707    786
  1708    786
  1709    786
  1710    786
  1711    786
  1712    786
  1713    786
  1714    786
  1715    786
  1716    786
  1717    786
  1694    787
  1695    787
  1696    787
  1697    787
  1698    787
  1699    787
  1700    787
  1701    787
  1702    787
  1703    787
  1704    787
  1705    787
  1706    787
  1707    787
  1708    787
  1709    787
  1710    787
  1711    787
  1712    787
  1713    787
  1714    787
  1690    788
  1691    788
  1692    788
  1693    788
  1694    788
  1695    788
  1696    788
  1697    788
  1698    788
  1699    788
  1700    788
  1701    788
  1702    788
  1703    788
  1704    788
  1705    788
  1706    788
  1707    788
  1708    788
  1709    788
  1710    788
  1711    788
  1712    788
  1682    789
  1683    789
  1684    789
  1685    789
  1686    789
  1687    789
  1688    789
  1689    789
  1690    789
  1691    789
  1692    789
  1693    789
  1694    789
  1695    789
  1696    789
  1697    789
  1698    789
  1699    789
  1700    789
  1701    789
  1702    789
  1703    789
  1704    789
  1705    789
  1706    789
  1707    789
  1708    789
  1709    789
  1679    790
  1680    790
  1681    790
  1682    790
  1683    790
  1684    790
  1685    790
  1686    790
  1687    790
  1688    790
  1689    790
  1690    790
  1691    790
  1692    790
  1693    790
  1694    790
  1695    790
  1696    790
  1697    790
  1698    790
  1699    790
  1700    790
  1701    790
  1702    790
  1703    790
  1704    790
  1705    790
  1706    790
  1677    791
  1678    791
  1679    791
  1680    791
  1681    791
  1682    791
  1683    791
  1684    791
  1685    791
  1686    791
  1687    791
  1688    791
  1689    791
  1690    791
  1691    791
  1692    791
  1693    791
  1694    791
  1695    791
  1696    791
  1697    791
  1698    791
  1699    791
  1700    791
  1701    791
  1702    791
  1703    791
  1674    792
  1675    792
  1676    792
  1677    792
  1678    792
  1679    792
  1680    792
  1681    792
  1682    792
  1683    792
  1684    792
  1685    792
  1686    792
  1687    792
  1688    792
  1689    792
  1690    792
  1691    792
  1692    792
  1693    792
  1694    792
  1695    792
  1696    792
  1697    792
  1698    792
  1699    792
  1700    792
  1671    793
  1672    793
  1673    793
  1674    793
  1675    793
  1676    793
  1677    793
  1678    793
  1679    793
  1680    793
  1681    793
  1682    793
  1683    793
  1684    793
  1685    793
  1686    793
  1687    793
  1688    793
  1689    793
  1690    793
  1691    793
  1692    793
  1693    793
  1694    793
  1695    793
  1696    793
  1697    793
  1667    794
  1668    794
  1669    794
  1670    794
  1671    794
  1672    794
  1673    794
  1674    794
  1675    794
  1676    794
  1677    794
  1678    794
  1679    794
  1680    794
  1681    794
  1682    794
  1683    794
  1684    794
  1685    794
  1686    794
  1687    794
  1688    794
  1689    794
  1690    794
  1691    794
  1692    794
  1693    794
  1665    795
  1666    795
  1667    795
  1668    795
  1669    795
  1670    795
  1671    795
  1672    795
  1673    795
  1674    795
  1675    795
  1676    795
  1677    795
  1678    795
  1679    795
  1680    795
  1681    795
  1682    795
  1683    795
  1684    795
  1685    795
  1686    795
  1687    795
  1688    795
  1689    795
  1690    795
  1661    796
  1662    796
  1663    796
  1664    796
  1665    796
  1666    796
  1667    796
  1668    796
  1669    796
  1670    796
  1671    796
  1672    796
  1673    796
  1674    796
  1675    796
  1676    796
  1677    796
  1678    796
  1679    796
  1680    796
  1681    796
  1682    796
  1683    796
  1684    796
  1685    796
  1686    796
  1687    796
  1657    797
  1658    797
  1659    797
  1660    797
  1661    797
  1662    797
  1663    797
  1664    797
  1665    797
  1666    797
  1667    797
  1668    797
  1669    797
  1670    797
  1671    797
  1672    797
  1673    797
  1674    797
  1675    797
  1676    797
  1677    797
  1678    797
  1679    797
  1680    797
  1681    797
  1682    797
  1683    797
  1684    797
  1653    798
  1654    798
  1655    798
  1656    798
  1657    798
  1658    798
  1659    798
  1660    798
  1661    798
  1662    798
  1663    798
  1664    798
  1665    798
  1666    798
  1667    798
  1668    798
  1669    798
  1670    798
  1671    798
  1672    798
  1673    798
  1674    798
  1675    798
  1676    798
  1677    798
  1678    798
  1679    798
  1680    798
  1681    798
  1649    799
  1650    799
  1651    799
  1652    799
  1653    799
  1654    799
  1655    799
  1656    799
  1657    799
  1658    799
  1659    799
  1660    799
  1661    799
  1662    799
  1663    799
  1664    799
  1665    799
  1666    799
  1667    799
  1668    799
  1669    799
  1670    799
  1671    799
  1672    799
  1673    799
  1674    799
  1675    799
  1676    799
  1677    799
  1678    799
  1646    800
  1647    800
  1648    800
  1649    800
  1650    800
  1651    800
  1652    800
  1653    800
  1654    800
  1655    800
  1656    800
  1657    800
  1658    800
  1659    800
  1660    800
  1661    800
  1662    800
  1663    800
  1664    800
  1665    800
  1666    800
  1667    800
  1668    800
  1669    800
  1670    800
  1671    800
  1672    800
  1673    800
  1674    800
  1675    800
  1642    801
  1643    801
  1644    801
  1645    801
  1646    801
  1647    801
  1648    801
  1649    801
  1650    801
  1651    801
  1652    801
  1653    801
  1654    801
  1655    801
  1656    801
  1657    801
  1658    801
  1659    801
  1660    801
  1661    801
  1662    801
  1663    801
  1664    801
  1665    801
  1666    801
  1667    801
  1668    801
  1669    801
  1670    801
  1671    801
  1672    801
  1639    802
  1640    802
  1641    802
  1642    802
  1643    802
  1644    802
  1645    802
  1646    802
  1647    802
  1648    802
  1649    802
  1650    802
  1651    802
  1652    802
  1653    802
  1654    802
  1655    802
  1656    802
  1657    802
  1658    802
  1659    802
  1660    802
  1661    802
  1662    802
  1663    802
  1664    802
  1665    802
  1666    802
  1667    802
  1668    802
  1669    802
  1634    803
  1635    803
  1636    803
  1637    803
  1638    803
  1639    803
  1640    803
  1641    803
  1642    803
  1643    803
  1644    803
  1645    803
  1646    803
  1647    803
  1648    803
  1649    803
  1650    803
  1651    803
  1652    803
  1653    803
  1654    803
  1655    803
  1656    803
  1657    803
  1658    803
  1659    803
  1660    803
  1661    803
  1662    803
  1663    803
  1664    803
  1665    803
  1666    803
  1631    804
  1632    804
  1633    804
  1634    804
  1635    804
  1636    804
  1637    804
  1638    804
  1639    804
  1640    804
  1641    804
  1642    804
  1643    804
  1644    804
  1645    804
  1646    804
  1647    804
  1648    804
  1649    804
  1650    804
  1651    804
  1652    804
  1653    804
  1654    804
  1655    804
  1656    804
  1657    804
  1658    804
  1659    804
  1660    804
  1661    804
  1662    804
  1628    805
  1629    805
  1630    805
  1631    805
  1632    805
  1633    805
  1634    805
  1635    805
  1636    805
  1637    805
  1638    805
  1639    805
  1640    805
  1641    805
  1642    805
  1643    805
  1644    805
  1645    805
  1646    805
  1647    805
  1648    805
  1649    805
  1650    805
  1651    805
  1652    805
  1653    805
  1654    805
  1655    805
  1656    805
  1657    805
  1658    805
  1659    805
  1623    806
  1624    806
  1625    806
  1626    806
  1627    806
  1628    806
  1629    806
  1630    806
  1631    806
  1632    806
  1633    806
  1634    806
  1635    806
  1636    806
  1637    806
  1638    806
  1639    806
  1640    806
  1641    806
  1642    806
  1643    806
  1644    806
  1645    806
  1646    806
  1647    806
  1648    806
  1649    806
  1650    806
  1651    806
  1652    806
  1653    806
  1654    806
  1655    806
  1656    806
  1657    806
  1620    807
  1621    807
  1622    807
  1623    807
  1624    807
  1625    807
  1626    807
  1627    807
  1628    807
  1629    807
  1630    807
  1631    807
  1632    807
  1633    807
  1634    807
  1635    807
  1636    807
  1637    807
  1638    807
  1639    807
  1640    807
  1641    807
  1642    807
  1643    807
  1644    807
  1645    807
  1646    807
  1647    807
  1648    807
  1649    807
  1650    807
  1651    807
  1652    807
  1653    807
  1654    807
  1655    807
  1617    808
  1618    808
  1619    808
  1620    808
  1621    808
  1622    808
  1623    808
  1624    808
  1625    808
  1626    808
  1627    808
  1628    808
  1629    808
  1630    808
  1631    808
  1632    808
  1633    808
  1634    808
  1635    808
  1636    808
  1637    808
  1638    808
  1639    808
  1640    808
  1641    808
  1642    808
  1643    808
  1644    808
  1645    808
  1646    808
  1647    808
  1648    808
  1649    808
  1650    808
  1651    808
  1652    808
  1612    809
  1613    809
  1614    809
  1615    809
  1616    809
  1617    809
  1618    809
  1619    809
  1620    809
  1621    809
  1622    809
  1623    809
  1624    809
  1625    809
  1626    809
  1627    809
  1628    809
  1629    809
  1630    809
  1631    809
  1632    809
  1633    809
  1634    809
  1635    809
  1636    809
  1637    809
  1638    809
  1639    809
  1640    809
  1641    809
  1642    809
  1643    809
  1644    809
  1645    809
  1646    809
  1647    809
  1648    809
  1649    809
  1650    809
  1609    810
  1610    810
  1611    810
  1612    810
  1613    810
  1614    810
  1615    810
  1616    810
  1617    810
  1618    810
  1619    810
  1620    810
  1621    810
  1622    810
  1623    810
  1624    810
  1625    810
  1626    810
  1627    810
  1628    810
  1631    810
  1632    810
  1633    810
  1634    810
  1635    810
  1636    810
  1637    810
  1638    810
  1639    810
  1640    810
  1641    810
  1642    810
  1643    810
  1644    810
  1645    810
  1646    810
  1647    810
  1604    811
  1605    811
  1606    811
  1607    811
  1608    811
  1609    811
  1610    811
  1611    811
  1612    811
  1613    811
  1614    811
  1615    811
  1616    811
  1617    811
  1618    811
  1619    811
  1620    811
  1621    811
  1622    811
  1623    811
  1624    811
  1629    811
  1630    811
  1631    811
  1632    811
  1633    811
  1634    811
  1635    811
  1636    811
  1637    811
  1638    811
  1639    811
  1640    811
  1641    811
  1642    811
  1643    811
  1644    811
  1645    811
  1601    812
  1602    812
  1603    812
  1604    812
  1605    812
  1606    812
  1607    812
  1608    812
  1609    812
  1610    812
  1611    812
  1612    812
  1613    812
  1614    812
  1615    812
  1616    812
  1617    812
  1618    812
  1619    812
  1620    812
  1621    812
  1626    812
  1627    812
  1628    812
  1629    812
  1630    812
  1631    812
  1632    812
  1633    812
  1634    812
  1635    812
  1636    812
  1637    812
  1638    812
  1639    812
  1640    812
  1641    812
  1642    812
  1643    812
  1598    813
  1599    813
  1600    813
  1601    813
  1602    813
  1603    813
  1604    813
  1605    813
  1606    813
  1607    813
  1608    813
  1609    813
  1610    813
  1611    813
  1612    813
  1613    813
  1614    813
  1615    813
  1616    813
  1617    813
  1623    813
  1624    813
  1625    813
  1626    813
  1627    813
  1628    813
  1629    813
  1630    813
  1631    813
  1632    813
  1633    813
  1634    813
  1635    813
  1636    813
  1637    813
  1638    813
  1639    813
  1640    813
  1593    814
  1594    814
  1595    814
  1596    814
  1597    814
  1598    814
  1599    814
  1600    814
  1601    814
  1602    814
  1603    814
  1604    814
  1605    814
  1606    814
  1607    814
  1608    814
  1609    814
  1610    814
  1611    814
  1612    814
  1621    814
  1622    814
  1623    814
  1624    814
  1625    814
  1626    814
  1627    814
  1628    814
  1629    814
  1630    814
  1631    814
  1632    814
  1633    814
  1634    814
  1635    814
  1636    814
  1637    814
  1638    814
  1589    815
  1590    815
  1591    815
  1592    815
  1593    815
  1594    815
  1595    815
  1596    815
  1597    815
  1598    815
  1599    815
  1600    815
  1601    815
  1602    815
  1603    815
  1604    815
  1605    815
  1606    815
  1607    815
  1608    815
  1609    815
  1618    815
  1619    815
  1620    815
  1621    815
  1622    815
  1623    815
  1624    815
  1625    815
  1626    815
  1627    815
  1628    815
  1629    815
  1630    815
  1631    815
  1632    815
  1633    815
  1634    815
  1635    815
  1586    816
  1587    816
  1588    816
  1589    816
  1590    816
  1591    816
  1592    816
  1593    816
  1594    816
  1595    816
  1596    816
  1597    816
  1598    816
  1599    816
  1600    816
  1601    816
  1602    816
  1603    816
  1604    816
  1605    816
  1606    816
  1615    816
  1616    816
  1617    816
  1618    816
  1619    816
  1620    816
  1621    816
  1622    816
  1623    816
  1624    816
  1625    816
  1626    816
  1627    816
  1628    816
  1629    816
  1630    816
  1631    816
  1632    816
  1633    816
  1582    817
  1583    817
  1584    817
  1585    817
  1586    817
  1587    817
  1588    817
  1589    817
  1590    817
  1591    817
  1592    817
  1593    817
  1594    817
  1595    817
  1596    817
  1597    817
  1598    817
  1599    817
  1600    817
  1601    817
  1613    817
  1614    817
  1615    817
  1616    817
  1617    817
  1618    817
  1619    817
  1620    817
  1621    817
  1622    817
  1623    817
  1624    817
  1625    817
  1626    817
  1627    817
  1628    817
  1629    817
  1630    817
  1631    817
  1632    817
  1578    818
  1579    818
  1580    818
  1581    818
  1582    818
  1583    818
  1584    818
  1585    818
  1586    818
  1587    818
  1588    818
  1589    818
  1590    818
  1591    818
  1592    818
  1593    818
  1594    818
  1595    818
  1596    818
  1597    818
  1598    818
  1610    818
  1611    818
  1612    818
  1613    818
  1614    818
  1615    818
  1616    818
  1617    818
  1618    818
  1619    818
  1620    818
  1621    818
  1622    818
  1623    818
  1624    818
  1625    818
  1626    818
  1627    818
  1628    818
  1629    818
  1574    819
  1575    819
  1576    819
  1577    819
  1578    819
  1579    819
  1580    819
  1581    819
  1582    819
  1583    819
  1584    819
  1585    819
  1586    819
  1587    819
  1588    819
  1589    819
  1590    819
  1591    819
  1592    819
  1593    819
  1610    819
  1611    819
  1612    819
  1613    819
  1614    819
  1615    819
  1616    819
  1617    819
  1618    819
  1619    819
  1620    819
  1621    819
  1622    819
  1623    819
  1624    819
  1625    819
  1626    819
  1627    819
  1569    820
  1570    820
  1571    820
  1572    820
  1573    820
  1574    820
  1575    820
  1576    820
  1577    820
  1578    820
  1579    820
  1580    820
  1581    820
  1582    820
  1583    820
  1584    820
  1585    820
  1586    820
  1587    820
  1588    820
  1589    820
  1590    820
  1608    820
  1609    820
  1610    820
  1611    820
  1612    820
  1613    820
  1614    820
  1615    820
  1616    820
  1617    820
  1618    820
  1619    820
  1620    820
  1621    820
  1622    820
  1623    820
  1624    820
  1625    820
  1566    821
  1567    821
  1568    821
  1569    821
  1570    821
  1571    821
  1572    821
  1573    821
  1574    821
  1575    821
  1576    821
  1577    821
  1578    821
  1579    821
  1580    821
  1581    821
  1582    821
  1583    821
  1584    821
  1585    821
  1586    821
  1607    821
  1608    821
  1609    821
  1610    821
  1611    821
  1612    821
  1613    821
  1614    821
  1615    821
  1616    821
  1617    821
  1618    821
  1619    821
  1620    821
  1621    821
  1622    821
  1623    821
  1561    822
  1562    822
  1563    822
  1564    822
  1565    822
  1566    822
  1567    822
  1568    822
  1569    822
  1570    822
  1571    822
  1572    822
  1573    822
  1574    822
  1575    822
  1576    822
  1577    822
  1578    822
  1579    822
  1580    822
  1581    822
  1582    822
  1605    822
  1606    822
  1607    822
  1608    822
  1609    822
  1610    822
  1611    822
  1612    822
  1613    822
  1614    822
  1615    822
  1616    822
  1617    822
  1618    822
  1619    822
  1620    822
  1621    822
  1557    823
  1558    823
  1559    823
  1560    823
  1561    823
  1562    823
  1563    823
  1564    823
  1565    823
  1566    823
  1567    823
  1568    823
  1569    823
  1570    823
  1571    823
  1572    823
  1573    823
  1574    823
  1575    823
  1576    823
  1577    823
  1578    823
  1602    823
  1603    823
  1604    823
  1605    823
  1606    823
  1607    823
  1608    823
  1609    823
  1610    823
  1611    823
  1612    823
  1613    823
  1614    823
  1615    823
  1616    823
  1617    823
  1618    823
  1619    823
  1553    824
  1554    824
  1555    824
  1556    824
  1557    824
  1558    824
  1559    824
  1560    824
  1561    824
  1562    824
  1563    824
  1564    824
  1565    824
  1566    824
  1567    824
  1568    824
  1569    824
  1570    824
  1571    824
  1572    824
  1573    824
  1601    824
  1602    824
  1603    824
  1604    824
  1605    824
  1606    824
  1607    824
  1608    824
  1609    824
  1610    824
  1611    824
  1612    824
  1613    824
  1614    824
  1615    824
  1616    824
  1617    824
  1547    825
  1548    825
  1549    825
  1550    825
  1551    825
  1552    825
  1553    825
  1554    825
  1555    825
  1556    825
  1557    825
  1558    825
  1559    825
  1560    825
  1561    825
  1562    825
  1563    825
  1564    825
  1565    825
  1566    825
  1567    825
  1568    825
  1569    825
  1570    825
  1599    825
  1600    825
  1601    825
  1602    825
  1603    825
  1604    825
  1605    825
  1606    825
  1607    825
  1608    825
  1609    825
  1610    825
  1611    825
  1612    825
  1613    825
  1614    825
  1615    825
  1544    826
  1545    826
  1546    826
  1547    826
  1548    826
  1549    826
  1550    826
  1551    826
  1552    826
  1553    826
  1554    826
  1555    826
  1556    826
  1557    826
  1558    826
  1559    826
  1560    826
  1561    826
  1562    826
  1563    826
  1564    826
  1565    826
  1597    826
  1598    826
  1599    826
  1600    826
  1601    826
  1602    826
  1603    826
  1604    826
  1605    826
  1606    826
  1607    826
  1608    826
  1609    826
  1610    826
  1611    826
  1612    826
  1613    826
  1540    827
  1541    827
  1542    827
  1543    827
  1544    827
  1545    827
  1546    827
  1547    827
  1548    827
  1549    827
  1550    827
  1551    827
  1552    827
  1553    827
  1554    827
  1555    827
  1556    827
  1557    827
  1558    827
  1559    827
  1560    827
  1561    827
  1562    827
  1595    827
  1596    827
  1597    827
  1598    827
  1599    827
  1600    827
  1601    827
  1602    827
  1603    827
  1604    827
  1605    827
  1606    827
  1607    827
  1608    827
  1609    827
  1610    827
  1611    827
  1536    828
  1537    828
  1538    828
  1539    828
  1540    828
  1541    828
  1542    828
  1543    828
  1544    828
  1545    828
  1546    828
  1547    828
  1548    828
  1549    828
  1550    828
  1551    828
  1552    828
  1553    828
  1554    828
  1555    828
  1556    828
  1557    828
  1592    828
  1593    828
  1594    828
  1595    828
  1596    828
  1597    828
  1598    828
  1599    828
  1600    828
  1601    828
  1602    828
  1603    828
  1604    828
  1605    828
  1606    828
  1607    828
  1608    828
  1609    828
  1610    828
  1531    829
  1532    829
  1533    829
  1534    829
  1535    829
  1536    829
  1537    829
  1538    829
  1539    829
  1540    829
  1541    829
  1542    829
  1543    829
  1544    829
  1545    829
  1546    829
  1547    829
  1548    829
  1549    829
  1550    829
  1551    829
  1552    829
  1553    829
  1590    829
  1591    829
  1592    829
  1593    829
  1594    829
  1595    829
  1596    829
  1597    829
  1598    829
  1599    829
  1600    829
  1601    829
  1602    829
  1603    829
  1604    829
  1605    829
  1606    829
  1607    829
  1608    829
  1527    830
  1528    830
  1529    830
  1530    830
  1531    830
  1532    830
  1533    830
  1534    830
  1535    830
  1536    830
  1537    830
  1538    830
  1539    830
  1540    830
  1541    830
  1542    830
  1543    830
  1544    830
  1545    830
  1546    830
  1547    830
  1548    830
  1549    830
  1550    830
  1588    830
  1589    830
  1590    830
  1591    830
  1592    830
  1593    830
  1594    830
  1595    830
  1596    830
  1597    830
  1598    830
  1599    830
  1600    830
  1601    830
  1602    830
  1603    830
  1604    830
  1605    830
  1524    831
  1525    831
  1526    831
  1527    831
  1528    831
  1529    831
  1530    831
  1531    831
  1532    831
  1533    831
  1534    831
  1535    831
  1536    831
  1537    831
  1538    831
  1539    831
  1540    831
  1541    831
  1542    831
  1543    831
  1544    831
  1545    831
  1546    831
  1585    831
  1586    831
  1587    831
  1588    831
  1589    831
  1590    831
  1591    831
  1592    831
  1593    831
  1594    831
  1595    831
  1596    831
  1597    831
  1598    831
  1599    831
  1600    831
  1601    831
  1602    831
  1603    831
  1604    831
  1518    832
  1519    832
  1520    832
  1521    832
  1522    832
  1523    832
  1524    832
  1525    832
  1526    832
  1527    832
  1528    832
  1529    832
  1530    832
  1531    832
  1532    832
  1533    832
  1534    832
  1535    832
  1536    832
  1537    832
  1538    832
  1539    832
  1540    832
  1541    832
  1542    832
  1584    832
  1585    832
  1586    832
  1587    832
  1588    832
  1589    832
  1590    832
  1591    832
  1592    832
  1593    832
  1594    832
  1595    832
  1596    832
  1597    832
  1598    832
  1599    832
  1600    832
  1601    832
  1602    832
  1514    833
  1515    833
  1516    833
  1517    833
  1518    833
  1519    833
  1520    833
  1521    833
  1522    833
  1523    833
  1524    833
  1525    833
  1526    833
  1527    833
  1528    833
  1529    833
  1530    833
  1531    833
  1532    833
  1533    833
  1534    833
  1535    833
  1536    833
  1537    833
  1538    833
  1582    833
  1583    833
  1584    833
  1585    833
  1586    833
  1587    833
  1588    833
  1589    833
  1590    833
  1591    833
  1592    833
  1593    833
  1594    833
  1595    833
  1596    833
  1597    833
  1598    833
  1599    833
  1600    833
  1510    834
  1511    834
  1512    834
  1513    834
  1514    834
  1515    834
  1516    834
  1517    834
  1518    834
  1519    834
  1520    834
  1521    834
  1522    834
  1523    834
  1524    834
  1525    834
  1526    834
  1527    834
  1528    834
  1529    834
  1530    834
  1531    834
  1532    834
  1533    834
  1579    834
  1580    834
  1581    834
  1582    834
  1583    834
  1584    834
  1585    834
  1586    834
  1587    834
  1588    834
  1589    834
  1590    834
  1591    834
  1592    834
  1593    834
  1594    834
  1595    834
  1596    834
  1597    834
  1598    834
  1506    835
  1507    835
  1508    835
  1509    835
  1510    835
  1511    835
  1512    835
  1513    835
  1514    835
  1515    835
  1516    835
  1517    835
  1518    835
  1519    835
  1520    835
  1521    835
  1522    835
  1523    835
  1524    835
  1525    835
  1526    835
  1527    835
  1528    835
  1529    835
  1577    835
  1578    835
  1579    835
  1580    835
  1581    835
  1582    835
  1583    835
  1584    835
  1585    835
  1586    835
  1587    835
  1588    835
  1589    835
  1590    835
  1591    835
  1592    835
  1593    835
  1594    835
  1595    835
  1596    835
  1503    836
  1504    836
  1505    836
  1506    836
  1507    836
  1508    836
  1509    836
  1510    836
  1511    836
  1512    836
  1513    836
  1514    836
  1515    836
  1516    836
  1517    836
  1518    836
  1519    836
  1520    836
  1521    836
  1522    836
  1523    836
  1524    836
  1525    836
  1526    836
  1574    836
  1575    836
  1576    836
  1577    836
  1578    836
  1579    836
  1580    836
  1581    836
  1582    836
  1583    836
  1584    836
  1585    836
  1586    836
  1587    836
  1588    836
  1589    836
  1590    836
  1591    836
  1592    836
  1593    836
  1498    837
  1499    837
  1500    837
  1501    837
  1502    837
  1503    837
  1504    837
  1505    837
  1506    837
  1507    837
  1508    837
  1509    837
  1510    837
  1511    837
  1512    837
  1513    837
  1514    837
  1515    837
  1516    837
  1517    837
  1518    837
  1519    837
  1520    837
  1521    837
  1572    837
  1573    837
  1574    837
  1575    837
  1576    837
  1577    837
  1578    837
  1579    837
  1580    837
  1581    837
  1582    837
  1583    837
  1584    837
  1585    837
  1586    837
  1587    837
  1588    837
  1589    837
  1590    837
  1591    837
  1592    837
  1494    838
  1495    838
  1496    838
  1497    838
  1498    838
  1499    838
  1500    838
  1501    838
  1502    838
  1503    838
  1504    838
  1505    838
  1506    838
  1507    838
  1508    838
  1509    838
  1510    838
  1511    838
  1512    838
  1513    838
  1514    838
  1515    838
  1516    838
  1517    838
  1518    838
  1570    838
  1571    838
  1572    838
  1573    838
  1574    838
  1575    838
  1576    838
  1577    838
  1578    838
  1579    838
  1580    838
  1581    838
  1582    838
  1583    838
  1584    838
  1585    838
  1586    838
  1587    838
  1588    838
  1589    838
  1590    838
  1490    839
  1491    839
  1492    839
  1493    839
  1494    839
  1495    839
  1496    839
  1497    839
  1498    839
  1499    839
  1500    839
  1501    839
  1502    839
  1503    839
  1504    839
  1505    839
  1506    839
  1507    839
  1508    839
  1509    839
  1510    839
  1511    839
  1512    839
  1513    839
  1514    839
  1569    839
  1570    839
  1571    839
  1572    839
  1573    839
  1574    839
  1575    839
  1576    839
  1577    839
  1578    839
  1579    839
  1580    839
  1581    839
  1582    839
  1583    839
  1584    839
  1585    839
  1586    839
  1587    839
  1486    840
  1487    840
  1488    840
  1489    840
  1490    840
  1491    840
  1492    840
  1493    840
  1494    840
  1495    840
  1496    840
  1497    840
  1498    840
  1499    840
  1500    840
  1501    840
  1502    840
  1503    840
  1504    840
  1505    840
  1506    840
  1507    840
  1508    840
  1509    840
  1510    840
  1567    840
  1568    840
  1569    840
  1570    840
  1571    840
  1572    840
  1573    840
  1574    840
  1575    840
  1576    840
  1577    840
  1578    840
  1579    840
  1580    840
  1581    840
  1582    840
  1583    840
  1584    840
  1585    840
  1586    840
  1481    841
  1482    841
  1483    841
  1484    841
  1485    841
  1486    841
  1487    841
  1488    841
  1489    841
  1490    841
  1491    841
  1492    841
  1493    841
  1494    841
  1495    841
  1496    841
  1497    841
  1498    841
  1499    841
  1500    841
  1501    841
  1502    841
  1503    841
  1504    841
  1505    841
  1506    841
  1565    841
  1566    841
  1567    841
  1568    841
  1569    841
  1570    841
  1571    841
  1572    841
  1573    841
  1574    841
  1575    841
  1576    841
  1577    841
  1578    841
  1579    841
  1580    841
  1581    841
  1582    841
  1583    841
  1584    841
  1476    842
  1477    842
  1478    842
  1479    842
  1480    842
  1481    842
  1482    842
  1483    842
  1484    842
  1485    842
  1486    842
  1487    842
  1488    842
  1489    842
  1490    842
  1491    842
  1492    842
  1493    842
  1494    842
  1495    842
  1496    842
  1497    842
  1498    842
  1499    842
  1500    842
  1501    842
  1563    842
  1564    842
  1565    842
  1566    842
  1567    842
  1568    842
  1569    842
  1570    842
  1571    842
  1572    842
  1573    842
  1574    842
  1575    842
  1576    842
  1577    842
  1578    842
  1579    842
  1580    842
  1581    842
  1582    842
  1583    842
  1472    843
  1473    843
  1474    843
  1475    843
  1476    843
  1477    843
  1478    843
  1479    843
  1480    843
  1481    843
  1482    843
  1483    843
  1484    843
  1485    843
  1486    843
  1487    843
  1488    843
  1489    843
  1490    843
  1491    843
  1492    843
  1493    843
  1494    843
  1495    843
  1496    843
  1497    843
  1498    843
  1561    843
  1562    843
  1563    843
  1564    843
  1565    843
  1566    843
  1567    843
  1568    843
  1569    843
  1570    843
  1571    843
  1572    843
  1573    843
  1574    843
  1575    843
  1576    843
  1577    843
  1578    843
  1579    843
  1580    843
  1468    844
  1469    844
  1470    844
  1471    844
  1472    844
  1473    844
  1474    844
  1475    844
  1476    844
  1477    844
  1478    844
  1479    844
  1480    844
  1481    844
  1482    844
  1483    844
  1484    844
  1485    844
  1486    844
  1487    844
  1488    844
  1489    844
  1490    844
  1491    844
  1492    844
  1493    844
  1559    844
  1560    844
  1561    844
  1562    844
  1563    844
  1564    844
  1565    844
  1566    844
  1567    844
  1568    844
  1569    844
  1570    844
  1571    844
  1572    844
  1573    844
  1574    844
  1575    844
  1576    844
  1577    844
  1578    844
  1463    845
  1464    845
  1465    845
  1466    845
  1467    845
  1468    845
  1469    845
  1470    845
  1471    845
  1472    845
  1473    845
  1474    845
  1475    845
  1476    845
  1477    845
  1478    845
  1479    845
  1480    845
  1481    845
  1482    845
  1483    845
  1484    845
  1485    845
  1486    845
  1487    845
  1488    845
  1558    845
  1559    845
  1560    845
  1561    845
  1562    845
  1563    845
  1564    845
  1565    845
  1566    845
  1567    845
  1568    845
  1569    845
  1570    845
  1571    845
  1572    845
  1573    845
  1574    845
  1575    845
  1576    845
  1459    846
  1460    846
  1461    846
  1462    846
  1463    846
  1464    846
  1465    846
  1466    846
  1467    846
  1468    846
  1469    846
  1470    846
  1471    846
  1472    846
  1473    846
  1474    846
  1475    846
  1476    846
  1477    846
  1478    846
  1479    846
  1480    846
  1481    846
  1482    846
  1483    846
  1484    846
  1485    846
  1556    846
  1557    846
  1558    846
  1559    846
  1560    846
  1561    846
  1562    846
  1563    846
  1564    846
  1565    846
  1566    846
  1567    846
  1568    846
  1569    846
  1570    846
  1571    846
  1572    846
  1573    846
  1574    846
  1575    846
  1454    847
  1455    847
  1456    847
  1457    847
  1458    847
  1459    847
  1460    847
  1461    847
  1462    847
  1463    847
  1464    847
  1465    847
  1466    847
  1467    847
  1468    847
  1469    847
  1470    847
  1471    847
  1472    847
  1473    847
  1474    847
  1475    847
  1476    847
  1477    847
  1478    847
  1479    847
  1480    847
  1553    847
  1554    847
  1555    847
  1556    847
  1557    847
  1558    847
  1559    847
  1560    847
  1561    847
  1562    847
  1563    847
  1564    847
  1565    847
  1566    847
  1567    847
  1568    847
  1569    847
  1570    847
  1571    847
  1572    847
  1573    847
  1450    848
  1451    848
  1452    848
  1453    848
  1454    848
  1455    848
  1456    848
  1457    848
  1458    848
  1459    848
  1460    848
  1461    848
  1462    848
  1463    848
  1464    848
  1465    848
  1466    848
  1467    848
  1468    848
  1469    848
  1470    848
  1471    848
  1472    848
  1473    848
  1474    848
  1475    848
  1476    848
  1551    848
  1552    848
  1553    848
  1554    848
  1555    848
  1556    848
  1557    848
  1558    848
  1559    848
  1560    848
  1561    848
  1562    848
  1563    848
  1564    848
  1565    848
  1566    848
  1567    848
  1568    848
  1569    848
  1570    848
  1571    848
  1447    849
  1448    849
  1449    849
  1450    849
  1451    849
  1452    849
  1453    849
  1454    849
  1455    849
  1456    849
  1457    849
  1458    849
  1459    849
  1460    849
  1461    849
  1462    849
  1463    849
  1464    849
  1465    849
  1466    849
  1467    849
  1468    849
  1469    849
  1470    849
  1471    849
  1472    849
  1550    849
  1551    849
  1552    849
  1553    849
  1554    849
  1555    849
  1556    849
  1557    849
  1558    849
  1559    849
  1560    849
  1561    849
  1562    849
  1563    849
  1564    849
  1565    849
  1566    849
  1567    849
  1568    849
  1569    849
  1442    850
  1443    850
  1444    850
  1445    850
  1446    850
  1447    850
  1448    850
  1449    850
  1450    850
  1451    850
  1452    850
  1453    850
  1454    850
  1455    850
  1456    850
  1457    850
  1458    850
  1459    850
  1460    850
  1461    850
  1462    850
  1463    850
  1464    850
  1465    850
  1466    850
  1467    850
  1468    850
  1547    850
  1548    850
  1549    850
  1550    850
  1551    850
  1552    850
  1553    850
  1554    850
  1555    850
  1556    850
  1557    850
  1558    850
  1559    850
  1560    850
  1561    850
  1562    850
  1563    850
  1564    850
  1565    850
  1566    850
  1567    850
  1568    850
  1438    851
  1439    851
  1440    851
  1441    851
  1442    851
  1443    851
  1444    851
  1445    851
  1446    851
  1447    851
  1448    851
  1449    851
  1450    851
  1451    851
  1452    851
  1453    851
  1454    851
  1455    851
  1456    851
  1457    851
  1458    851
  1459    851
  1460    851
  1461    851
  1462    851
  1463    851
  1464    851
  1546    851
  1547    851
  1548    851
  1549    851
  1550    851
  1551    851
  1552    851
  1553    851
  1554    851
  1555    851
  1556    851
  1557    851
  1558    851
  1559    851
  1560    851
  1561    851
  1562    851
  1563    851
  1564    851
  1565    851
  1566    851
  1434    852
  1435    852
  1436    852
  1437    852
  1438    852
  1439    852
  1440    852
  1441    852
  1442    852
  1443    852
  1444    852
  1445    852
  1446    852
  1447    852
  1448    852
  1449    852
  1450    852
  1451    852
  1452    852
  1453    852
  1454    852
  1455    852
  1456    852
  1457    852
  1458    852
  1459    852
  1544    852
  1545    852
  1546    852
  1547    852
  1548    852
  1549    852
  1550    852
  1551    852
  1552    852
  1553    852
  1554    852
  1555    852
  1556    852
  1557    852
  1558    852
  1559    852
  1560    852
  1561    852
  1562    852
  1563    852
  1564    852
  1565    852
  1429    853
  1430    853
  1431    853
  1432    853
  1433    853
  1434    853
  1435    853
  1436    853
  1437    853
  1438    853
  1439    853
  1440    853
  1441    853
  1442    853
  1443    853
  1444    853
  1445    853
  1446    853
  1447    853
  1448    853
  1449    853
  1450    853
  1451    853
  1452    853
  1453    853
  1454    853
  1455    853
  1542    853
  1543    853
  1544    853
  1545    853
  1546    853
  1547    853
  1548    853
  1549    853
  1550    853
  1551    853
  1552    853
  1553    853
  1554    853
  1555    853
  1556    853
  1557    853
  1558    853
  1559    853
  1560    853
  1561    853
  1562    853
  1426    854
  1427    854
  1428    854
  1429    854
  1430    854
  1431    854
  1432    854
  1433    854
  1434    854
  1435    854
  1436    854
  1437    854
  1438    854
  1439    854
  1440    854
  1441    854
  1442    854
  1443    854
  1444    854
  1445    854
  1446    854
  1447    854
  1448    854
  1449    854
  1450    854
  1451    854
  1452    854
  1540    854
  1541    854
  1542    854
  1543    854
  1544    854
  1545    854
  1546    854
  1547    854
  1548    854
  1549    854
  1550    854
  1551    854
  1552    854
  1553    854
  1554    854
  1555    854
  1556    854
  1557    854
  1558    854
  1559    854
  1560    854
  1561    854
  1425    855
  1426    855
  1427    855
  1428    855
  1429    855
  1430    855
  1431    855
  1432    855
  1433    855
  1434    855
  1435    855
  1436    855
  1437    855
  1438    855
  1439    855
  1440    855
  1441    855
  1442    855
  1443    855
  1444    855
  1445    855
  1446    855
  1447    855
  1538    855
  1539    855
  1540    855
  1541    855
  1542    855
  1543    855
  1544    855
  1545    855
  1546    855
  1547    855
  1548    855
  1549    855
  1550    855
  1551    855
  1552    855
  1553    855
  1554    855
  1555    855
  1556    855
  1557    855
  1558    855
  1559    855
  1428    856
  1429    856
  1430    856
  1431    856
  1432    856
  1433    856
  1434    856
  1435    856
  1436    856
  1437    856
  1438    856
  1439    856
  1440    856
  1441    856
  1442    856
  1443    856
  1444    856
  1537    856
  1538    856
  1539    856
  1540    856
  1541    856
  1542    856
  1543    856
  1544    856
  1545    856
  1546    856
  1547    856
  1548    856
  1549    856
  1550    856
  1551    856
  1552    856
  1553    856
  1554    856
  1555    856
  1556    856
  1557    856
  1430    857
  1431    857
  1432    857
  1433    857
  1434    857
  1435    857
  1436    857
  1437    857
  1438    857
  1534    857
  1535    857
  1536    857
  1537    857
  1538    857
  1539    857
  1540    857
  1541    857
  1542    857
  1543    857
  1544    857
  1545    857
  1546    857
  1547    857
  1548    857
  1549    857
  1550    857
  1551    857
  1552    857
  1553    857
  1554    857
  1555    857
  1556    857
  1533    858
  1534    858
  1535    858
  1536    858
  1537    858
  1538    858
  1539    858
  1540    858
  1541    858
  1542    858
  1543    858
  1544    858
  1545    858
  1546    858
  1547    858
  1548    858
  1549    858
  1550    858
  1551    858
  1552    858
  1553    858
  1531    859
  1532    859
  1533    859
  1534    859
  1535    859
  1536    859
  1537    859
  1538    859
  1539    859
  1540    859
  1541    859
  1542    859
  1543    859
  1544    859
  1545    859
  1546    859
  1547    859
  1548    859
  1549    859
  1550    859
  1551    859
  1552    859
  1530    860
  1531    860
  1532    860
  1533    860
  1534    860
  1535    860
  1536    860
  1537    860
  1538    860
  1539    860
  1540    860
  1541    860
  1542    860
  1543    860
  1544    860
  1545    860
  1546    860
  1547    860
  1548    860
  1549    860
  1550    860
  1551    860
  1529    861
  1530    861
  1531    861
  1532    861
  1533    861
  1534    861
  1535    861
  1536    861
  1537    861
  1538    861
  1539    861
  1540    861
  1541    861
  1542    861
  1543    861
  1544    861
  1545    861
  1546    861
  1547    861
  1548    861
  1549    861
  1526    862
  1527    862
  1528    862
  1529    862
  1530    862
  1531    862
  1532    862
  1533    862
  1534    862
  1535    862
  1536    862
  1537    862
  1538    862
  1539    862
  1540    862
  1541    862
  1542    862
  1543    862
  1544    862
  1545    862
  1546    862
  1547    862
  1548    862
  1525    863
  1526    863
  1527    863
  1528    863
  1529    863
  1530    863
  1531    863
  1532    863
  1533    863
  1534    863
  1535    863
  1536    863
  1537    863
  1538    863
  1539    863
  1540    863
  1541    863
  1542    863
  1543    863
  1544    863
  1545    863
  1546    863
  1523    864
  1524    864
  1525    864
  1526    864
  1527    864
  1528    864
  1529    864
  1530    864
  1531    864
  1532    864
  1533    864
  1534    864
  1535    864
  1536    864
  1537    864
  1538    864
  1539    864
  1540    864
  1541    864
  1542    864
  1543    864
  1544    864
  1522    865
  1523    865
  1524    865
  1525    865
  1526    865
  1527    865
  1528    865
  1529    865
  1530    865
  1531    865
  1532    865
  1533    865
  1534    865
  1535    865
  1536    865
  1537    865
  1538    865
  1539    865
  1540    865
  1541    865
  1542    865
  1543    865
  1520    866
  1521    866
  1522    866
  1523    866
  1524    866
  1525    866
  1526    866
  1527    866
  1528    866
  1529    866
  1530    866
  1531    866
  1532    866
  1533    866
  1534    866
  1535    866
  1536    866
  1537    866
  1538    866
  1539    866
  1540    866
  1541    866
  1518    867
  1519    867
  1520    867
  1521    867
  1522    867
  1523    867
  1524    867
  1525    867
  1526    867
  1527    867
  1528    867
  1529    867
  1530    867
  1531    867
  1532    867
  1533    867
  1534    867
  1535    867
  1536    867
  1537    867
  1538    867
  1539    867
  1516    868
  1517    868
  1518    868
  1519    868
  1520    868
  1521    868
  1522    868
  1523    868
  1524    868
  1525    868
  1526    868
  1527    868
  1528    868
  1529    868
  1530    868
  1531    868
  1532    868
  1533    868
  1534    868
  1535    868
  1536    868
  1537    868
  1538    868
  1515    869
  1516    869
  1517    869
  1518    869
  1519    869
  1520    869
  1521    869
  1522    869
  1523    869
  1524    869
  1525    869
  1526    869
  1527    869
  1528    869
  1529    869
  1530    869
  1531    869
  1532    869
  1533    869
  1534    869
  1535    869
  1536    869
  1513    870
  1514    870
  1515    870
  1516    870
  1517    870
  1518    870
  1519    870
  1520    870
  1521    870
  1522    870
  1523    870
  1524    870
  1525    870
  1526    870
  1527    870
  1528    870
  1529    870
  1530    870
  1531    870
  1532    870
  1533    870
  1534    870
  1535    870
  1512    871
  1513    871
  1514    871
  1515    871
  1516    871
  1517    871
  1518    871
  1519    871
  1520    871
  1521    871
  1522    871
  1523    871
  1524    871
  1525    871
  1526    871
  1527    871
  1528    871
  1529    871
  1530    871
  1531    871
  1532    871
  1533    871
  1511    872
  1512    872
  1513    872
  1514    872
  1515    872
  1516    872
  1517    872
  1518    872
  1519    872
  1520    872
  1521    872
  1522    872
  1523    872
  1524    872
  1525    872
  1526    872
  1527    872
  1528    872
  1529    872
  1530    872
  1531    872
  1532    872
  1509    873
  1510    873
  1511    873
  1512    873
  1513    873
  1514    873
  1515    873
  1516    873
  1517    873
  1518    873
  1519    873
  1520    873
  1521    873
  1522    873
  1523    873
  1524    873
  1525    873
  1526    873
  1527    873
  1528    873
  1529    873
  1530    873
  1531    873
  1507    874
  1508    874
  1509    874
  1510    874
  1511    874
  1512    874
  1513    874
  1514    874
  1515    874
  1516    874
  1517    874
  1518    874
  1519    874
  1520    874
  1521    874
  1522    874
  1523    874
  1524    874
  1525    874
  1526    874
  1527    874
  1528    874
  1529    874
  1506    875
  1507    875
  1508    875
  1509    875
  1510    875
  1511    875
  1512    875
  1513    875
  1514    875
  1515    875
  1516    875
  1517    875
  1518    875
  1519    875
  1520    875
  1521    875
  1522    875
  1523    875
  1524    875
  1525    875
  1526    875
  1527    875
  1528    875
  1505    876
  1506    876
  1507    876
  1508    876
  1509    876
  1510    876
  1511    876
  1512    876
  1513    876
  1514    876
  1515    876
  1516    876
  1517    876
  1518    876
  1519    876
  1520    876
  1521    876
  1522    876
  1523    876
  1524    876
  1525    876
  1526    876
  1527    876
  1503    877
  1504    877
  1505    877
  1506    877
  1507    877
  1508    877
  1509    877
  1510    877
  1511    877
  1512    877
  1513    877
  1514    877
  1515    877
  1516    877
  1517    877
  1518    877
  1519    877
  1520    877
  1521    877
  1522    877
  1523    877
  1524    877
  1501    878
  1502    878
  1503    878
  1504    878
  1505    878
  1506    878
  1507    878
  1508    878
  1509    878
  1510    878
  1511    878
  1512    878
  1513    878
  1514    878
  1515    878
  1516    878
  1517    878
  1518    878
  1519    878
  1520    878
  1521    878
  1522    878
  1523    878
  1500    879
  1501    879
  1502    879
  1503    879
  1504    879
  1505    879
  1506    879
  1507    879
  1508    879
  1509    879
  1510    879
  1511    879
  1512    879
  1513    879
  1514    879
  1515    879
  1516    879
  1517    879
  1518    879
  1519    879
  1520    879
  1521    879
  1522    879
  1500    880
  1501    880
  1503    880
  1504    880
  1505    880
  1506    880
  1507    880
  1508    880
  1509    880
  1510    880
  1511    880
  1512    880
  1513    880
  1514    880
  1515    880
  1516    880
  1517    880
  1518    880
  1519    880
  1520    880
  1521    880
  1503    881
  1505    881
  1506    881
  1507    881
  1508    881
  1509    881
  1510    881
  1511    881
  1512    881
  1513    881
  1514    881
  1515    881
  1516    881
  1517    881
  1518    881
  1519    881
  1520    881
  1506    882
  1507    882
  1508    882
  1509    882
  1510    882
  1511    882
  1512    882
  1513    882
  1514    882
  1515    882
  1516    882
  1517    882
  1518    882
  1512    883
  1513    883
  1514    883
  1515    883
  1516    883
