  1692    797
  1693    797
  1694    797
  1695    797
  1685    798
  1686    798
  1687    798
  1688    798
  1689    798
  1690    798
  1691    798
  1680    799
  1681    799
  1682    799
  1683    799
  1686    799
  1675    800
  1676    800
  1677    800
  1678    800
  1680    800
  1681    800
  1682    800
  1683    800
  1684    800
  1685    800
  1670    801
  1671    801
  1672    801
  1673    801
  1674    801
  1675    801
  1676    801
  1677    801
  1666    802
  1667    802
  1668    802
  1669    802
  1670    802
  1671    802
  1672    802
  1673    802
  1674    802
  1675    802
  1676    802
  1677    802
  1678    802
  1679    802
  1661    803
  1662    803
  1665    803
  1666    803
  1667    803
  1668    803
  1669    803
  1670    803
  1671    803
  1672    803
  1673    803
  1674    803
  1675    803
  1676    803
  1677    803
  1656    804
  1657    804
  1658    804
  1659    804
  1660    804
  1661    804
  1662    804
  1663    804
  1664    804
  1665    804
  1666    804
  1667    804
  1668    804
  1669    804
  1670    804
  1671    804
  1672    804
  1673    804
  1651    805
  1652    805
  1653    805
  1654    805
  1655    805
  1656    805
  1657    805
  1658    805
  1659    805
  1660    805
  1661    805
  1662    805
  1663    805
  1664    805
  1665    805
  1666    805
  1667    805
  1668    805
  1669    805
  1670    805
  1671    805
  1646    806
  1647    806
  1648    806
  1649    806
  1650    806
  1651    806
  1652    806
  1653    806
  1654    806
  1655    806
  1656    806
  1657    806
  1658    806
  1659    806
  1660    806
  1661    806
  1662    806
  1663    806
  1664    806
  1665    806
  1666    806
  1667    806
  1668    806
  1641    807
  1642    807
  1643    807
  1644    807
  1645    807
  1646    807
  1647    807
  1648    807
  1649    807
  1650    807
  1651    807
  1652    807
  1653    807
  1654    807
  1655    807
  1656    807
  1657    807
  1658    807
  1659    807
  1660    807
  1661    807
  1662    807
  1663    807
  1664    807
  1665    807
  1666    807
  1636    808
  1637    808
  1638    808
  1639    808
  1640    808
  1641    808
  1642    808
  1643    808
  1644    808
  1645    808
  1646    808
  1647    808
  1648    808
  1649    808
  1650    808
  1651    808
  1652    808
  1653    808
  1654    808
  1655    808
  1656    808
  1657    808
  1658    808
  1659    808
  1660    808
  1661    808
  1662    808
  1663    808
  1632    809
  1633    809
  1634    809
  1635    809
  1636    809
  1637    809
  1638    809
  1639    809
  1640    809
  1641    809
  1642    809
  1643    809
  1644    809
  1645    809
  1646    809
  1647    809
  1648    809
  1649    809
  1650    809
  1651    809
  1652    809
  1653    809
  1654    809
  1655    809
  1656    809
  1657    809
  1658    809
  1659    809
  1660    809
  1627    810
  1628    810
  1629    810
  1630    810
  1631    810
  1632    810
  1633    810
  1634    810
  1635    810
  1636    810
  1637    810
  1638    810
  1639    810
  1640    810
  1641    810
  1642    810
  1643    810
  1644    810
  1645    810
  1646    810
  1647    810
  1648    810
  1649    810
  1650    810
  1651    810
  1652    810
  1653    810
  1654    810
  1655    810
  1656    810
  1657    810
  1658    810
  1622    811
  1623    811
  1624    811
  1625    811
  1626    811
  1627    811
  1628    811
  1629    811
  1630    811
  1631    811
  1632    811
  1633    811
  1634    811
  1635    811
  1640    811
  1641    811
  1642    811
  1643    811
  1644    811
  1645    811
  1646    811
  1647    811
  1648    811
  1649    811
  1650    811
  1651    811
  1652    811
  1653    811
  1654    811
  1655    811
  1656    811
  1617    812
  1618    812
  1619    812
  1620    812
  1621    812
  1622    812
  1623    812
  1624    812
  1625    812
  1626    812
  1627    812
  1628    812
  1629    812
  1630    812
  1631    812
  1632    812
  1638    812
  1639    812
  1640    812
  1641    812
  1642    812
  1643    812
  1644    812
  1645    812
  1646    812
  1650    812
  1651    812
  1652    812
  1653    812
  1612    813
  1613    813
  1614    813
  1615    813
  1616    813
  1617    813
  1620    813
  1621    813
  1622    813
  1623    813
  1624    813
  1625    813
  1626    813
  1627    813
  1628    813
  1629    813
  1635    813
  1636    813
  1637    813
  1638    813
  1639    813
  1640    813
  1641    813
  1642    813
  1643    813
  1644    813
  1645    813
  1646    813
  1647    813
  1648    813
  1649    813
  1650    813
  1651    813
  1608    814
  1609    814
  1610    814
  1611    814
  1612    814
  1613    814
  1614    814
  1615    814
  1616    814
  1617    814
  1618    814
  1619    814
  1620    814
  1621    814
  1622    814
  1623    814
  1624    814
  1625    814
  1632    814
  1633    814
  1634    814
  1635    814
  1636    814
  1637    814
  1638    814
  1639    814
  1640    814
  1641    814
  1642    814
  1643    814
  1644    814
  1645    814
  1646    814
  1647    814
  1648    814
  1603    815
  1604    815
  1605    815
  1606    815
  1607    815
  1608    815
  1609    815
  1610    815
  1614    815
  1615    815
  1616    815
  1617    815
  1618    815
  1619    815
  1620    815
  1621    815
  1622    815
  1630    815
  1631    815
  1632    815
  1633    815
  1634    815
  1635    815
  1636    815
  1637    815
  1638    815
  1639    815
  1640    815
  1641    815
  1642    815
  1643    815
  1644    815
  1645    815
  1646    815
  1599    816
  1600    816
  1601    816
  1602    816
  1603    816
  1604    816
  1605    816
  1606    816
  1607    816
  1608    816
  1609    816
  1610    816
  1611    816
  1612    816
  1613    816
  1614    816
  1615    816
  1616    816
  1617    816
  1627    816
  1628    816
  1629    816
  1630    816
  1631    816
  1632    816
  1633    816
  1634    816
  1635    816
  1636    816
  1640    816
  1641    816
  1642    816
  1643    816
  1595    817
  1596    817
  1597    817
  1598    817
  1599    817
  1600    817
  1601    817
  1603    817
  1604    817
  1606    817
  1607    817
  1609    817
  1610    817
  1611    817
  1612    817
  1613    817
  1614    817
  1624    817
  1625    817
  1626    817
  1627    817
  1628    817
  1629    817
  1630    817
  1631    817
  1632    817
  1633    817
  1634    817
  1635    817
  1638    817
  1639    817
  1640    817
  1641    817
  1592    818
  1593    818
  1594    818
  1595    818
  1596    818
  1597    818
  1598    818
  1599    818
  1606    818
  1607    818
  1608    818
  1609    818
  1610    818
  1622    818
  1623    818
  1624    818
  1625    818
  1626    818
  1627    818
  1628    818
  1629    818
  1630    818
  1631    818
  1634    818
  1635    818
  1636    818
  1637    818
  1638    818
  1639    818
  1588    819
  1589    819
  1590    819
  1591    819
  1592    819
  1593    819
  1594    819
  1595    819
  1596    819
  1597    819
  1598    819
  1599    819
  1602    819
  1603    819
  1604    819
  1605    819
  1606    819
  1607    819
  1620    819
  1621    819
  1622    819
  1623    819
  1624    819
  1625    819
  1626    819
  1627    819
  1628    819
  1629    819
  1630    819
  1633    819
  1634    819
  1635    819
  1636    819
  1637    819
  1583    820
  1584    820
  1585    820
  1586    820
  1587    820
  1588    820
  1589    820
  1590    820
  1591    820
  1592    820
  1593    820
  1594    820
  1595    820
  1597    820
  1598    820
  1599    820
  1600    820
  1601    820
  1602    820
  1603    820
  1619    820
  1620    820
  1621    820
  1622    820
  1623    820
  1624    820
  1625    820
  1626    820
  1627    820
  1628    820
  1629    820
  1630    820
  1631    820
  1633    820
  1634    820
  1635    820
  1581    821
  1582    821
  1583    821
  1584    821
  1585    821
  1586    821
  1587    821
  1588    821
  1589    821
  1590    821
  1591    821
  1592    821
  1593    821
  1594    821
  1595    821
  1596    821
  1597    821
  1598    821
  1599    821
  1618    821
  1619    821
  1620    821
  1621    821
  1622    821
  1623    821
  1624    821
  1625    821
  1626    821
  1627    821
  1628    821
  1629    821
  1630    821
  1631    821
  1632    821
  1633    821
  1576    822
  1577    822
  1578    822
  1579    822
  1580    822
  1581    822
  1582    822
  1583    822
  1584    822
  1585    822
  1586    822
  1587    822
  1588    822
  1589    822
  1590    822
  1591    822
  1592    822
  1593    822
  1594    822
  1595    822
  1616    822
  1617    822
  1618    822
  1619    822
  1620    822
  1621    822
  1622    822
  1623    822
  1624    822
  1625    822
  1626    822
  1627    822
  1628    822
  1629    822
  1630    822
  1631    822
  1572    823
  1573    823
  1574    823
  1575    823
  1576    823
  1577    823
  1578    823
  1579    823
  1580    823
  1581    823
  1582    823
  1583    823
  1584    823
  1585    823
  1586    823
  1587    823
  1588    823
  1589    823
  1590    823
  1591    823
  1592    823
  1614    823
  1615    823
  1616    823
  1617    823
  1618    823
  1619    823
  1620    823
  1621    823
  1622    823
  1623    823
  1624    823
  1625    823
  1626    823
  1627    823
  1628    823
  1629    823
  1568    824
  1569    824
  1570    824
  1571    824
  1572    824
  1573    824
  1574    824
  1575    824
  1576    824
  1577    824
  1578    824
  1579    824
  1580    824
  1581    824
  1582    824
  1583    824
  1584    824
  1585    824
  1586    824
  1587    824
  1588    824
  1612    824
  1613    824
  1614    824
  1615    824
  1616    824
  1617    824
  1618    824
  1619    824
  1620    824
  1621    824
  1622    824
  1623    824
  1624    824
  1625    824
  1626    824
  1627    824
  1628    824
  1563    825
  1564    825
  1565    825
  1566    825
  1567    825
  1568    825
  1569    825
  1570    825
  1571    825
  1572    825
  1573    825
  1574    825
  1575    825
  1576    825
  1577    825
  1578    825
  1579    825
  1580    825
  1581    825
  1582    825
  1583    825
  1584    825
  1609    825
  1610    825
  1611    825
  1612    825
  1613    825
  1614    825
  1615    825
  1616    825
  1617    825
  1618    825
  1619    825
  1620    825
  1622    825
  1623    825
  1624    825
  1625    825
  1626    825
  1560    826
  1561    826
  1562    826
  1563    826
  1564    826
  1565    826
  1566    826
  1567    826
  1568    826
  1569    826
  1570    826
  1571    826
  1572    826
  1573    826
  1574    826
  1575    826
  1576    826
  1577    826
  1578    826
  1579    826
  1580    826
  1608    826
  1609    826
  1610    826
  1611    826
  1612    826
  1613    826
  1614    826
  1615    826
  1616    826
  1617    826
  1618    826
  1619    826
  1620    826
  1621    826
  1622    826
  1623    826
  1624    826
  1554    827
  1555    827
  1556    827
  1557    827
  1558    827
  1559    827
  1560    827
  1561    827
  1562    827
  1563    827
  1564    827
  1565    827
  1566    827
  1567    827
  1568    827
  1569    827
  1570    827
  1571    827
  1572    827
  1573    827
  1574    827
  1575    827
  1576    827
  1606    827
  1607    827
  1608    827
  1609    827
  1610    827
  1611    827
  1612    827
  1613    827
  1614    827
  1615    827
  1616    827
  1617    827
  1618    827
  1619    827
  1551    828
  1552    828
  1553    828
  1554    828
  1555    828
  1556    828
  1557    828
  1558    828
  1559    828
  1560    828
  1561    828
  1562    828
  1563    828
  1564    828
  1565    828
  1566    828
  1567    828
  1568    828
  1569    828
  1570    828
  1571    828
  1572    828
  1573    828
  1604    828
  1605    828
  1606    828
  1607    828
  1608    828
  1609    828
  1610    828
  1611    828
  1612    828
  1613    828
  1614    828
  1615    828
  1617    828
  1618    828
  1619    828
  1548    829
  1549    829
  1550    829
  1551    829
  1552    829
  1553    829
  1554    829
  1555    829
  1556    829
  1557    829
  1558    829
  1559    829
  1560    829
  1561    829
  1562    829
  1563    829
  1564    829
  1565    829
  1566    829
  1567    829
  1568    829
  1602    829
  1603    829
  1604    829
  1605    829
  1606    829
  1607    829
  1608    829
  1609    829
  1610    829
  1611    829
  1612    829
  1613    829
  1614    829
  1615    829
  1616    829
  1617    829
  1618    829
  1543    830
  1544    830
  1545    830
  1546    830
  1547    830
  1548    830
  1549    830
  1550    830
  1551    830
  1552    830
  1553    830
  1554    830
  1555    830
  1556    830
  1557    830
  1558    830
  1559    830
  1560    830
  1561    830
  1562    830
  1563    830
  1600    830
  1601    830
  1602    830
  1603    830
  1604    830
  1605    830
  1606    830
  1607    830
  1608    830
  1609    830
  1610    830
  1611    830
  1612    830
  1613    830
  1614    830
  1615    830
  1616    830
  1540    831
  1541    831
  1542    831
  1543    831
  1544    831
  1545    831
  1546    831
  1547    831
  1548    831
  1549    831
  1550    831
  1551    831
  1552    831
  1553    831
  1554    831
  1555    831
  1556    831
  1557    831
  1558    831
  1559    831
  1560    831
  1561    831
  1597    831
  1598    831
  1599    831
  1600    831
  1601    831
  1602    831
  1603    831
  1604    831
  1605    831
  1606    831
  1607    831
  1608    831
  1609    831
  1610    831
  1611    831
  1612    831
  1613    831
  1614    831
  1615    831
  1535    832
  1536    832
  1537    832
  1538    832
  1539    832
  1540    832
  1541    832
  1542    832
  1543    832
  1544    832
  1545    832
  1546    832
  1547    832
  1548    832
  1549    832
  1550    832
  1551    832
  1552    832
  1553    832
  1554    832
  1555    832
  1556    832
  1557    832
  1595    832
  1596    832
  1597    832
  1598    832
  1599    832
  1600    832
  1601    832
  1602    832
  1603    832
  1604    832
  1605    832
  1606    832
  1609    832
  1610    832
  1611    832
  1531    833
  1532    833
  1533    833
  1534    833
  1535    833
  1536    833
  1537    833
  1538    833
  1539    833
  1540    833
  1541    833
  1542    833
  1543    833
  1544    833
  1545    833
  1546    833
  1547    833
  1548    833
  1549    833
  1550    833
  1551    833
  1594    833
  1595    833
  1596    833
  1597    833
  1598    833
  1599    833
  1600    833
  1601    833
  1602    833
  1603    833
  1604    833
  1605    833
  1606    833
  1607    833
  1608    833
  1609    833
  1610    833
  1611    833
  1527    834
  1528    834
  1529    834
  1530    834
  1531    834
  1532    834
  1533    834
  1534    834
  1535    834
  1536    834
  1537    834
  1538    834
  1539    834
  1540    834
  1541    834
  1542    834
  1543    834
  1544    834
  1545    834
  1546    834
  1547    834
  1548    834
  1549    834
  1592    834
  1593    834
  1594    834
  1595    834
  1596    834
  1597    834
  1598    834
  1599    834
  1600    834
  1601    834
  1602    834
  1603    834
  1604    834
  1605    834
  1606    834
  1607    834
  1608    834
  1609    834
  1522    835
  1523    835
  1524    835
  1525    835
  1526    835
  1527    835
  1528    835
  1529    835
  1530    835
  1531    835
  1532    835
  1533    835
  1534    835
  1535    835
  1536    835
  1537    835
  1538    835
  1539    835
  1540    835
  1541    835
  1542    835
  1543    835
  1544    835
  1590    835
  1591    835
  1592    835
  1593    835
  1594    835
  1595    835
  1596    835
  1597    835
  1598    835
  1599    835
  1600    835
  1601    835
  1602    835
  1603    835
  1604    835
  1605    835
  1606    835
  1607    835
  1519    836
  1520    836
  1521    836
  1522    836
  1523    836
  1524    836
  1525    836
  1526    836
  1527    836
  1528    836
  1529    836
  1530    836
  1531    836
  1532    836
  1533    836
  1534    836
  1535    836
  1536    836
  1537    836
  1538    836
  1539    836
  1540    836
  1541    836
  1587    836
  1588    836
  1589    836
  1590    836
  1591    836
  1592    836
  1593    836
  1594    836
  1595    836
  1596    836
  1597    836
  1598    836
  1599    836
  1600    836
  1601    836
  1602    836
  1603    836
  1604    836
  1605    836
  1514    837
  1515    837
  1516    837
  1517    837
  1518    837
  1519    837
  1520    837
  1521    837
  1522    837
  1523    837
  1524    837
  1525    837
  1526    837
  1527    837
  1528    837
  1529    837
  1530    837
  1531    837
  1532    837
  1533    837
  1534    837
  1535    837
  1536    837
  1537    837
  1585    837
  1586    837
  1587    837
  1588    837
  1589    837
  1590    837
  1591    837
  1592    837
  1593    837
  1594    837
  1595    837
  1596    837
  1597    837
  1598    837
  1599    837
  1600    837
  1601    837
  1602    837
  1603    837
  1510    838
  1511    838
  1512    838
  1513    838
  1514    838
  1515    838
  1516    838
  1517    838
  1518    838
  1519    838
  1520    838
  1521    838
  1522    838
  1523    838
  1524    838
  1525    838
  1526    838
  1527    838
  1528    838
  1529    838
  1530    838
  1531    838
  1532    838
  1583    838
  1584    838
  1585    838
  1586    838
  1587    838
  1588    838
  1589    838
  1590    838
  1591    838
  1592    838
  1593    838
  1594    838
  1595    838
  1506    839
  1507    839
  1508    839
  1509    839
  1510    839
  1511    839
  1512    839
  1513    839
  1514    839
  1515    839
  1516    839
  1517    839
  1518    839
  1519    839
  1520    839
  1521    839
  1522    839
  1523    839
  1524    839
  1525    839
  1526    839
  1527    839
  1528    839
  1529    839
  1581    839
  1582    839
  1583    839
  1584    839
  1585    839
  1586    839
  1587    839
  1588    839
  1589    839
  1590    839
  1591    839
  1592    839
  1597    839
  1598    839
  1599    839
  1503    840
  1504    840
  1505    840
  1506    840
  1507    840
  1508    840
  1509    840
  1510    840
  1511    840
  1512    840
  1513    840
  1514    840
  1515    840
  1516    840
  1517    840
  1518    840
  1519    840
  1520    840
  1521    840
  1522    840
  1523    840
  1524    840
  1525    840
  1579    840
  1580    840
  1581    840
  1582    840
  1583    840
  1584    840
  1585    840
  1586    840
  1587    840
  1588    840
  1589    840
  1590    840
  1591    840
  1592    840
  1594    840
  1595    840
  1596    840
  1597    840
  1498    841
  1499    841
  1500    841
  1501    841
  1502    841
  1503    841
  1504    841
  1505    841
  1506    841
  1507    841
  1508    841
  1509    841
  1510    841
  1511    841
  1512    841
  1513    841
  1514    841
  1515    841
  1516    841
  1517    841
  1518    841
  1519    841
  1520    841
  1521    841
  1522    841
  1577    841
  1578    841
  1579    841
  1580    841
  1581    841
  1582    841
  1583    841
  1584    841
  1585    841
  1586    841
  1587    841
  1588    841
  1589    841
  1590    841
  1592    841
  1593    841
  1594    841
  1595    841
  1495    842
  1496    842
  1497    842
  1498    842
  1499    842
  1500    842
  1501    842
  1502    842
  1503    842
  1504    842
  1505    842
  1506    842
  1507    842
  1508    842
  1509    842
  1510    842
  1511    842
  1512    842
  1513    842
  1514    842
  1515    842
  1516    842
  1517    842
  1575    842
  1576    842
  1577    842
  1578    842
  1579    842
  1580    842
  1581    842
  1582    842
  1583    842
  1584    842
  1585    842
  1586    842
  1587    842
  1588    842
  1589    842
  1590    842
  1591    842
  1592    842
  1593    842
  1490    843
  1491    843
  1492    843
  1493    843
  1494    843
  1495    843
  1496    843
  1497    843
  1498    843
  1499    843
  1500    843
  1501    843
  1502    843
  1503    843
  1504    843
  1505    843
  1506    843
  1507    843
  1508    843
  1509    843
  1510    843
  1511    843
  1512    843
  1513    843
  1573    843
  1574    843
  1575    843
  1576    843
  1577    843
  1578    843
  1579    843
  1580    843
  1581    843
  1582    843
  1583    843
  1584    843
  1585    843
  1586    843
  1587    843
  1588    843
  1589    843
  1590    843
  1591    843
  1592    843
  1486    844
  1487    844
  1488    844
  1489    844
  1490    844
  1491    844
  1492    844
  1493    844
  1494    844
  1495    844
  1496    844
  1497    844
  1498    844
  1499    844
  1500    844
  1501    844
  1502    844
  1503    844
  1504    844
  1505    844
  1506    844
  1507    844
  1508    844
  1509    844
  1571    844
  1572    844
  1573    844
  1574    844
  1575    844
  1576    844
  1577    844
  1578    844
  1579    844
  1580    844
  1581    844
  1582    844
  1583    844
  1584    844
  1585    844
  1586    844
  1587    844
  1588    844
  1589    844
  1590    844
  1481    845
  1482    845
  1483    845
  1484    845
  1485    845
  1486    845
  1487    845
  1488    845
  1489    845
  1490    845
  1491    845
  1492    845
  1493    845
  1494    845
  1495    845
  1496    845
  1497    845
  1498    845
  1499    845
  1500    845
  1501    845
  1502    845
  1503    845
  1504    845
  1505    845
  1570    845
  1571    845
  1572    845
  1573    845
  1574    845
  1575    845
  1576    845
  1577    845
  1578    845
  1579    845
  1580    845
  1581    845
  1582    845
  1583    845
  1584    845
  1585    845
  1586    845
  1587    845
  1588    845
  1477    846
  1478    846
  1479    846
  1480    846
  1481    846
  1482    846
  1483    846
  1484    846
  1485    846
  1486    846
  1487    846
  1488    846
  1489    846
  1490    846
  1491    846
  1492    846
  1493    846
  1494    846
  1495    846
  1496    846
  1497    846
  1498    846
  1499    846
  1500    846
  1501    846
  1568    846
  1569    846
  1570    846
  1571    846
  1573    846
  1574    846
  1575    846
  1576    846
  1577    846
  1578    846
  1581    846
  1582    846
  1583    846
  1584    846
  1585    846
  1586    846
  1473    847
  1474    847
  1475    847
  1476    847
  1477    847
  1478    847
  1479    847
  1480    847
  1481    847
  1482    847
  1483    847
  1484    847
  1485    847
  1486    847
  1487    847
  1488    847
  1489    847
  1490    847
  1491    847
  1492    847
  1493    847
  1494    847
  1495    847
  1496    847
  1497    847
  1566    847
  1567    847
  1568    847
  1569    847
  1570    847
  1573    847
  1574    847
  1575    847
  1576    847
  1577    847
  1581    847
  1582    847
  1583    847
  1584    847
  1467    848
  1468    848
  1469    848
  1470    848
  1471    848
  1472    848
  1473    848
  1474    848
  1475    848
  1476    848
  1477    848
  1478    848
  1479    848
  1480    848
  1481    848
  1482    848
  1483    848
  1484    848
  1485    848
  1486    848
  1487    848
  1488    848
  1489    848
  1490    848
  1491    848
  1492    848
  1493    848
  1564    848
  1565    848
  1566    848
  1567    848
  1568    848
  1569    848
  1570    848
  1571    848
  1572    848
  1573    848
  1574    848
  1575    848
  1576    848
  1577    848
  1580    848
  1581    848
  1582    848
  1583    848
  1464    849
  1465    849
  1466    849
  1467    849
  1468    849
  1469    849
  1470    849
  1471    849
  1472    849
  1473    849
  1474    849
  1475    849
  1476    849
  1477    849
  1478    849
  1479    849
  1480    849
  1481    849
  1482    849
  1483    849
  1484    849
  1485    849
  1486    849
  1487    849
  1488    849
  1489    849
  1562    849
  1563    849
  1564    849
  1565    849
  1566    849
  1567    849
  1568    849
  1569    849
  1570    849
  1571    849
  1572    849
  1573    849
  1574    849
  1575    849
  1576    849
  1577    849
  1578    849
  1579    849
  1580    849
  1581    849
  1460    850
  1461    850
  1462    850
  1463    850
  1464    850
  1465    850
  1466    850
  1467    850
  1468    850
  1469    850
  1470    850
  1471    850
  1472    850
  1473    850
  1474    850
  1475    850
  1476    850
  1477    850
  1478    850
  1479    850
  1480    850
  1481    850
  1482    850
  1483    850
  1484    850
  1485    850
  1560    850
  1561    850
  1562    850
  1563    850
  1564    850
  1565    850
  1566    850
  1567    850
  1568    850
  1569    850
  1570    850
  1571    850
  1572    850
  1573    850
  1574    850
  1575    850
  1576    850
  1577    850
  1578    850
  1579    850
  1580    850
  1455    851
  1456    851
  1457    851
  1458    851
  1459    851
  1460    851
  1461    851
  1462    851
  1463    851
  1464    851
  1465    851
  1466    851
  1467    851
  1468    851
  1469    851
  1470    851
  1471    851
  1472    851
  1473    851
  1474    851
  1475    851
  1476    851
  1477    851
  1478    851
  1479    851
  1480    851
  1558    851
  1559    851
  1560    851
  1561    851
  1562    851
  1563    851
  1564    851
  1565    851
  1566    851
  1567    851
  1568    851
  1569    851
  1570    851
  1571    851
  1572    851
  1573    851
  1574    851
  1575    851
  1576    851
  1577    851
  1578    851
  1451    852
  1452    852
  1453    852
  1454    852
  1455    852
  1456    852
  1457    852
  1458    852
  1459    852
  1460    852
  1461    852
  1462    852
  1463    852
  1464    852
  1465    852
  1466    852
  1467    852
  1468    852
  1469    852
  1470    852
  1471    852
  1472    852
  1473    852
  1474    852
  1475    852
  1476    852
  1477    852
  1556    852
  1557    852
  1558    852
  1559    852
  1560    852
  1561    852
  1562    852
  1563    852
  1564    852
  1565    852
  1566    852
  1567    852
  1568    852
  1569    852
  1570    852
  1571    852
  1572    852
  1573    852
  1574    852
  1575    852
  1576    852
  1447    853
  1448    853
  1449    853
  1450    853
  1451    853
  1452    853
  1453    853
  1454    853
  1455    853
  1456    853
  1457    853
  1458    853
  1459    853
  1460    853
  1461    853
  1462    853
  1463    853
  1464    853
  1465    853
  1466    853
  1467    853
  1468    853
  1469    853
  1470    853
  1471    853
  1472    853
  1473    853
  1555    853
  1556    853
  1557    853
  1558    853
  1559    853
  1560    853
  1561    853
  1562    853
  1563    853
  1564    853
  1565    853
  1566    853
  1567    853
  1568    853
  1569    853
  1570    853
  1571    853
  1572    853
  1573    853
  1574    853
  1575    853
  1442    854
  1443    854
  1444    854
  1445    854
  1446    854
  1447    854
  1448    854
  1449    854
  1450    854
  1451    854
  1452    854
  1453    854
  1454    854
  1455    854
  1456    854
  1457    854
  1458    854
  1459    854
  1460    854
  1461    854
  1462    854
  1463    854
  1464    854
  1465    854
  1466    854
  1467    854
  1468    854
  1469    854
  1553    854
  1554    854
  1555    854
  1556    854
  1557    854
  1558    854
  1559    854
  1560    854
  1561    854
  1562    854
  1563    854
  1564    854
  1565    854
  1566    854
  1567    854
  1568    854
  1569    854
  1570    854
  1571    854
  1572    854
  1439    855
  1440    855
  1441    855
  1442    855
  1443    855
  1444    855
  1445    855
  1446    855
  1447    855
  1448    855
  1449    855
  1450    855
  1451    855
  1452    855
  1453    855
  1454    855
  1455    855
  1456    855
  1457    855
  1458    855
  1459    855
  1460    855
  1461    855
  1462    855
  1463    855
  1464    855
  1551    855
  1552    855
  1553    855
  1554    855
  1555    855
  1556    855
  1557    855
  1558    855
  1559    855
  1560    855
  1561    855
  1562    855
  1563    855
  1564    855
  1565    855
  1566    855
  1567    855
  1568    855
  1569    855
  1570    855
  1571    855
  1434    856
  1435    856
  1436    856
  1437    856
  1438    856
  1439    856
  1440    856
  1441    856
  1442    856
  1443    856
  1444    856
  1445    856
  1446    856
  1447    856
  1448    856
  1449    856
  1450    856
  1451    856
  1452    856
  1453    856
  1454    856
  1455    856
  1456    856
  1457    856
  1458    856
  1459    856
  1460    856
  1549    856
  1550    856
  1551    856
  1552    856
  1553    856
  1554    856
  1555    856
  1556    856
  1557    856
  1558    856
  1559    856
  1560    856
  1561    856
  1562    856
  1563    856
  1564    856
  1565    856
  1566    856
  1567    856
  1568    856
  1569    856
  1431    857
  1432    857
  1433    857
  1434    857
  1435    857
  1436    857
  1437    857
  1438    857
  1439    857
  1440    857
  1441    857
  1442    857
  1443    857
  1444    857
  1445    857
  1446    857
  1447    857
  1448    857
  1449    857
  1450    857
  1451    857
  1452    857
  1453    857
  1454    857
  1455    857
  1456    857
  1547    857
  1548    857
  1549    857
  1550    857
  1551    857
  1552    857
  1553    857
  1554    857
  1555    857
  1556    857
  1557    857
  1558    857
  1559    857
  1560    857
  1561    857
  1562    857
  1563    857
  1564    857
  1565    857
  1566    857
  1567    857
  1431    858
  1432    858
  1433    858
  1434    858
  1435    858
  1436    858
  1437    858
  1438    858
  1439    858
  1440    858
  1441    858
  1442    858
  1443    858
  1444    858
  1445    858
  1446    858
  1447    858
  1448    858
  1449    858
  1450    858
  1451    858
  1452    858
  1545    858
  1546    858
  1547    858
  1548    858
  1549    858
  1550    858
  1551    858
  1552    858
  1553    858
  1554    858
  1555    858
  1556    858
  1557    858
  1558    858
  1559    858
  1560    858
  1561    858
  1562    858
  1563    858
  1564    858
  1565    858
  1566    858
  1434    859
  1435    859
  1436    859
  1437    859
  1438    859
  1439    859
  1440    859
  1441    859
  1442    859
  1443    859
  1444    859
  1445    859
  1446    859
  1447    859
  1448    859
  1544    859
  1545    859
  1546    859
  1547    859
  1548    859
  1549    859
  1550    859
  1551    859
  1552    859
  1553    859
  1554    859
  1555    859
  1556    859
  1557    859
  1558    859
  1559    859
  1560    859
  1561    859
  1562    859
  1563    859
  1564    859
  1438    860
  1439    860
  1440    860
  1441    860
  1442    860
  1443    860
  1542    860
  1543    860
  1544    860
  1545    860
  1546    860
  1547    860
  1548    860
  1549    860
  1550    860
  1551    860
  1552    860
  1553    860
  1554    860
  1555    860
  1556    860
  1557    860
  1558    860
  1559    860
  1561    860
  1562    860
  1563    860
  1541    861
  1542    861
  1543    861
  1544    861
  1545    861
  1546    861
  1547    861
  1548    861
  1549    861
  1550    861
  1551    861
  1552    861
  1553    861
  1554    861
  1555    861
  1556    861
  1557    861
  1558    861
  1559    861
  1560    861
  1561    861
  1539    862
  1540    862
  1541    862
  1542    862
  1543    862
  1544    862
  1545    862
  1546    862
  1547    862
  1548    862
  1549    862
  1550    862
  1551    862
  1552    862
  1553    862
  1554    862
  1555    862
  1556    862
  1557    862
  1558    862
  1559    862
  1560    862
  1537    863
  1538    863
  1539    863
  1540    863
  1541    863
  1542    863
  1543    863
  1544    863
  1545    863
  1546    863
  1547    863
  1548    863
  1549    863
  1550    863
  1551    863
  1552    863
  1553    863
  1554    863
  1555    863
  1556    863
  1557    863
  1558    863
  1536    864
  1537    864
  1538    864
  1539    864
  1540    864
  1541    864
  1542    864
  1543    864
  1544    864
  1545    864
  1546    864
  1547    864
  1548    864
  1549    864
  1550    864
  1551    864
  1552    864
  1553    864
  1554    864
  1555    864
  1556    864
  1534    865
  1535    865
  1536    865
  1537    865
  1538    865
  1539    865
  1540    865
  1541    865
  1542    865
  1543    865
  1544    865
  1545    865
  1546    865
  1547    865
  1548    865
  1549    865
  1550    865
  1551    865
  1552    865
  1553    865
  1554    865
  1555    865
  1533    866
  1534    866
  1535    866
  1536    866
  1537    866
  1538    866
  1539    866
  1540    866
  1541    866
  1542    866
  1543    866
  1544    866
  1545    866
  1546    866
  1547    866
  1548    866
  1549    866
  1551    866
  1552    866
  1553    866
  1531    867
  1532    867
  1533    867
  1534    867
  1535    867
  1536    867
  1537    867
  1538    867
  1539    867
  1540    867
  1541    867
  1542    867
  1543    867
  1544    867
  1545    867
  1546    867
  1547    867
  1548    867
  1549    867
  1550    867
  1551    867
  1530    868
  1531    868
  1532    868
  1533    868
  1534    868
  1535    868
  1536    868
  1537    868
  1538    868
  1539    868
  1540    868
  1541    868
  1542    868
  1543    868
  1544    868
  1545    868
  1546    868
  1547    868
  1548    868
  1549    868
  1550    868
  1528    869
  1529    869
  1530    869
  1531    869
  1532    869
  1533    869
  1534    869
  1535    869
  1536    869
  1537    869
  1538    869
  1539    869
  1540    869
  1541    869
  1542    869
  1543    869
  1544    869
  1545    869
  1546    869
  1547    869
  1548    869
  1549    869
  1527    870
  1528    870
  1529    870
  1530    870
  1531    870
  1532    870
  1533    870
  1534    870
  1535    870
  1536    870
  1537    870
  1538    870
  1539    870
  1540    870
  1541    870
  1542    870
  1544    870
  1545    870
  1546    870
  1547    870
  1548    870
  1524    871
  1525    871
  1526    871
  1527    871
  1528    871
  1529    871
  1530    871
  1531    871
  1532    871
  1533    871
  1534    871
  1535    871
  1536    871
  1537    871
  1538    871
  1539    871
  1540    871
  1541    871
  1542    871
  1543    871
  1544    871
  1545    871
  1523    872
  1524    872
  1525    872
  1526    872
  1527    872
  1528    872
  1529    872
  1530    872
  1531    872
  1532    872
  1533    872
  1534    872
  1535    872
  1536    872
  1537    872
  1538    872
  1539    872
  1540    872
  1541    872
  1542    872
  1543    872
  1544    872
  1521    873
  1522    873
  1523    873
  1524    873
  1525    873
  1526    873
  1527    873
  1528    873
  1529    873
  1530    873
  1531    873
  1532    873
  1533    873
  1534    873
  1535    873
  1536    873
  1537    873
  1538    873
  1539    873
  1540    873
  1541    873
  1542    873
  1543    873
  1521    874
  1522    874
  1523    874
  1524    874
  1525    874
  1526    874
  1527    874
  1528    874
  1529    874
  1530    874
  1531    874
  1532    874
  1533    874
  1534    874
  1535    874
  1536    874
  1537    874
  1538    874
  1539    874
  1540    874
  1541    874
  1519    875
  1520    875
  1521    875
  1522    875
  1523    875
  1524    875
  1525    875
  1526    875
  1527    875
  1528    875
  1529    875
  1530    875
  1531    875
  1532    875
  1533    875
  1534    875
  1535    875
  1536    875
  1537    875
  1538    875
  1539    875
  1517    876
  1518    876
  1519    876
  1520    876
  1521    876
  1522    876
  1523    876
  1524    876
  1525    876
  1526    876
  1527    876
  1528    876
  1529    876
  1530    876
  1531    876
  1532    876
  1533    876
  1534    876
  1535    876
  1538    876
  1515    877
  1516    877
  1517    877
  1518    877
  1519    877
  1520    877
  1521    877
  1522    877
  1523    877
  1524    877
  1525    877
  1526    877
  1527    877
  1528    877
  1529    877
  1530    877
  1531    877
  1532    877
  1533    877
  1534    877
  1535    877
  1536    877
  1537    877
  1514    878
  1515    878
  1516    878
  1517    878
  1518    878
  1519    878
  1520    878
  1521    878
  1522    878
  1523    878
  1524    878
  1525    878
  1526    878
  1527    878
  1528    878
  1529    878
  1530    878
  1531    878
  1532    878
  1533    878
  1534    878
  1535    878
  1536    878
  1513    879
  1514    879
  1515    879
  1516    879
  1517    879
  1518    879
  1519    879
  1520    879
  1521    879
  1522    879
  1523    879
  1524    879
  1525    879
  1526    879
  1527    879
  1528    879
  1529    879
  1530    879
  1531    879
  1532    879
  1533    879
  1534    879
  1535    879
  1511    880
  1512    880
  1513    880
  1514    880
  1515    880
  1516    880
  1517    880
  1518    880
  1519    880
  1520    880
  1521    880
  1522    880
  1523    880
  1524    880
  1525    880
  1526    880
  1527    880
  1528    880
  1529    880
  1530    880
  1531    880
  1532    880
  1533    880
  1509    881
  1510    881
  1511    881
  1512    881
  1513    881
  1514    881
  1515    881
  1516    881
  1517    881
  1518    881
  1519    881
  1520    881
  1521    881
  1522    881
  1523    881
  1524    881
  1525    881
  1526    881
  1527    881
  1528    881
  1529    881
  1530    881
  1531    881
  1509    882
  1510    882
  1511    882
  1512    882
  1513    882
  1514    882
  1515    882
  1516    882
  1517    882
  1518    882
  1519    882
  1520    882
  1521    882
  1522    882
  1523    882
  1524    882
  1525    882
  1526    882
  1527    882
  1528    882
  1529    882
  1530    882
  1508    883
  1509    883
  1512    883
  1513    883
  1514    883
  1515    883
  1516    883
  1517    883
  1518    883
  1519    883
  1520    883
  1521    883
  1522    883
  1523    883
  1524    883
  1525    883
  1526    883
  1527    883
  1528    883
  1529    883
  1512    884
  1513    884
  1514    884
  1515    884
  1516    884
  1517    884
  1518    884
  1519    884
  1520    884
  1521    884
  1522    884
  1523    884
  1524    884
  1526    884
  1517    885
  1518    885
  1519    885
  1520    885
  1521    885
  1522    885
  1523    885
  1524    885
  1525    885
  1526    885
  1521    886
  1522    886
  1523    886
  1524    886
  1521    887
