  1697    783
  1698    783
  1699    783
  1700    783
  1701    783
  1702    783
  1703    783
  1704    783
  1705    783
  1706    783
  1707    783
  1708    783
  1709    783
  1710    783
  1711    783
  1695    784
  1696    784
  1697    784
  1698    784
  1699    784
  1700    784
  1701    784
  1702    784
  1703    784
  1704    784
  1705    784
  1706    784
  1707    784
  1708    784
  1709    784
  1693    785
  1694    785
  1695    785
  1696    785
  1697    785
  1698    785
  1699    785
  1700    785
  1701    785
  1702    785
  1703    785
  1704    785
  1705    785
  1691    786
  1692    786
  1693    786
  1694    786
  1695    786
  1696    786
  1697    786
  1698    786
  1699    786
  1700    786
  1701    786
  1702    786
  1689    787
  1690    787
  1691    787
  1692    787
  1693    787
  1694    787
  1695    787
  1696    787
  1697    787
  1698    787
  1699    787
  1687    788
  1688    788
  1689    788
  1690    788
  1691    788
  1692    788
  1693    788
  1694    788
  1695    788
  1696    788
  1685    789
  1686    789
  1687    789
  1688    789
  1689    789
  1690    789
  1691    789
  1692    789
  1683    790
  1684    790
  1685    790
  1686    790
  1687    790
  1688    790
  1689    790
  1681    791
  1682    791
  1683    791
  1684    791
  1685    791
  1686    791
  1679    792
  1680    792
  1681    792
  1682    792
  1683    792
  1676    793
  1677    793
  1678    793
  1679    793
  1674    794
  1675    794
  1676    794
  1677    794
  1672    795
  1673    795
