  1770    769
  1771    769
  1772    769
  1773    769
  1774    769
  1775    769
  1776    769
  1777    769
  1778    769
  1779    769
  1780    769
  1781    769
  1782    769
  1783    769
  1768    770
  1769    770
  1770    770
  1771    770
  1772    770
  1773    770
  1774    770
  1775    770
  1776    770
  1777    770
  1778    770
  1779    770
  1780    770
  1781    770
  1765    771
  1766    771
  1767    771
  1768    771
  1769    771
  1770    771
  1771    771
  1772    771
  1773    771
  1774    771
  1775    771
  1776    771
  1777    771
  1778    771
  1762    772
  1763    772
  1764    772
  1765    772
  1766    772
  1767    772
  1768    772
  1769    772
  1770    772
  1771    772
  1772    772
  1773    772
  1774    772
  1775    772
  1759    773
  1760    773
  1761    773
  1762    773
  1763    773
  1764    773
  1765    773
  1766    773
  1767    773
  1768    773
  1769    773
  1770    773
  1771    773
  1772    773
  1756    774
  1757    774
  1758    774
  1759    774
  1760    774
  1761    774
  1762    774
  1763    774
  1764    774
  1765    774
  1766    774
  1767    774
  1768    774
  1769    774
  1770    774
  1752    775
  1753    775
  1754    775
  1755    775
  1756    775
  1757    775
  1758    775
  1759    775
  1760    775
  1761    775
  1762    775
  1763    775
  1764    775
  1765    775
  1766    775
  1767    775
  1750    776
  1751    776
  1752    776
  1753    776
  1754    776
  1755    776
  1756    776
  1757    776
  1758    776
  1759    776
  1760    776
  1761    776
  1762    776
  1763    776
  1764    776
  1765    776
  1747    777
  1748    777
  1749    777
  1750    777
  1751    777
  1752    777
  1753    777
  1754    777
  1755    777
  1756    777
  1757    777
  1758    777
  1759    777
  1760    777
  1761    777
  1762    777
  1744    778
  1745    778
  1746    778
  1747    778
  1748    778
  1749    778
  1750    778
  1751    778
  1752    778
  1753    778
  1754    778
  1755    778
  1756    778
  1757    778
  1758    778
  1759    778
  1760    778
  1741    779
  1742    779
  1743    779
  1744    779
  1745    779
  1746    779
  1747    779
  1748    779
  1749    779
  1750    779
  1751    779
  1752    779
  1753    779
  1754    779
  1755    779
  1756    779
  1757    779
  1758    779
  1737    780
  1738    780
  1739    780
  1740    780
  1741    780
  1742    780
  1743    780
  1744    780
  1745    780
  1746    780
  1747    780
  1748    780
  1749    780
  1750    780
  1751    780
  1752    780
  1753    780
  1754    780
  1755    780
  1734    781
  1735    781
  1736    781
  1737    781
  1738    781
  1739    781
  1740    781
  1741    781
  1742    781
  1743    781
  1744    781
  1745    781
  1746    781
  1747    781
  1748    781
  1749    781
  1750    781
  1751    781
  1752    781
  1753    781
  1732    782
  1733    782
  1734    782
  1735    782
  1736    782
  1737    782
  1738    782
  1739    782
  1740    782
  1741    782
  1742    782
  1743    782
  1744    782
  1745    782
  1746    782
  1747    782
  1748    782
  1749    782
  1750    782
  1728    783
  1729    783
  1730    783
  1731    783
  1732    783
  1733    783
  1734    783
  1735    783
  1736    783
  1737    783
  1738    783
  1739    783
  1740    783
  1741    783
  1742    783
  1743    783
  1744    783
  1745    783
  1746    783
  1747    783
  1748    783
  1726    784
  1727    784
  1728    784
  1729    784
  1730    784
  1731    784
  1732    784
  1733    784
  1734    784
  1735    784
  1736    784
  1737    784
  1738    784
  1739    784
  1740    784
  1741    784
  1742    784
  1743    784
  1744    784
  1745    784
  1722    785
  1723    785
  1724    785
  1725    785
  1726    785
  1727    785
  1728    785
  1729    785
  1730    785
  1731    785
  1732    785
  1733    785
  1734    785
  1735    785
  1736    785
  1737    785
  1738    785
  1739    785
  1740    785
  1741    785
  1742    785
  1743    785
  1719    786
  1720    786
  1721    786
  1722    786
  1723    786
  1724    786
  1725    786
  1726    786
  1727    786
  1728    786
  1729    786
  1730    786
  1731    786
  1732    786
  1733    786
  1734    786
  1735    786
  1736    786
  1737    786
  1738    786
  1739    786
  1740    786
  1741    786
  1716    787
  1717    787
  1718    787
  1719    787
  1720    787
  1721    787
  1722    787
  1723    787
  1724    787
  1725    787
  1726    787
  1727    787
  1728    787
  1729    787
  1730    787
  1731    787
  1732    787
  1733    787
  1734    787
  1735    787
  1736    787
  1737    787
  1738    787
  1713    788
  1714    788
  1715    788
  1716    788
  1717    788
  1718    788
  1719    788
  1720    788
  1721    788
  1722    788
  1723    788
  1724    788
  1725    788
  1726    788
  1727    788
  1728    788
  1729    788
  1730    788
  1731    788
  1732    788
  1733    788
  1734    788
  1735    788
  1736    788
  1710    789
  1711    789
  1712    789
  1713    789
  1714    789
  1715    789
  1716    789
  1717    789
  1718    789
  1719    789
  1720    789
  1721    789
  1722    789
  1723    789
  1724    789
  1725    789
  1726    789
  1727    789
  1728    789
  1729    789
  1730    789
  1731    789
  1732    789
  1733    789
  1707    790
  1708    790
  1709    790
  1710    790
  1711    790
  1712    790
  1713    790
  1714    790
  1715    790
  1716    790
  1717    790
  1718    790
  1719    790
  1720    790
  1721    790
  1722    790
  1723    790
  1724    790
  1725    790
  1726    790
  1727    790
  1728    790
  1729    790
  1730    790
  1699    791
  1700    791
  1701    791
  1702    791
  1703    791
  1704    791
  1705    791
  1706    791
  1707    791
  1708    791
  1709    791
  1710    791
  1711    791
  1712    791
  1713    791
  1714    791
  1715    791
  1716    791
  1717    791
  1718    791
  1719    791
  1720    791
  1721    791
  1722    791
  1723    791
  1724    791
  1725    791
  1726    791
  1727    791
  1696    792
  1697    792
  1698    792
  1699    792
  1700    792
  1701    792
  1702    792
  1703    792
  1704    792
  1705    792
  1706    792
  1707    792
  1708    792
  1709    792
  1710    792
  1711    792
  1712    792
  1713    792
  1714    792
  1715    792
  1716    792
  1717    792
  1718    792
  1719    792
  1720    792
  1721    792
  1722    792
  1723    792
  1724    792
  1725    792
  1693    793
  1694    793
  1695    793
  1696    793
  1697    793
  1698    793
  1699    793
  1700    793
  1701    793
  1702    793
  1703    793
  1704    793
  1705    793
  1706    793
  1707    793
  1708    793
  1709    793
  1710    793
  1711    793
  1712    793
  1713    793
  1714    793
  1715    793
  1716    793
  1717    793
  1718    793
  1719    793
  1720    793
  1721    793
  1722    793
  1691    794
  1692    794
  1693    794
  1694    794
  1695    794
  1696    794
  1697    794
  1698    794
  1699    794
  1700    794
  1701    794
  1702    794
  1703    794
  1704    794
  1705    794
  1706    794
  1707    794
  1708    794
  1709    794
  1710    794
  1711    794
  1712    794
  1713    794
  1714    794
  1715    794
  1716    794
  1717    794
  1718    794
  1719    794
  1720    794
  1689    795
  1690    795
  1691    795
  1692    795
  1693    795
  1694    795
  1695    795
  1696    795
  1697    795
  1698    795
  1699    795
  1700    795
  1701    795
  1702    795
  1703    795
  1704    795
  1705    795
  1706    795
  1707    795
  1708    795
  1709    795
  1710    795
  1711    795
  1712    795
  1713    795
  1714    795
  1715    795
  1716    795
  1686    796
  1687    796
  1688    796
  1689    796
  1690    796
  1691    796
  1692    796
  1693    796
  1694    796
  1695    796
  1696    796
  1697    796
  1698    796
  1699    796
  1700    796
  1701    796
  1702    796
  1703    796
  1704    796
  1705    796
  1706    796
  1707    796
  1708    796
  1709    796
  1710    796
  1711    796
  1712    796
  1713    796
  1683    797
  1684    797
  1685    797
  1686    797
  1687    797
  1688    797
  1689    797
  1690    797
  1691    797
  1692    797
  1693    797
  1694    797
  1695    797
  1696    797
  1697    797
  1698    797
  1699    797
  1700    797
  1701    797
  1702    797
  1703    797
  1704    797
  1705    797
  1706    797
  1707    797
  1708    797
  1709    797
  1710    797
  1679    798
  1680    798
  1681    798
  1682    798
  1683    798
  1684    798
  1685    798
  1686    798
  1687    798
  1688    798
  1689    798
  1690    798
  1691    798
  1692    798
  1693    798
  1694    798
  1695    798
  1696    798
  1697    798
  1698    798
  1699    798
  1700    798
  1701    798
  1702    798
  1703    798
  1704    798
  1705    798
  1706    798
  1707    798
  1676    799
  1677    799
  1678    799
  1679    799
  1680    799
  1681    799
  1682    799
  1683    799
  1684    799
  1685    799
  1686    799
  1687    799
  1688    799
  1689    799
  1690    799
  1691    799
  1692    799
  1693    799
  1694    799
  1695    799
  1696    799
  1697    799
  1698    799
  1699    799
  1700    799
  1701    799
  1702    799
  1703    799
  1704    799
  1705    799
  1673    800
  1674    800
  1675    800
  1676    800
  1677    800
  1678    800
  1679    800
  1680    800
  1681    800
  1682    800
  1683    800
  1684    800
  1685    800
  1686    800
  1687    800
  1688    800
  1689    800
  1690    800
  1691    800
  1692    800
  1693    800
  1694    800
  1695    800
  1696    800
  1697    800
  1698    800
  1699    800
  1700    800
  1701    800
  1702    800
  1669    801
  1670    801
  1671    801
  1672    801
  1673    801
  1674    801
  1675    801
  1676    801
  1677    801
  1678    801
  1679    801
  1680    801
  1681    801
  1682    801
  1683    801
  1684    801
  1685    801
  1686    801
  1687    801
  1688    801
  1689    801
  1690    801
  1691    801
  1692    801
  1693    801
  1694    801
  1695    801
  1696    801
  1697    801
  1698    801
  1699    801
  1700    801
  1666    802
  1667    802
  1668    802
  1669    802
  1670    802
  1671    802
  1672    802
  1673    802
  1674    802
  1675    802
  1676    802
  1677    802
  1678    802
  1679    802
  1680    802
  1681    802
  1682    802
  1683    802
  1684    802
  1685    802
  1686    802
  1687    802
  1688    802
  1689    802
  1690    802
  1691    802
  1692    802
  1693    802
  1694    802
  1695    802
  1696    802
  1662    803
  1663    803
  1664    803
  1665    803
  1666    803
  1667    803
  1668    803
  1669    803
  1670    803
  1671    803
  1672    803
  1673    803
  1674    803
  1675    803
  1676    803
  1677    803
  1678    803
  1679    803
  1680    803
  1681    803
  1682    803
  1683    803
  1684    803
  1685    803
  1686    803
  1687    803
  1688    803
  1689    803
  1690    803
  1691    803
  1692    803
  1693    803
  1659    804
  1660    804
  1661    804
  1662    804
  1663    804
  1664    804
  1665    804
  1666    804
  1667    804
  1668    804
  1669    804
  1670    804
  1671    804
  1672    804
  1673    804
  1674    804
  1675    804
  1676    804
  1677    804
  1678    804
  1679    804
  1680    804
  1681    804
  1682    804
  1683    804
  1684    804
  1685    804
  1686    804
  1687    804
  1688    804
  1689    804
  1690    804
  1655    805
  1656    805
  1657    805
  1658    805
  1659    805
  1660    805
  1661    805
  1662    805
  1663    805
  1664    805
  1665    805
  1666    805
  1667    805
  1668    805
  1669    805
  1670    805
  1671    805
  1672    805
  1673    805
  1674    805
  1675    805
  1676    805
  1677    805
  1678    805
  1679    805
  1680    805
  1681    805
  1682    805
  1683    805
  1684    805
  1685    805
  1686    805
  1687    805
  1651    806
  1652    806
  1653    806
  1654    806
  1655    806
  1656    806
  1657    806
  1658    806
  1659    806
  1660    806
  1661    806
  1662    806
  1663    806
  1664    806
  1665    806
  1666    806
  1667    806
  1668    806
  1669    806
  1670    806
  1671    806
  1672    806
  1673    806
  1674    806
  1675    806
  1676    806
  1677    806
  1678    806
  1679    806
  1680    806
  1681    806
  1682    806
  1683    806
  1684    806
  1648    807
  1649    807
  1650    807
  1651    807
  1652    807
  1653    807
  1654    807
  1655    807
  1656    807
  1657    807
  1658    807
  1659    807
  1660    807
  1661    807
  1662    807
  1663    807
  1664    807
  1665    807
  1666    807
  1667    807
  1668    807
  1669    807
  1670    807
  1671    807
  1672    807
  1673    807
  1674    807
  1675    807
  1676    807
  1677    807
  1678    807
  1679    807
  1680    807
  1681    807
  1644    808
  1645    808
  1646    808
  1647    808
  1648    808
  1649    808
  1650    808
  1651    808
  1652    808
  1653    808
  1654    808
  1655    808
  1656    808
  1657    808
  1658    808
  1659    808
  1660    808
  1661    808
  1662    808
  1663    808
  1664    808
  1665    808
  1666    808
  1667    808
  1668    808
  1669    808
  1670    808
  1671    808
  1672    808
  1673    808
  1674    808
  1675    808
  1676    808
  1677    808
  1678    808
  1679    808
  1641    809
  1642    809
  1643    809
  1644    809
  1645    809
  1646    809
  1647    809
  1648    809
  1649    809
  1650    809
  1651    809
  1652    809
  1653    809
  1654    809
  1655    809
  1656    809
  1657    809
  1658    809
  1659    809
  1660    809
  1661    809
  1662    809
  1663    809
  1664    809
  1665    809
  1666    809
  1667    809
  1668    809
  1669    809
  1670    809
  1671    809
  1672    809
  1673    809
  1674    809
  1675    809
  1676    809
  1638    810
  1639    810
  1640    810
  1641    810
  1642    810
  1643    810
  1644    810
  1645    810
  1646    810
  1647    810
  1648    810
  1649    810
  1650    810
  1651    810
  1652    810
  1653    810
  1654    810
  1655    810
  1656    810
  1657    810
  1658    810
  1659    810
  1660    810
  1661    810
  1662    810
  1663    810
  1664    810
  1665    810
  1666    810
  1667    810
  1668    810
  1669    810
  1670    810
  1671    810
  1672    810
  1673    810
  1674    810
  1634    811
  1635    811
  1636    811
  1637    811
  1638    811
  1639    811
  1640    811
  1641    811
  1642    811
  1643    811
  1644    811
  1645    811
  1646    811
  1647    811
  1648    811
  1649    811
  1650    811
  1651    811
  1652    811
  1653    811
  1654    811
  1655    811
  1656    811
  1657    811
  1658    811
  1659    811
  1660    811
  1661    811
  1662    811
  1663    811
  1664    811
  1665    811
  1666    811
  1667    811
  1668    811
  1669    811
  1670    811
  1671    811
  1672    811
  1630    812
  1631    812
  1632    812
  1633    812
  1634    812
  1635    812
  1636    812
  1637    812
  1638    812
  1639    812
  1640    812
  1641    812
  1642    812
  1643    812
  1644    812
  1645    812
  1646    812
  1647    812
  1648    812
  1649    812
  1650    812
  1651    812
  1652    812
  1653    812
  1654    812
  1655    812
  1656    812
  1657    812
  1658    812
  1659    812
  1660    812
  1661    812
  1662    812
  1663    812
  1664    812
  1665    812
  1666    812
  1667    812
  1668    812
  1669    812
  1627    813
  1628    813
  1629    813
  1630    813
  1631    813
  1632    813
  1633    813
  1634    813
  1635    813
  1636    813
  1637    813
  1638    813
  1639    813
  1640    813
  1641    813
  1642    813
  1643    813
  1644    813
  1645    813
  1646    813
  1647    813
  1648    813
  1649    813
  1650    813
  1651    813
  1652    813
  1653    813
  1654    813
  1655    813
  1656    813
  1657    813
  1658    813
  1659    813
  1660    813
  1661    813
  1662    813
  1663    813
  1664    813
  1665    813
  1666    813
  1667    813
  1623    814
  1624    814
  1625    814
  1626    814
  1627    814
  1628    814
  1629    814
  1630    814
  1631    814
  1632    814
  1633    814
  1634    814
  1635    814
  1636    814
  1637    814
  1638    814
  1639    814
  1640    814
  1641    814
  1642    814
  1643    814
  1644    814
  1645    814
  1646    814
  1647    814
  1648    814
  1649    814
  1650    814
  1651    814
  1652    814
  1653    814
  1654    814
  1655    814
  1656    814
  1657    814
  1658    814
  1659    814
  1660    814
  1661    814
  1662    814
  1663    814
  1664    814
  1621    815
  1622    815
  1623    815
  1624    815
  1625    815
  1626    815
  1627    815
  1628    815
  1629    815
  1630    815
  1631    815
  1632    815
  1633    815
  1634    815
  1635    815
  1636    815
  1637    815
  1638    815
  1639    815
  1640    815
  1641    815
  1644    815
  1645    815
  1646    815
  1647    815
  1648    815
  1649    815
  1650    815
  1651    815
  1652    815
  1653    815
  1654    815
  1655    815
  1656    815
  1657    815
  1658    815
  1659    815
  1660    815
  1661    815
  1662    815
  1616    816
  1617    816
  1618    816
  1619    816
  1620    816
  1621    816
  1622    816
  1623    816
  1624    816
  1625    816
  1626    816
  1627    816
  1628    816
  1629    816
  1630    816
  1631    816
  1632    816
  1633    816
  1634    816
  1635    816
  1636    816
  1637    816
  1641    816
  1642    816
  1643    816
  1644    816
  1645    816
  1646    816
  1647    816
  1648    816
  1649    816
  1650    816
  1651    816
  1652    816
  1653    816
  1654    816
  1655    816
  1656    816
  1657    816
  1658    816
  1659    816
  1613    817
  1614    817
  1615    817
  1616    817
  1617    817
  1618    817
  1619    817
  1620    817
  1621    817
  1622    817
  1623    817
  1624    817
  1625    817
  1626    817
  1627    817
  1628    817
  1629    817
  1630    817
  1631    817
  1632    817
  1633    817
  1634    817
  1639    817
  1640    817
  1641    817
  1642    817
  1643    817
  1644    817
  1645    817
  1646    817
  1647    817
  1648    817
  1649    817
  1650    817
  1651    817
  1652    817
  1653    817
  1654    817
  1655    817
  1656    817
  1657    817
  1658    817
  1609    818
  1610    818
  1611    818
  1612    818
  1613    818
  1614    818
  1615    818
  1616    818
  1617    818
  1618    818
  1619    818
  1620    818
  1621    818
  1622    818
  1623    818
  1624    818
  1625    818
  1626    818
  1627    818
  1628    818
  1629    818
  1630    818
  1637    818
  1638    818
  1639    818
  1640    818
  1641    818
  1642    818
  1643    818
  1644    818
  1645    818
  1646    818
  1647    818
  1648    818
  1649    818
  1650    818
  1651    818
  1652    818
  1653    818
  1654    818
  1655    818
  1656    818
  1605    819
  1606    819
  1607    819
  1608    819
  1609    819
  1610    819
  1611    819
  1612    819
  1613    819
  1614    819
  1615    819
  1616    819
  1617    819
  1618    819
  1619    819
  1620    819
  1621    819
  1622    819
  1623    819
  1624    819
  1625    819
  1626    819
  1634    819
  1635    819
  1636    819
  1637    819
  1638    819
  1639    819
  1640    819
  1641    819
  1642    819
  1643    819
  1644    819
  1645    819
  1646    819
  1647    819
  1648    819
  1649    819
  1650    819
  1651    819
  1652    819
  1653    819
  1602    820
  1603    820
  1604    820
  1605    820
  1606    820
  1607    820
  1608    820
  1609    820
  1610    820
  1611    820
  1612    820
  1613    820
  1614    820
  1615    820
  1616    820
  1617    820
  1618    820
  1619    820
  1620    820
  1621    820
  1622    820
  1623    820
  1631    820
  1632    820
  1633    820
  1634    820
  1635    820
  1636    820
  1637    820
  1638    820
  1639    820
  1640    820
  1641    820
  1642    820
  1643    820
  1644    820
  1645    820
  1646    820
  1647    820
  1648    820
  1649    820
  1650    820
  1651    820
  1598    821
  1599    821
  1600    821
  1601    821
  1602    821
  1603    821
  1604    821
  1605    821
  1606    821
  1607    821
  1608    821
  1609    821
  1610    821
  1611    821
  1612    821
  1613    821
  1614    821
  1615    821
  1616    821
  1617    821
  1618    821
  1619    821
  1629    821
  1630    821
  1631    821
  1632    821
  1633    821
  1634    821
  1635    821
  1636    821
  1637    821
  1638    821
  1639    821
  1640    821
  1641    821
  1642    821
  1643    821
  1644    821
  1645    821
  1646    821
  1647    821
  1648    821
  1649    821
  1594    822
  1595    822
  1596    822
  1597    822
  1598    822
  1599    822
  1600    822
  1601    822
  1602    822
  1603    822
  1604    822
  1605    822
  1606    822
  1607    822
  1608    822
  1609    822
  1610    822
  1611    822
  1612    822
  1613    822
  1614    822
  1615    822
  1616    822
  1626    822
  1627    822
  1628    822
  1629    822
  1630    822
  1631    822
  1632    822
  1633    822
  1634    822
  1635    822
  1636    822
  1637    822
  1638    822
  1639    822
  1640    822
  1641    822
  1642    822
  1643    822
  1644    822
  1645    822
  1646    822
  1647    822
  1648    822
  1590    823
  1591    823
  1592    823
  1593    823
  1594    823
  1595    823
  1596    823
  1597    823
  1598    823
  1599    823
  1600    823
  1601    823
  1602    823
  1603    823
  1604    823
  1605    823
  1606    823
  1607    823
  1608    823
  1609    823
  1610    823
  1611    823
  1612    823
  1624    823
  1625    823
  1626    823
  1627    823
  1628    823
  1629    823
  1630    823
  1631    823
  1632    823
  1633    823
  1634    823
  1635    823
  1636    823
  1637    823
  1638    823
  1639    823
  1640    823
  1641    823
  1642    823
  1643    823
  1644    823
  1645    823
  1646    823
  1586    824
  1587    824
  1588    824
  1589    824
  1590    824
  1591    824
  1592    824
  1593    824
  1594    824
  1595    824
  1596    824
  1597    824
  1598    824
  1599    824
  1600    824
  1601    824
  1602    824
  1603    824
  1604    824
  1605    824
  1606    824
  1607    824
  1608    824
  1622    824
  1623    824
  1624    824
  1625    824
  1626    824
  1627    824
  1628    824
  1629    824
  1630    824
  1631    824
  1632    824
  1633    824
  1634    824
  1635    824
  1636    824
  1637    824
  1638    824
  1639    824
  1640    824
  1641    824
  1642    824
  1643    824
  1644    824
  1583    825
  1584    825
  1585    825
  1586    825
  1587    825
  1588    825
  1589    825
  1590    825
  1591    825
  1592    825
  1593    825
  1594    825
  1595    825
  1596    825
  1597    825
  1598    825
  1599    825
  1600    825
  1601    825
  1602    825
  1603    825
  1604    825
  1605    825
  1606    825
  1621    825
  1622    825
  1623    825
  1624    825
  1625    825
  1626    825
  1627    825
  1628    825
  1629    825
  1630    825
  1631    825
  1632    825
  1633    825
  1634    825
  1635    825
  1636    825
  1637    825
  1638    825
  1639    825
  1640    825
  1641    825
  1642    825
  1579    826
  1580    826
  1581    826
  1582    826
  1583    826
  1584    826
  1585    826
  1586    826
  1587    826
  1588    826
  1589    826
  1590    826
  1591    826
  1592    826
  1593    826
  1594    826
  1595    826
  1596    826
  1597    826
  1598    826
  1599    826
  1600    826
  1601    826
  1602    826
  1620    826
  1621    826
  1622    826
  1623    826
  1624    826
  1625    826
  1626    826
  1627    826
  1628    826
  1629    826
  1630    826
  1631    826
  1632    826
  1633    826
  1634    826
  1635    826
  1636    826
  1637    826
  1638    826
  1639    826
  1640    826
  1575    827
  1576    827
  1577    827
  1578    827
  1579    827
  1580    827
  1581    827
  1582    827
  1583    827
  1584    827
  1585    827
  1586    827
  1587    827
  1588    827
  1589    827
  1590    827
  1591    827
  1592    827
  1593    827
  1594    827
  1595    827
  1596    827
  1597    827
  1598    827
  1618    827
  1619    827
  1620    827
  1621    827
  1622    827
  1623    827
  1624    827
  1625    827
  1626    827
  1627    827
  1628    827
  1629    827
  1630    827
  1631    827
  1632    827
  1633    827
  1634    827
  1635    827
  1636    827
  1637    827
  1638    827
  1571    828
  1572    828
  1573    828
  1574    828
  1575    828
  1576    828
  1577    828
  1578    828
  1579    828
  1580    828
  1581    828
  1582    828
  1583    828
  1584    828
  1585    828
  1586    828
  1587    828
  1588    828
  1589    828
  1590    828
  1591    828
  1592    828
  1593    828
  1594    828
  1617    828
  1618    828
  1619    828
  1620    828
  1621    828
  1622    828
  1623    828
  1624    828
  1625    828
  1626    828
  1627    828
  1628    828
  1629    828
  1630    828
  1631    828
  1632    828
  1633    828
  1634    828
  1635    828
  1636    828
  1567    829
  1568    829
  1569    829
  1570    829
  1571    829
  1572    829
  1573    829
  1574    829
  1575    829
  1576    829
  1577    829
  1578    829
  1579    829
  1580    829
  1581    829
  1582    829
  1583    829
  1584    829
  1585    829
  1586    829
  1587    829
  1588    829
  1589    829
  1590    829
  1615    829
  1616    829
  1617    829
  1618    829
  1619    829
  1620    829
  1621    829
  1622    829
  1623    829
  1624    829
  1625    829
  1626    829
  1627    829
  1628    829
  1629    829
  1630    829
  1631    829
  1632    829
  1633    829
  1634    829
  1635    829
  1563    830
  1564    830
  1565    830
  1566    830
  1567    830
  1568    830
  1569    830
  1570    830
  1571    830
  1572    830
  1573    830
  1574    830
  1575    830
  1576    830
  1577    830
  1578    830
  1579    830
  1580    830
  1581    830
  1582    830
  1583    830
  1584    830
  1585    830
  1586    830
  1587    830
  1611    830
  1612    830
  1613    830
  1614    830
  1615    830
  1616    830
  1617    830
  1618    830
  1619    830
  1620    830
  1621    830
  1622    830
  1623    830
  1624    830
  1625    830
  1626    830
  1627    830
  1628    830
  1629    830
  1630    830
  1631    830
  1632    830
  1633    830
  1559    831
  1560    831
  1561    831
  1562    831
  1563    831
  1564    831
  1565    831
  1566    831
  1567    831
  1568    831
  1569    831
  1570    831
  1571    831
  1572    831
  1573    831
  1574    831
  1575    831
  1576    831
  1577    831
  1578    831
  1579    831
  1580    831
  1581    831
  1582    831
  1612    831
  1613    831
  1614    831
  1615    831
  1616    831
  1617    831
  1618    831
  1619    831
  1620    831
  1621    831
  1622    831
  1623    831
  1624    831
  1625    831
  1626    831
  1627    831
  1628    831
  1629    831
  1630    831
  1631    831
  1555    832
  1556    832
  1557    832
  1558    832
  1559    832
  1560    832
  1561    832
  1562    832
  1563    832
  1564    832
  1565    832
  1566    832
  1567    832
  1568    832
  1569    832
  1570    832
  1571    832
  1572    832
  1573    832
  1574    832
  1575    832
  1576    832
  1577    832
  1578    832
  1579    832
  1610    832
  1611    832
  1612    832
  1613    832
  1614    832
  1615    832
  1616    832
  1617    832
  1618    832
  1619    832
  1620    832
  1621    832
  1622    832
  1623    832
  1624    832
  1625    832
  1626    832
  1627    832
  1628    832
  1629    832
  1551    833
  1552    833
  1553    833
  1554    833
  1555    833
  1556    833
  1557    833
  1558    833
  1559    833
  1560    833
  1561    833
  1562    833
  1563    833
  1564    833
  1565    833
  1566    833
  1567    833
  1568    833
  1569    833
  1570    833
  1571    833
  1572    833
  1573    833
  1574    833
  1575    833
  1608    833
  1609    833
  1610    833
  1611    833
  1612    833
  1613    833
  1614    833
  1615    833
  1616    833
  1617    833
  1618    833
  1619    833
  1620    833
  1621    833
  1622    833
  1623    833
  1624    833
  1625    833
  1626    833
  1627    833
  1628    833
  1547    834
  1548    834
  1549    834
  1550    834
  1551    834
  1552    834
  1553    834
  1554    834
  1555    834
  1556    834
  1557    834
  1558    834
  1559    834
  1560    834
  1561    834
  1562    834
  1563    834
  1564    834
  1565    834
  1566    834
  1567    834
  1568    834
  1569    834
  1570    834
  1571    834
  1605    834
  1606    834
  1607    834
  1608    834
  1609    834
  1610    834
  1611    834
  1612    834
  1613    834
  1614    834
  1615    834
  1616    834
  1617    834
  1618    834
  1619    834
  1620    834
  1621    834
  1622    834
  1623    834
  1624    834
  1625    834
  1626    834
  1543    835
  1544    835
  1545    835
  1546    835
  1547    835
  1548    835
  1549    835
  1550    835
  1551    835
  1552    835
  1553    835
  1554    835
  1555    835
  1556    835
  1557    835
  1558    835
  1559    835
  1560    835
  1561    835
  1562    835
  1563    835
  1564    835
  1565    835
  1566    835
  1567    835
  1604    835
  1605    835
  1606    835
  1607    835
  1608    835
  1609    835
  1610    835
  1611    835
  1612    835
  1613    835
  1614    835
  1615    835
  1616    835
  1617    835
  1618    835
  1619    835
  1620    835
  1621    835
  1622    835
  1623    835
  1624    835
  1540    836
  1541    836
  1542    836
  1543    836
  1544    836
  1545    836
  1546    836
  1547    836
  1548    836
  1549    836
  1550    836
  1551    836
  1552    836
  1553    836
  1554    836
  1555    836
  1556    836
  1557    836
  1558    836
  1559    836
  1560    836
  1561    836
  1562    836
  1563    836
  1564    836
  1565    836
  1602    836
  1603    836
  1604    836
  1605    836
  1606    836
  1607    836
  1608    836
  1609    836
  1610    836
  1611    836
  1612    836
  1613    836
  1614    836
  1615    836
  1616    836
  1617    836
  1618    836
  1619    836
  1620    836
  1621    836
  1622    836
  1535    837
  1536    837
  1537    837
  1538    837
  1539    837
  1540    837
  1541    837
  1542    837
  1543    837
  1544    837
  1545    837
  1546    837
  1547    837
  1548    837
  1549    837
  1550    837
  1551    837
  1552    837
  1553    837
  1554    837
  1555    837
  1556    837
  1557    837
  1558    837
  1559    837
  1560    837
  1600    837
  1601    837
  1602    837
  1603    837
  1604    837
  1605    837
  1606    837
  1607    837
  1608    837
  1609    837
  1610    837
  1611    837
  1612    837
  1613    837
  1614    837
  1615    837
  1616    837
  1617    837
  1618    837
  1619    837
  1620    837
  1621    837
  1531    838
  1532    838
  1533    838
  1534    838
  1535    838
  1536    838
  1537    838
  1538    838
  1539    838
  1540    838
  1541    838
  1542    838
  1543    838
  1544    838
  1545    838
  1546    838
  1547    838
  1548    838
  1549    838
  1550    838
  1551    838
  1552    838
  1553    838
  1554    838
  1555    838
  1556    838
  1598    838
  1599    838
  1600    838
  1601    838
  1602    838
  1603    838
  1604    838
  1605    838
  1606    838
  1607    838
  1608    838
  1609    838
  1610    838
  1611    838
  1612    838
  1613    838
  1614    838
  1615    838
  1616    838
  1617    838
  1618    838
  1619    838
  1527    839
  1528    839
  1529    839
  1530    839
  1531    839
  1532    839
  1533    839
  1534    839
  1535    839
  1536    839
  1537    839
  1538    839
  1539    839
  1540    839
  1541    839
  1542    839
  1543    839
  1544    839
  1545    839
  1546    839
  1547    839
  1548    839
  1549    839
  1550    839
  1551    839
  1552    839
  1553    839
  1596    839
  1597    839
  1598    839
  1599    839
  1600    839
  1601    839
  1602    839
  1603    839
  1604    839
  1605    839
  1606    839
  1607    839
  1608    839
  1609    839
  1610    839
  1611    839
  1612    839
  1613    839
  1614    839
  1615    839
  1616    839
  1617    839
  1523    840
  1524    840
  1525    840
  1526    840
  1527    840
  1528    840
  1529    840
  1530    840
  1531    840
  1532    840
  1533    840
  1534    840
  1535    840
  1536    840
  1537    840
  1538    840
  1539    840
  1540    840
  1541    840
  1542    840
  1543    840
  1544    840
  1545    840
  1546    840
  1547    840
  1594    840
  1595    840
  1596    840
  1597    840
  1598    840
  1599    840
  1600    840
  1601    840
  1602    840
  1603    840
  1604    840
  1605    840
  1606    840
  1607    840
  1608    840
  1609    840
  1610    840
  1611    840
  1612    840
  1613    840
  1614    840
  1615    840
  1519    841
  1520    841
  1521    841
  1522    841
  1523    841
  1524    841
  1525    841
  1526    841
  1527    841
  1528    841
  1529    841
  1530    841
  1531    841
  1532    841
  1533    841
  1534    841
  1535    841
  1536    841
  1537    841
  1538    841
  1539    841
  1540    841
  1541    841
  1542    841
  1543    841
  1544    841
  1545    841
  1592    841
  1593    841
  1594    841
  1595    841
  1596    841
  1597    841
  1598    841
  1599    841
  1600    841
  1601    841
  1602    841
  1603    841
  1604    841
  1605    841
  1606    841
  1607    841
  1608    841
  1609    841
  1610    841
  1611    841
  1612    841
  1613    841
  1516    842
  1517    842
  1518    842
  1519    842
  1520    842
  1521    842
  1522    842
  1523    842
  1524    842
  1525    842
  1526    842
  1527    842
  1528    842
  1529    842
  1530    842
  1531    842
  1532    842
  1533    842
  1534    842
  1535    842
  1536    842
  1537    842
  1538    842
  1539    842
  1540    842
  1541    842
  1589    842
  1590    842
  1591    842
  1592    842
  1593    842
  1594    842
  1595    842
  1596    842
  1597    842
  1598    842
  1599    842
  1600    842
  1601    842
  1602    842
  1603    842
  1604    842
  1605    842
  1606    842
  1607    842
  1608    842
  1609    842
  1610    842
  1611    842
  1511    843
  1512    843
  1513    843
  1514    843
  1515    843
  1516    843
  1517    843
  1518    843
  1519    843
  1520    843
  1521    843
  1522    843
  1523    843
  1524    843
  1525    843
  1526    843
  1527    843
  1528    843
  1529    843
  1530    843
  1531    843
  1532    843
  1533    843
  1534    843
  1535    843
  1536    843
  1537    843
  1588    843
  1589    843
  1590    843
  1591    843
  1592    843
  1593    843
  1594    843
  1595    843
  1596    843
  1597    843
  1598    843
  1599    843
  1600    843
  1601    843
  1602    843
  1603    843
  1604    843
  1605    843
  1606    843
  1607    843
  1608    843
  1609    843
  1508    844
  1509    844
  1510    844
  1511    844
  1512    844
  1513    844
  1514    844
  1515    844
  1516    844
  1517    844
  1518    844
  1519    844
  1520    844
  1521    844
  1522    844
  1523    844
  1524    844
  1525    844
  1526    844
  1527    844
  1528    844
  1529    844
  1530    844
  1531    844
  1532    844
  1533    844
  1534    844
  1586    844
  1587    844
  1588    844
  1589    844
  1590    844
  1591    844
  1592    844
  1593    844
  1594    844
  1595    844
  1596    844
  1597    844
  1598    844
  1599    844
  1600    844
  1601    844
  1602    844
  1603    844
  1604    844
  1605    844
  1606    844
  1607    844
  1504    845
  1505    845
  1506    845
  1507    845
  1508    845
  1509    845
  1510    845
  1511    845
  1512    845
  1513    845
  1514    845
  1515    845
  1516    845
  1517    845
  1518    845
  1519    845
  1520    845
  1521    845
  1522    845
  1523    845
  1524    845
  1525    845
  1526    845
  1527    845
  1528    845
  1529    845
  1585    845
  1586    845
  1587    845
  1588    845
  1589    845
  1590    845
  1591    845
  1592    845
  1593    845
  1594    845
  1595    845
  1596    845
  1597    845
  1598    845
  1599    845
  1600    845
  1601    845
  1602    845
  1603    845
  1604    845
  1605    845
  1606    845
  1499    846
  1500    846
  1501    846
  1502    846
  1503    846
  1504    846
  1505    846
  1506    846
  1507    846
  1508    846
  1509    846
  1510    846
  1511    846
  1512    846
  1513    846
  1514    846
  1515    846
  1516    846
  1517    846
  1518    846
  1519    846
  1520    846
  1521    846
  1522    846
  1523    846
  1524    846
  1525    846
  1526    846
  1583    846
  1584    846
  1585    846
  1586    846
  1587    846
  1588    846
  1589    846
  1590    846
  1591    846
  1592    846
  1593    846
  1594    846
  1595    846
  1596    846
  1597    846
  1598    846
  1599    846
  1600    846
  1601    846
  1602    846
  1603    846
  1604    846
  1496    847
  1497    847
  1498    847
  1499    847
  1500    847
  1501    847
  1502    847
  1503    847
  1504    847
  1505    847
  1506    847
  1507    847
  1508    847
  1509    847
  1510    847
  1511    847
  1512    847
  1513    847
  1514    847
  1515    847
  1516    847
  1517    847
  1518    847
  1519    847
  1520    847
  1521    847
  1522    847
  1581    847
  1582    847
  1583    847
  1584    847
  1585    847
  1586    847
  1587    847
  1588    847
  1589    847
  1590    847
  1591    847
  1592    847
  1593    847
  1594    847
  1595    847
  1596    847
  1597    847
  1598    847
  1599    847
  1600    847
  1601    847
  1602    847
  1491    848
  1492    848
  1493    848
  1494    848
  1495    848
  1496    848
  1497    848
  1498    848
  1499    848
  1500    848
  1501    848
  1502    848
  1503    848
  1504    848
  1505    848
  1506    848
  1507    848
  1508    848
  1509    848
  1510    848
  1511    848
  1512    848
  1513    848
  1514    848
  1515    848
  1516    848
  1517    848
  1518    848
  1579    848
  1580    848
  1581    848
  1582    848
  1583    848
  1584    848
  1585    848
  1586    848
  1587    848
  1588    848
  1589    848
  1590    848
  1591    848
  1592    848
  1593    848
  1594    848
  1595    848
  1596    848
  1597    848
  1598    848
  1599    848
  1600    848
  1601    848
  1487    849
  1488    849
  1489    849
  1490    849
  1491    849
  1492    849
  1493    849
  1494    849
  1495    849
  1496    849
  1497    849
  1498    849
  1499    849
  1500    849
  1501    849
  1502    849
  1503    849
  1504    849
  1505    849
  1506    849
  1507    849
  1508    849
  1509    849
  1510    849
  1511    849
  1512    849
  1513    849
  1514    849
  1577    849
  1578    849
  1579    849
  1580    849
  1581    849
  1582    849
  1583    849
  1584    849
  1585    849
  1586    849
  1587    849
  1588    849
  1589    849
  1590    849
  1591    849
  1592    849
  1593    849
  1594    849
  1595    849
  1596    849
  1597    849
  1598    849
  1599    849
  1483    850
  1484    850
  1485    850
  1486    850
  1487    850
  1488    850
  1489    850
  1490    850
  1491    850
  1492    850
  1493    850
  1494    850
  1495    850
  1496    850
  1497    850
  1498    850
  1499    850
  1500    850
  1501    850
  1502    850
  1503    850
  1504    850
  1505    850
  1506    850
  1507    850
  1508    850
  1509    850
  1510    850
  1576    850
  1577    850
  1578    850
  1579    850
  1580    850
  1581    850
  1582    850
  1583    850
  1584    850
  1585    850
  1586    850
  1587    850
  1588    850
  1589    850
  1590    850
  1591    850
  1592    850
  1593    850
  1594    850
  1595    850
  1596    850
  1597    850
  1598    850
  1479    851
  1480    851
  1481    851
  1482    851
  1483    851
  1484    851
  1485    851
  1486    851
  1487    851
  1488    851
  1489    851
  1490    851
  1491    851
  1492    851
  1493    851
  1494    851
  1495    851
  1496    851
  1497    851
  1498    851
  1499    851
  1500    851
  1501    851
  1502    851
  1503    851
  1504    851
  1505    851
  1506    851
  1574    851
  1575    851
  1576    851
  1577    851
  1578    851
  1579    851
  1580    851
  1581    851
  1582    851
  1583    851
  1584    851
  1585    851
  1586    851
  1587    851
  1588    851
  1589    851
  1590    851
  1591    851
  1592    851
  1593    851
  1594    851
  1595    851
  1474    852
  1475    852
  1476    852
  1477    852
  1478    852
  1479    852
  1480    852
  1481    852
  1482    852
  1483    852
  1484    852
  1485    852
  1486    852
  1487    852
  1488    852
  1489    852
  1490    852
  1491    852
  1492    852
  1493    852
  1494    852
  1495    852
  1496    852
  1497    852
  1498    852
  1499    852
  1500    852
  1501    852
  1502    852
  1503    852
  1572    852
  1573    852
  1574    852
  1575    852
  1576    852
  1577    852
  1578    852
  1579    852
  1580    852
  1581    852
  1582    852
  1583    852
  1584    852
  1585    852
  1586    852
  1587    852
  1588    852
  1589    852
  1590    852
  1591    852
  1592    852
  1593    852
  1470    853
  1471    853
  1472    853
  1473    853
  1474    853
  1475    853
  1476    853
  1477    853
  1478    853
  1479    853
  1480    853
  1481    853
  1482    853
  1483    853
  1484    853
  1485    853
  1486    853
  1487    853
  1488    853
  1489    853
  1490    853
  1491    853
  1492    853
  1493    853
  1494    853
  1495    853
  1496    853
  1497    853
  1498    853
  1570    853
  1571    853
  1572    853
  1573    853
  1574    853
  1575    853
  1576    853
  1577    853
  1578    853
  1579    853
  1580    853
  1581    853
  1582    853
  1583    853
  1584    853
  1585    853
  1586    853
  1587    853
  1588    853
  1589    853
  1590    853
  1591    853
  1592    853
  1466    854
  1467    854
  1468    854
  1469    854
  1470    854
  1471    854
  1472    854
  1473    854
  1474    854
  1475    854
  1476    854
  1477    854
  1478    854
  1479    854
  1480    854
  1481    854
  1482    854
  1483    854
  1484    854
  1485    854
  1486    854
  1487    854
  1488    854
  1489    854
  1490    854
  1491    854
  1492    854
  1493    854
  1494    854
  1495    854
  1568    854
  1569    854
  1570    854
  1571    854
  1572    854
  1573    854
  1574    854
  1575    854
  1576    854
  1577    854
  1578    854
  1579    854
  1580    854
  1581    854
  1582    854
  1583    854
  1584    854
  1585    854
  1586    854
  1587    854
  1588    854
  1589    854
  1590    854
  1462    855
  1463    855
  1464    855
  1465    855
  1466    855
  1467    855
  1468    855
  1469    855
  1470    855
  1471    855
  1472    855
  1473    855
  1474    855
  1475    855
  1476    855
  1477    855
  1478    855
  1479    855
  1480    855
  1481    855
  1482    855
  1483    855
  1484    855
  1485    855
  1486    855
  1487    855
  1488    855
  1489    855
  1490    855
  1567    855
  1568    855
  1569    855
  1570    855
  1571    855
  1572    855
  1573    855
  1574    855
  1575    855
  1576    855
  1577    855
  1578    855
  1579    855
  1580    855
  1581    855
  1582    855
  1583    855
  1584    855
  1585    855
  1586    855
  1587    855
  1588    855
  1457    856
  1458    856
  1459    856
  1460    856
  1461    856
  1462    856
  1463    856
  1464    856
  1465    856
  1466    856
  1467    856
  1468    856
  1469    856
  1470    856
  1471    856
  1472    856
  1473    856
  1474    856
  1475    856
  1476    856
  1477    856
  1478    856
  1479    856
  1480    856
  1481    856
  1482    856
  1483    856
  1484    856
  1485    856
  1486    856
  1487    856
  1565    856
  1566    856
  1567    856
  1568    856
  1569    856
  1570    856
  1571    856
  1572    856
  1573    856
  1574    856
  1575    856
  1576    856
  1577    856
  1578    856
  1579    856
  1580    856
  1581    856
  1582    856
  1583    856
  1584    856
  1585    856
  1586    856
  1587    856
  1453    857
  1454    857
  1455    857
  1456    857
  1457    857
  1458    857
  1459    857
  1460    857
  1461    857
  1462    857
  1463    857
  1464    857
  1465    857
  1466    857
  1467    857
  1468    857
  1469    857
  1470    857
  1471    857
  1472    857
  1473    857
  1474    857
  1475    857
  1476    857
  1477    857
  1478    857
  1479    857
  1480    857
  1481    857
  1482    857
  1564    857
  1565    857
  1566    857
  1567    857
  1568    857
  1569    857
  1570    857
  1571    857
  1572    857
  1573    857
  1574    857
  1575    857
  1576    857
  1577    857
  1578    857
  1579    857
  1580    857
  1581    857
  1582    857
  1583    857
  1584    857
  1585    857
  1450    858
  1451    858
  1452    858
  1453    858
  1454    858
  1455    858
  1456    858
  1457    858
  1458    858
  1459    858
  1460    858
  1461    858
  1462    858
  1463    858
  1464    858
  1465    858
  1466    858
  1467    858
  1468    858
  1469    858
  1470    858
  1471    858
  1472    858
  1473    858
  1474    858
  1475    858
  1476    858
  1477    858
  1478    858
  1479    858
  1562    858
  1563    858
  1564    858
  1565    858
  1566    858
  1567    858
  1568    858
  1569    858
  1570    858
  1571    858
  1572    858
  1573    858
  1574    858
  1575    858
  1576    858
  1577    858
  1578    858
  1579    858
  1580    858
  1581    858
  1582    858
  1583    858
  1584    858
  1445    859
  1446    859
  1447    859
  1448    859
  1449    859
  1450    859
  1451    859
  1452    859
  1453    859
  1454    859
  1455    859
  1456    859
  1457    859
  1458    859
  1459    859
  1460    859
  1461    859
  1462    859
  1463    859
  1464    859
  1465    859
  1466    859
  1467    859
  1468    859
  1469    859
  1470    859
  1471    859
  1472    859
  1473    859
  1474    859
  1475    859
  1560    859
  1561    859
  1562    859
  1563    859
  1564    859
  1565    859
  1566    859
  1567    859
  1568    859
  1569    859
  1570    859
  1571    859
  1572    859
  1573    859
  1574    859
  1575    859
  1576    859
  1577    859
  1578    859
  1579    859
  1580    859
  1581    859
  1582    859
  1441    860
  1442    860
  1443    860
  1444    860
  1445    860
  1446    860
  1447    860
  1448    860
  1449    860
  1450    860
  1451    860
  1452    860
  1453    860
  1454    860
  1455    860
  1456    860
  1457    860
  1458    860
  1459    860
  1460    860
  1461    860
  1462    860
  1463    860
  1464    860
  1465    860
  1466    860
  1467    860
  1468    860
  1469    860
  1470    860
  1559    860
  1560    860
  1561    860
  1562    860
  1563    860
  1564    860
  1565    860
  1566    860
  1567    860
  1568    860
  1569    860
  1570    860
  1571    860
  1572    860
  1573    860
  1574    860
  1575    860
  1576    860
  1577    860
  1578    860
  1579    860
  1580    860
  1581    860
  1438    861
  1439    861
  1440    861
  1441    861
  1442    861
  1443    861
  1444    861
  1445    861
  1446    861
  1447    861
  1448    861
  1449    861
  1450    861
  1451    861
  1452    861
  1453    861
  1454    861
  1455    861
  1456    861
  1457    861
  1458    861
  1459    861
  1460    861
  1461    861
  1462    861
  1463    861
  1464    861
  1465    861
  1466    861
  1557    861
  1558    861
  1559    861
  1560    861
  1561    861
  1562    861
  1563    861
  1564    861
  1565    861
  1566    861
  1567    861
  1568    861
  1569    861
  1570    861
  1571    861
  1572    861
  1573    861
  1574    861
  1575    861
  1576    861
  1577    861
  1578    861
  1579    861
  1437    862
  1438    862
  1439    862
  1440    862
  1441    862
  1442    862
  1443    862
  1444    862
  1445    862
  1446    862
  1447    862
  1448    862
  1449    862
  1450    862
  1451    862
  1452    862
  1453    862
  1454    862
  1455    862
  1456    862
  1457    862
  1458    862
  1459    862
  1460    862
  1461    862
  1462    862
  1463    862
  1555    862
  1556    862
  1557    862
  1558    862
  1559    862
  1560    862
  1561    862
  1562    862
  1563    862
  1564    862
  1565    862
  1566    862
  1567    862
  1568    862
  1569    862
  1570    862
  1571    862
  1572    862
  1573    862
  1574    862
  1575    862
  1576    862
  1577    862
  1578    862
  1437    863
  1438    863
  1439    863
  1440    863
  1441    863
  1442    863
  1443    863
  1444    863
  1445    863
  1446    863
  1447    863
  1448    863
  1449    863
  1450    863
  1451    863
  1452    863
  1453    863
  1454    863
  1455    863
  1456    863
  1457    863
  1458    863
  1459    863
  1554    863
  1555    863
  1556    863
  1557    863
  1558    863
  1559    863
  1560    863
  1561    863
  1562    863
  1563    863
  1564    863
  1565    863
  1566    863
  1567    863
  1568    863
  1569    863
  1570    863
  1571    863
  1572    863
  1573    863
  1574    863
  1575    863
  1576    863
  1437    864
  1438    864
  1439    864
  1440    864
  1441    864
  1442    864
  1443    864
  1444    864
  1445    864
  1446    864
  1447    864
  1448    864
  1449    864
  1450    864
  1451    864
  1452    864
  1453    864
  1454    864
  1455    864
  1552    864
  1553    864
  1554    864
  1555    864
  1556    864
  1557    864
  1558    864
  1559    864
  1560    864
  1561    864
  1562    864
  1563    864
  1564    864
  1565    864
  1566    864
  1567    864
  1568    864
  1569    864
  1570    864
  1571    864
  1572    864
  1573    864
  1574    864
  1439    865
  1440    865
  1443    865
  1444    865
  1445    865
  1446    865
  1447    865
  1448    865
  1449    865
  1450    865
  1551    865
  1552    865
  1553    865
  1554    865
  1555    865
  1556    865
  1557    865
  1558    865
  1559    865
  1560    865
  1561    865
  1562    865
  1563    865
  1564    865
  1565    865
  1566    865
  1567    865
  1568    865
  1569    865
  1570    865
  1571    865
  1572    865
  1573    865
  1442    866
  1443    866
  1444    866
  1445    866
  1446    866
  1549    866
  1550    866
  1551    866
  1552    866
  1553    866
  1554    866
  1555    866
  1556    866
  1557    866
  1558    866
  1559    866
  1560    866
  1561    866
  1562    866
  1563    866
  1564    866
  1565    866
  1566    866
  1567    866
  1568    866
  1569    866
  1570    866
  1571    866
  1572    866
  1547    867
  1548    867
  1549    867
  1550    867
  1551    867
  1552    867
  1553    867
  1554    867
  1555    867
  1556    867
  1557    867
  1558    867
  1559    867
  1560    867
  1561    867
  1562    867
  1563    867
  1564    867
  1565    867
  1566    867
  1567    867
  1568    867
  1569    867
  1570    867
  1571    867
  1545    868
  1546    868
  1547    868
  1548    868
  1549    868
  1550    868
  1551    868
  1552    868
  1553    868
  1554    868
  1555    868
  1556    868
  1557    868
  1558    868
  1559    868
  1560    868
  1561    868
  1562    868
  1563    868
  1564    868
  1565    868
  1566    868
  1567    868
  1568    868
  1569    868
  1544    869
  1545    869
  1546    869
  1547    869
  1548    869
  1549    869
  1550    869
  1551    869
  1552    869
  1553    869
  1554    869
  1555    869
  1556    869
  1557    869
  1558    869
  1559    869
  1560    869
  1561    869
  1562    869
  1563    869
  1564    869
  1565    869
  1566    869
  1567    869
  1543    870
  1544    870
  1545    870
  1546    870
  1547    870
  1548    870
  1549    870
  1550    870
  1551    870
  1552    870
  1553    870
  1554    870
  1555    870
  1556    870
  1557    870
  1558    870
  1559    870
  1560    870
  1561    870
  1562    870
  1563    870
  1564    870
  1565    870
  1566    870
  1541    871
  1542    871
  1543    871
  1544    871
  1545    871
  1546    871
  1547    871
  1548    871
  1549    871
  1550    871
  1551    871
  1552    871
  1553    871
  1554    871
  1555    871
  1556    871
  1557    871
  1558    871
  1559    871
  1560    871
  1561    871
  1562    871
  1563    871
  1564    871
  1539    872
  1540    872
  1541    872
  1542    872
  1543    872
  1544    872
  1545    872
  1546    872
  1547    872
  1548    872
  1549    872
  1550    872
  1551    872
  1552    872
  1553    872
  1554    872
  1555    872
  1556    872
  1557    872
  1558    872
  1559    872
  1560    872
  1561    872
  1562    872
  1563    872
  1538    873
  1539    873
  1540    873
  1541    873
  1542    873
  1543    873
  1544    873
  1545    873
  1546    873
  1547    873
  1548    873
  1549    873
  1550    873
  1551    873
  1552    873
  1553    873
  1554    873
  1555    873
  1556    873
  1557    873
  1558    873
  1559    873
  1560    873
  1561    873
  1536    874
  1537    874
  1538    874
  1539    874
  1540    874
  1541    874
  1542    874
  1543    874
  1544    874
  1545    874
  1546    874
  1547    874
  1548    874
  1549    874
  1550    874
  1551    874
  1552    874
  1553    874
  1554    874
  1555    874
  1556    874
  1557    874
  1558    874
  1559    874
  1560    874
  1535    875
  1536    875
  1537    875
  1538    875
  1539    875
  1540    875
  1541    875
  1542    875
  1543    875
  1544    875
  1545    875
  1546    875
  1547    875
  1548    875
  1549    875
  1550    875
  1551    875
  1552    875
  1553    875
  1554    875
  1555    875
  1556    875
  1557    875
  1558    875
  1559    875
  1533    876
  1534    876
  1535    876
  1536    876
  1537    876
  1538    876
  1539    876
  1540    876
  1541    876
  1542    876
  1543    876
  1544    876
  1545    876
  1546    876
  1547    876
  1548    876
  1549    876
  1550    876
  1551    876
  1552    876
  1553    876
  1554    876
  1555    876
  1556    876
  1557    876
  1532    877
  1533    877
  1534    877
  1535    877
  1536    877
  1537    877
  1538    877
  1539    877
  1540    877
  1541    877
  1542    877
  1543    877
  1544    877
  1545    877
  1546    877
  1547    877
  1548    877
  1549    877
  1550    877
  1551    877
  1552    877
  1553    877
  1554    877
  1555    877
  1556    877
  1530    878
  1531    878
  1532    878
  1533    878
  1534    878
  1535    878
  1536    878
  1537    878
  1538    878
  1539    878
  1540    878
  1541    878
  1542    878
  1543    878
  1544    878
  1545    878
  1546    878
  1547    878
  1548    878
  1549    878
  1550    878
  1551    878
  1552    878
  1553    878
  1554    878
  1555    878
  1529    879
  1530    879
  1531    879
  1532    879
  1533    879
  1534    879
  1535    879
  1536    879
  1537    879
  1538    879
  1539    879
  1540    879
  1541    879
  1542    879
  1543    879
  1544    879
  1545    879
  1546    879
  1547    879
  1548    879
  1549    879
  1550    879
  1551    879
  1552    879
  1553    879
  1528    880
  1529    880
  1530    880
  1531    880
  1532    880
  1533    880
  1534    880
  1535    880
  1536    880
  1537    880
  1538    880
  1539    880
  1540    880
  1541    880
  1542    880
  1543    880
  1544    880
  1545    880
  1546    880
  1547    880
  1548    880
  1549    880
  1550    880
  1551    880
  1552    880
  1526    881
  1527    881
  1528    881
  1529    881
  1530    881
  1531    881
  1532    881
  1533    881
  1534    881
  1535    881
  1536    881
  1537    881
  1538    881
  1539    881
  1540    881
  1541    881
  1542    881
  1543    881
  1544    881
  1545    881
  1546    881
  1547    881
  1548    881
  1549    881
  1550    881
  1551    881
  1524    882
  1525    882
  1526    882
  1527    882
  1528    882
  1529    882
  1530    882
  1531    882
  1532    882
  1533    882
  1534    882
  1535    882
  1536    882
  1537    882
  1538    882
  1539    882
  1540    882
  1541    882
  1542    882
  1543    882
  1544    882
  1545    882
  1546    882
  1547    882
  1548    882
  1549    882
  1523    883
  1524    883
  1525    883
  1526    883
  1527    883
  1528    883
  1529    883
  1530    883
  1531    883
  1532    883
  1533    883
  1534    883
  1535    883
  1536    883
  1537    883
  1538    883
  1539    883
  1540    883
  1541    883
  1542    883
  1543    883
  1544    883
  1545    883
  1546    883
  1547    883
  1548    883
  1522    884
  1523    884
  1524    884
  1525    884
  1526    884
  1527    884
  1528    884
  1529    884
  1530    884
  1531    884
  1532    884
  1533    884
  1534    884
  1535    884
  1536    884
  1537    884
  1538    884
  1539    884
  1540    884
  1541    884
  1542    884
  1543    884
  1544    884
  1545    884
  1546    884
  1520    885
  1521    885
  1522    885
  1523    885
  1524    885
  1525    885
  1526    885
  1527    885
  1528    885
  1529    885
  1530    885
  1531    885
  1532    885
  1533    885
  1534    885
  1535    885
  1536    885
  1537    885
  1538    885
  1539    885
  1540    885
  1541    885
  1542    885
  1543    885
  1544    885
  1545    885
  1519    886
  1520    886
  1521    886
  1522    886
  1523    886
  1524    886
  1525    886
  1526    886
  1527    886
  1528    886
  1529    886
  1530    886
  1531    886
  1532    886
  1533    886
  1534    886
  1535    886
  1536    886
  1537    886
  1538    886
  1539    886
  1540    886
  1541    886
  1542    886
  1543    886
  1544    886
  1518    887
  1519    887
  1520    887
  1521    887
  1522    887
  1523    887
  1524    887
  1525    887
  1526    887
  1527    887
  1528    887
  1529    887
  1530    887
  1531    887
  1532    887
  1533    887
  1534    887
  1535    887
  1536    887
  1537    887
  1538    887
  1539    887
  1540    887
  1541    887
  1542    887
  1543    887
  1517    888
  1518    888
  1519    888
  1520    888
  1521    888
  1522    888
  1523    888
  1524    888
  1525    888
  1526    888
  1527    888
  1528    888
  1529    888
  1530    888
  1531    888
  1532    888
  1533    888
  1534    888
  1535    888
  1536    888
  1537    888
  1538    888
  1539    888
  1540    888
  1541    888
  1516    889
  1517    889
  1518    889
  1519    889
  1520    889
  1521    889
  1522    889
  1523    889
  1524    889
  1525    889
  1526    889
  1527    889
  1528    889
  1529    889
  1530    889
  1531    889
  1532    889
  1533    889
  1534    889
  1535    889
  1536    889
  1537    889
  1538    889
  1539    889
  1540    889
  1515    890
  1516    890
  1517    890
  1518    890
  1519    890
  1520    890
  1521    890
  1522    890
  1523    890
  1524    890
  1525    890
  1526    890
  1527    890
  1528    890
  1529    890
  1530    890
  1531    890
  1532    890
  1533    890
  1534    890
  1535    890
  1536    890
  1537    890
  1538    890
  1539    890
  1517    891
  1518    891
  1519    891
  1520    891
  1521    891
  1522    891
  1523    891
  1524    891
  1525    891
  1526    891
  1527    891
  1528    891
  1529    891
  1530    891
  1531    891
  1532    891
  1533    891
  1534    891
  1535    891
  1536    891
  1537    891
  1517    892
  1518    892
  1519    892
  1520    892
  1521    892
  1522    892
  1523    892
  1524    892
  1525    892
  1526    892
  1527    892
  1528    892
  1529    892
  1530    892
  1531    892
  1532    892
  1533    892
  1534    892
  1535    892
  1536    892
  1522    893
  1523    893
  1524    893
  1525    893
  1526    893
  1527    893
  1528    893
  1529    893
  1530    893
  1531    893
  1532    893
  1533    893
  1534    893
  1535    893
  1523    894
  1524    894
  1525    894
  1526    894
  1527    894
  1528    894
  1529    894
  1530    894
  1531    894
  1532    894
  1533    894
  1528    895
  1529    895
