  1726    785
  1727    785
  1728    785
  1729    785
  1730    785
  1731    785
  1732    785
  1733    785
  1734    785
  1735    785
  1736    785
  1737    785
  1738    785
  1739    785
  1740    785
  1741    785
  1742    785
  1743    785
  1744    785
  1745    785
  1746    785
  1723    786
  1724    786
  1725    786
  1726    786
  1727    786
  1728    786
  1729    786
  1730    786
  1731    786
  1732    786
  1733    786
  1734    786
  1735    786
  1736    786
  1737    786
  1738    786
  1739    786
  1740    786
  1741    786
  1742    786
  1743    786
  1744    786
  1720    787
  1721    787
  1722    787
  1723    787
  1724    787
  1725    787
  1726    787
  1727    787
  1728    787
  1729    787
  1730    787
  1731    787
  1732    787
  1733    787
  1734    787
  1735    787
  1736    787
  1737    787
  1738    787
  1739    787
  1740    787
  1741    787
  1717    788
  1718    788
  1719    788
  1720    788
  1721    788
  1722    788
  1723    788
  1724    788
  1725    788
  1726    788
  1727    788
  1728    788
  1729    788
  1730    788
  1731    788
  1732    788
  1733    788
  1734    788
  1735    788
  1736    788
  1737    788
  1738    788
  1739    788
  1713    789
  1714    789
  1715    789
  1716    789
  1717    789
  1718    789
  1719    789
  1720    789
  1721    789
  1722    789
  1723    789
  1724    789
  1725    789
  1726    789
  1727    789
  1728    789
  1729    789
  1730    789
  1731    789
  1732    789
  1733    789
  1734    789
  1735    789
  1736    789
  1737    789
  1710    790
  1711    790
  1712    790
  1713    790
  1714    790
  1715    790
  1716    790
  1717    790
  1718    790
  1719    790
  1720    790
  1721    790
  1722    790
  1723    790
  1724    790
  1725    790
  1726    790
  1727    790
  1728    790
  1729    790
  1730    790
  1731    790
  1732    790
  1733    790
  1734    790
  1707    791
  1708    791
  1709    791
  1710    791
  1711    791
  1712    791
  1713    791
  1714    791
  1715    791
  1716    791
  1717    791
  1718    791
  1719    791
  1720    791
  1721    791
  1722    791
  1723    791
  1724    791
  1725    791
  1726    791
  1727    791
  1728    791
  1729    791
  1730    791
  1731    791
  1699    792
  1700    792
  1701    792
  1702    792
  1703    792
  1704    792
  1705    792
  1706    792
  1707    792
  1708    792
  1709    792
  1710    792
  1711    792
  1712    792
  1713    792
  1714    792
  1715    792
  1716    792
  1717    792
  1718    792
  1719    792
  1720    792
  1721    792
  1722    792
  1723    792
  1724    792
  1725    792
  1726    792
  1727    792
  1728    792
  1697    793
  1698    793
  1699    793
  1700    793
  1701    793
  1702    793
  1703    793
  1704    793
  1705    793
  1706    793
  1707    793
  1708    793
  1709    793
  1710    793
  1711    793
  1712    793
  1713    793
  1714    793
  1715    793
  1716    793
  1717    793
  1718    793
  1719    793
  1720    793
  1721    793
  1722    793
  1723    793
  1724    793
  1725    793
  1726    793
  1694    794
  1695    794
  1696    794
  1697    794
  1698    794
  1699    794
  1700    794
  1701    794
  1702    794
  1703    794
  1704    794
  1705    794
  1706    794
  1707    794
  1708    794
  1709    794
  1710    794
  1711    794
  1712    794
  1713    794
  1714    794
  1715    794
  1716    794
  1717    794
  1718    794
  1719    794
  1720    794
  1721    794
  1722    794
  1723    794
  1692    795
  1693    795
  1694    795
  1695    795
  1696    795
  1697    795
  1698    795
  1699    795
  1700    795
  1701    795
  1702    795
  1703    795
  1704    795
  1705    795
  1706    795
  1707    795
  1708    795
  1709    795
  1710    795
  1711    795
  1712    795
  1713    795
  1714    795
  1715    795
  1716    795
  1717    795
  1718    795
  1719    795
  1720    795
  1690    796
  1691    796
  1692    796
  1693    796
  1694    796
  1695    796
  1696    796
  1697    796
  1698    796
  1699    796
  1700    796
  1701    796
  1702    796
  1703    796
  1704    796
  1705    796
  1706    796
  1707    796
  1708    796
  1709    796
  1710    796
  1711    796
  1712    796
  1713    796
  1714    796
  1715    796
  1716    796
  1717    796
  1686    797
  1687    797
  1688    797
  1689    797
  1690    797
  1691    797
  1692    797
  1693    797
  1694    797
  1695    797
  1696    797
  1697    797
  1698    797
  1699    797
  1700    797
  1701    797
  1702    797
  1703    797
  1704    797
  1705    797
  1706    797
  1707    797
  1708    797
  1709    797
  1710    797
  1711    797
  1712    797
  1713    797
  1714    797
  1684    798
  1685    798
  1686    798
  1687    798
  1688    798
  1689    798
  1690    798
  1691    798
  1692    798
  1693    798
  1694    798
  1695    798
  1696    798
  1697    798
  1698    798
  1699    798
  1700    798
  1701    798
  1702    798
  1703    798
  1704    798
  1705    798
  1706    798
  1707    798
  1708    798
  1709    798
  1710    798
  1711    798
  1680    799
  1681    799
  1682    799
  1683    799
  1684    799
  1685    799
  1686    799
  1687    799
  1688    799
  1689    799
  1690    799
  1691    799
  1692    799
  1693    799
  1694    799
  1695    799
  1696    799
  1697    799
  1698    799
  1699    799
  1700    799
  1701    799
  1702    799
  1703    799
  1704    799
  1705    799
  1706    799
  1707    799
  1708    799
  1677    800
  1678    800
  1679    800
  1680    800
  1681    800
  1682    800
  1683    800
  1684    800
  1685    800
  1686    800
  1687    800
  1688    800
  1689    800
  1690    800
  1691    800
  1692    800
  1693    800
  1694    800
  1695    800
  1696    800
  1697    800
  1698    800
  1699    800
  1700    800
  1701    800
  1702    800
  1703    800
  1704    800
  1705    800
  1706    800
  1673    801
  1674    801
  1675    801
  1676    801
  1677    801
  1678    801
  1679    801
  1680    801
  1681    801
  1682    801
  1683    801
  1684    801
  1685    801
  1686    801
  1687    801
  1688    801
  1689    801
  1690    801
  1691    801
  1692    801
  1693    801
  1694    801
  1695    801
  1696    801
  1697    801
  1698    801
  1699    801
  1700    801
  1701    801
  1702    801
  1670    802
  1671    802
  1672    802
  1673    802
  1674    802
  1675    802
  1676    802
  1677    802
  1678    802
  1679    802
  1680    802
  1681    802
  1682    802
  1683    802
  1684    802
  1685    802
  1686    802
  1687    802
  1688    802
  1689    802
  1690    802
  1691    802
  1692    802
  1693    802
  1694    802
  1695    802
  1696    802
  1697    802
  1698    802
  1699    802
  1700    802
  1666    803
  1667    803
  1668    803
  1669    803
  1670    803
  1671    803
  1672    803
  1673    803
  1674    803
  1675    803
  1676    803
  1677    803
  1678    803
  1679    803
  1680    803
  1681    803
  1682    803
  1683    803
  1684    803
  1685    803
  1686    803
  1687    803
  1688    803
  1689    803
  1690    803
  1691    803
  1692    803
  1693    803
  1694    803
  1695    803
  1696    803
  1697    803
  1663    804
  1664    804
  1665    804
  1666    804
  1667    804
  1668    804
  1669    804
  1670    804
  1671    804
  1672    804
  1673    804
  1674    804
  1675    804
  1676    804
  1677    804
  1678    804
  1679    804
  1680    804
  1681    804
  1682    804
  1683    804
  1684    804
  1685    804
  1686    804
  1687    804
  1688    804
  1689    804
  1690    804
  1691    804
  1692    804
  1693    804
  1694    804
  1659    805
  1660    805
  1661    805
  1662    805
  1663    805
  1664    805
  1665    805
  1666    805
  1667    805
  1668    805
  1669    805
  1670    805
  1671    805
  1672    805
  1673    805
  1674    805
  1675    805
  1676    805
  1677    805
  1678    805
  1679    805
  1680    805
  1681    805
  1682    805
  1683    805
  1684    805
  1685    805
  1686    805
  1687    805
  1688    805
  1689    805
  1690    805
  1691    805
  1655    806
  1656    806
  1657    806
  1658    806
  1659    806
  1660    806
  1661    806
  1662    806
  1663    806
  1664    806
  1665    806
  1666    806
  1667    806
  1668    806
  1669    806
  1670    806
  1671    806
  1672    806
  1673    806
  1674    806
  1675    806
  1676    806
  1677    806
  1678    806
  1679    806
  1680    806
  1681    806
  1682    806
  1683    806
  1684    806
  1685    806
  1686    806
  1687    806
  1688    806
  1652    807
  1653    807
  1654    807
  1655    807
  1656    807
  1657    807
  1658    807
  1659    807
  1660    807
  1661    807
  1662    807
  1663    807
  1664    807
  1665    807
  1666    807
  1667    807
  1668    807
  1669    807
  1670    807
  1671    807
  1672    807
  1673    807
  1674    807
  1675    807
  1676    807
  1677    807
  1678    807
  1679    807
  1680    807
  1681    807
  1682    807
  1683    807
  1684    807
  1685    807
  1649    808
  1650    808
  1651    808
  1652    808
  1653    808
  1654    808
  1655    808
  1656    808
  1657    808
  1658    808
  1659    808
  1660    808
  1661    808
  1662    808
  1663    808
  1664    808
  1665    808
  1666    808
  1667    808
  1668    808
  1669    808
  1670    808
  1671    808
  1672    808
  1673    808
  1674    808
  1675    808
  1676    808
  1677    808
  1678    808
  1679    808
  1680    808
  1681    808
  1682    808
  1683    808
  1645    809
  1646    809
  1647    809
  1648    809
  1649    809
  1650    809
  1651    809
  1652    809
  1653    809
  1654    809
  1655    809
  1656    809
  1657    809
  1658    809
  1659    809
  1660    809
  1661    809
  1662    809
  1663    809
  1664    809
  1665    809
  1666    809
  1667    809
  1668    809
  1669    809
  1670    809
  1671    809
  1672    809
  1673    809
  1674    809
  1675    809
  1676    809
  1677    809
  1678    809
  1679    809
  1680    809
  1642    810
  1643    810
  1644    810
  1645    810
  1646    810
  1647    810
  1648    810
  1649    810
  1650    810
  1651    810
  1652    810
  1653    810
  1654    810
  1655    810
  1656    810
  1657    810
  1658    810
  1659    810
  1660    810
  1661    810
  1662    810
  1663    810
  1664    810
  1665    810
  1666    810
  1667    810
  1668    810
  1669    810
  1670    810
  1671    810
  1672    810
  1673    810
  1674    810
  1675    810
  1676    810
  1677    810
  1678    810
  1639    811
  1640    811
  1641    811
  1642    811
  1643    811
  1644    811
  1645    811
  1646    811
  1647    811
  1648    811
  1649    811
  1650    811
  1651    811
  1652    811
  1653    811
  1654    811
  1655    811
  1656    811
  1657    811
  1658    811
  1659    811
  1660    811
  1661    811
  1662    811
  1663    811
  1664    811
  1665    811
  1666    811
  1667    811
  1668    811
  1669    811
  1670    811
  1671    811
  1672    811
  1673    811
  1674    811
  1675    811
  1637    812
  1638    812
  1639    812
  1640    812
  1641    812
  1642    812
  1643    812
  1644    812
  1645    812
  1646    812
  1647    812
  1648    812
  1649    812
  1650    812
  1651    812
  1652    812
  1653    812
  1654    812
  1655    812
  1656    812
  1657    812
  1658    812
  1659    812
  1660    812
  1661    812
  1662    812
  1663    812
  1664    812
  1665    812
  1666    812
  1667    812
  1668    812
  1669    812
  1670    812
  1671    812
  1672    812
  1673    812
  1635    813
  1636    813
  1637    813
  1638    813
  1639    813
  1640    813
  1641    813
  1642    813
  1643    813
  1644    813
  1645    813
  1646    813
  1647    813
  1648    813
  1649    813
  1650    813
  1651    813
  1652    813
  1653    813
  1654    813
  1655    813
  1656    813
  1657    813
  1658    813
  1659    813
  1660    813
  1661    813
  1662    813
  1663    813
  1664    813
  1665    813
  1666    813
  1667    813
  1668    813
  1669    813
  1670    813
  1633    814
  1634    814
  1635    814
  1636    814
  1637    814
  1638    814
  1639    814
  1640    814
  1641    814
  1642    814
  1643    814
  1644    814
  1645    814
  1646    814
  1647    814
  1648    814
  1649    814
  1650    814
  1651    814
  1652    814
  1653    814
  1654    814
  1655    814
  1656    814
  1657    814
  1658    814
  1659    814
  1660    814
  1661    814
  1662    814
  1663    814
  1664    814
  1665    814
  1666    814
  1667    814
  1668    814
  1631    815
  1632    815
  1633    815
  1634    815
  1635    815
  1636    815
  1637    815
  1638    815
  1639    815
  1640    815
  1641    815
  1642    815
  1643    815
  1644    815
  1645    815
  1647    815
  1648    815
  1649    815
  1650    815
  1651    815
  1652    815
  1653    815
  1654    815
  1655    815
  1656    815
  1657    815
  1658    815
  1659    815
  1660    815
  1661    815
  1662    815
  1663    815
  1664    815
  1665    815
  1666    815
  1629    816
  1630    816
  1631    816
  1632    816
  1633    816
  1634    816
  1635    816
  1636    816
  1637    816
  1638    816
  1639    816
  1640    816
  1641    816
  1642    816
  1645    816
  1646    816
  1647    816
  1648    816
  1649    816
  1650    816
  1651    816
  1652    816
  1653    816
  1654    816
  1655    816
  1656    816
  1657    816
  1658    816
  1659    816
  1660    816
  1661    816
  1662    816
  1663    816
  1664    816
  1626    817
  1627    817
  1628    817
  1629    817
  1630    817
  1631    817
  1632    817
  1633    817
  1634    817
  1635    817
  1636    817
  1637    817
  1638    817
  1643    817
  1644    817
  1645    817
  1646    817
  1647    817
  1648    817
  1649    817
  1650    817
  1651    817
  1652    817
  1653    817
  1654    817
  1655    817
  1656    817
  1657    817
  1658    817
  1659    817
  1660    817
  1661    817
  1624    818
  1625    818
  1626    818
  1627    818
  1628    818
  1629    818
  1630    818
  1631    818
  1632    818
  1633    818
  1634    818
  1635    818
  1641    818
  1642    818
  1643    818
  1644    818
  1645    818
  1646    818
  1647    818
  1648    818
  1649    818
  1650    818
  1651    818
  1652    818
  1653    818
  1654    818
  1655    818
  1656    818
  1657    818
  1658    818
  1659    818
  1622    819
  1623    819
  1624    819
  1625    819
  1626    819
  1627    819
  1628    819
  1629    819
  1630    819
  1631    819
  1632    819
  1638    819
  1639    819
  1640    819
  1641    819
  1642    819
  1643    819
  1644    819
  1645    819
  1646    819
  1647    819
  1648    819
  1649    819
  1650    819
  1651    819
  1652    819
  1653    819
  1654    819
  1655    819
  1656    819
  1657    819
  1620    820
  1621    820
  1622    820
  1623    820
  1624    820
  1625    820
  1626    820
  1627    820
  1635    820
  1636    820
  1637    820
  1638    820
  1639    820
  1640    820
  1641    820
  1642    820
  1643    820
  1644    820
  1645    820
  1646    820
  1647    820
  1648    820
  1649    820
  1650    820
  1651    820
  1652    820
  1653    820
  1654    820
  1618    821
  1619    821
  1620    821
  1621    821
  1622    821
  1623    821
  1624    821
  1633    821
  1634    821
  1635    821
  1636    821
  1637    821
  1638    821
  1639    821
  1640    821
  1641    821
  1642    821
  1643    821
  1644    821
  1645    821
  1646    821
  1647    821
  1648    821
  1649    821
  1650    821
  1651    821
  1652    821
  1653    821
  1615    822
  1616    822
  1617    822
  1618    822
  1619    822
  1620    822
  1621    822
  1630    822
  1631    822
  1632    822
  1633    822
  1634    822
  1635    822
  1636    822
  1637    822
  1638    822
  1639    822
  1640    822
  1641    822
  1642    822
  1643    822
  1644    822
  1645    822
  1646    822
  1647    822
  1648    822
  1649    822
  1650    822
  1651    822
  1613    823
  1614    823
  1615    823
  1616    823
  1628    823
  1629    823
  1630    823
  1631    823
  1632    823
  1633    823
  1634    823
  1635    823
  1636    823
  1637    823
  1638    823
  1639    823
  1640    823
  1641    823
  1642    823
  1643    823
  1644    823
  1645    823
  1646    823
  1647    823
  1648    823
  1649    823
  1611    824
  1612    824
  1613    824
  1626    824
  1627    824
  1628    824
  1629    824
  1630    824
  1631    824
  1632    824
  1633    824
  1634    824
  1635    824
  1636    824
  1637    824
  1638    824
  1639    824
  1640    824
  1641    824
  1642    824
  1643    824
  1644    824
  1645    824
  1646    824
  1647    824
  1609    825
  1610    825
  1625    825
  1626    825
  1627    825
  1628    825
  1629    825
  1630    825
  1631    825
  1632    825
  1633    825
  1634    825
  1635    825
  1636    825
  1637    825
  1638    825
  1639    825
  1640    825
  1641    825
  1642    825
  1643    825
  1644    825
  1645    825
  1621    826
  1622    826
  1623    826
  1624    826
  1625    826
  1626    826
  1627    826
  1628    826
  1629    826
  1630    826
  1631    826
  1632    826
  1633    826
  1634    826
  1635    826
  1636    826
  1637    826
  1638    826
  1639    826
  1640    826
  1641    826
  1642    826
  1643    826
  1644    826
  1621    827
  1622    827
  1623    827
  1624    827
  1625    827
  1626    827
  1627    827
  1628    827
  1629    827
  1630    827
  1631    827
  1632    827
  1633    827
  1634    827
  1635    827
  1636    827
  1637    827
  1638    827
  1639    827
  1640    827
  1641    827
  1642    827
  1620    828
  1621    828
  1622    828
  1623    828
  1624    828
  1625    828
  1626    828
  1627    828
  1628    828
  1629    828
  1630    828
  1631    828
  1632    828
  1633    828
  1634    828
  1635    828
  1636    828
  1637    828
  1638    828
  1639    828
  1640    828
  1616    829
  1619    829
  1620    829
  1621    829
  1622    829
  1623    829
  1624    829
  1625    829
  1626    829
  1627    829
  1628    829
  1629    829
  1630    829
  1631    829
  1632    829
  1633    829
  1634    829
  1635    829
  1636    829
  1637    829
  1638    829
  1614    830
  1615    830
  1616    830
  1618    830
  1619    830
  1620    830
  1621    830
  1622    830
  1623    830
  1624    830
  1625    830
  1626    830
  1627    830
  1628    830
  1629    830
  1630    830
  1631    830
  1632    830
  1633    830
  1634    830
  1635    830
  1636    830
  1616    831
  1617    831
  1618    831
  1619    831
  1620    831
  1621    831
  1622    831
  1623    831
  1624    831
  1625    831
  1626    831
  1627    831
  1628    831
  1629    831
  1630    831
  1631    831
  1632    831
  1633    831
  1634    831
  1614    832
  1615    832
  1616    832
  1617    832
  1618    832
  1619    832
  1620    832
  1621    832
  1622    832
  1623    832
  1624    832
  1625    832
  1626    832
  1627    832
  1628    832
  1629    832
  1630    832
  1631    832
  1632    832
  1612    833
  1613    833
  1614    833
  1615    833
  1616    833
  1617    833
  1618    833
  1619    833
  1620    833
  1621    833
  1622    833
  1623    833
  1624    833
  1625    833
  1626    833
  1627    833
  1628    833
  1629    833
  1630    833
  1631    833
  1610    834
  1611    834
  1612    834
  1613    834
  1614    834
  1615    834
  1616    834
  1617    834
  1618    834
  1619    834
  1620    834
  1621    834
  1622    834
  1623    834
  1624    834
  1625    834
  1626    834
  1627    834
  1628    834
  1629    834
  1607    835
  1608    835
  1609    835
  1610    835
  1611    835
  1612    835
  1613    835
  1614    835
  1615    835
  1616    835
  1617    835
  1618    835
  1619    835
  1620    835
  1621    835
  1622    835
  1623    835
  1624    835
  1625    835
  1626    835
  1627    835
  1606    836
  1607    836
  1608    836
  1609    836
  1610    836
  1611    836
  1612    836
  1613    836
  1614    836
  1615    836
  1616    836
  1617    836
  1618    836
  1619    836
  1620    836
  1621    836
  1622    836
  1623    836
  1624    836
  1625    836
  1626    836
  1603    837
  1604    837
  1605    837
  1606    837
  1607    837
  1608    837
  1609    837
  1610    837
  1611    837
  1612    837
  1613    837
  1614    837
  1615    837
  1616    837
  1617    837
  1618    837
  1619    837
  1620    837
  1621    837
  1622    837
  1623    837
  1624    837
  1602    838
  1603    838
  1604    838
  1605    838
  1606    838
  1607    838
  1608    838
  1609    838
  1610    838
  1611    838
  1612    838
  1613    838
  1614    838
  1615    838
  1616    838
  1617    838
  1618    838
  1619    838
  1620    838
  1621    838
  1622    838
  1623    838
  1600    839
  1601    839
  1602    839
  1603    839
  1604    839
  1605    839
  1606    839
  1607    839
  1608    839
  1609    839
  1610    839
  1611    839
  1612    839
  1613    839
  1614    839
  1615    839
  1616    839
  1617    839
  1618    839
  1619    839
  1620    839
  1621    839
  1598    840
  1599    840
  1600    840
  1601    840
  1602    840
  1603    840
  1604    840
  1605    840
  1606    840
  1607    840
  1608    840
  1609    840
  1610    840
  1611    840
  1612    840
  1613    840
  1614    840
  1615    840
  1616    840
  1617    840
  1618    840
  1619    840
  1596    841
  1597    841
  1598    841
  1599    841
  1600    841
  1601    841
  1602    841
  1603    841
  1604    841
  1605    841
  1606    841
  1607    841
  1608    841
  1609    841
  1610    841
  1611    841
  1612    841
  1613    841
  1614    841
  1615    841
  1616    841
  1617    841
  1594    842
  1595    842
  1596    842
  1597    842
  1598    842
  1599    842
  1600    842
  1601    842
  1602    842
  1603    842
  1604    842
  1605    842
  1606    842
  1607    842
  1608    842
  1609    842
  1610    842
  1611    842
  1612    842
  1613    842
  1614    842
  1615    842
  1592    843
  1593    843
  1594    843
  1595    843
  1596    843
  1597    843
  1598    843
  1599    843
  1600    843
  1601    843
  1602    843
  1603    843
  1604    843
  1605    843
  1606    843
  1607    843
  1608    843
  1609    843
  1610    843
  1611    843
  1612    843
  1613    843
  1590    844
  1591    844
  1592    844
  1593    844
  1594    844
  1595    844
  1596    844
  1597    844
  1598    844
  1599    844
  1600    844
  1601    844
  1602    844
  1603    844
  1604    844
  1605    844
  1606    844
  1607    844
  1608    844
  1609    844
  1610    844
  1611    844
  1612    844
  1588    845
  1589    845
  1590    845
  1591    845
  1592    845
  1593    845
  1594    845
  1595    845
  1596    845
  1597    845
  1598    845
  1599    845
  1600    845
  1601    845
  1602    845
  1603    845
  1604    845
  1605    845
  1606    845
  1607    845
  1608    845
  1609    845
  1610    845
  1587    846
  1588    846
  1589    846
  1590    846
  1591    846
  1592    846
  1593    846
  1594    846
  1595    846
  1596    846
  1597    846
  1598    846
  1599    846
  1600    846
  1601    846
  1602    846
  1603    846
  1604    846
  1605    846
  1606    846
  1607    846
  1608    846
  1585    847
  1586    847
  1587    847
  1588    847
  1589    847
  1590    847
  1591    847
  1592    847
  1593    847
  1594    847
  1595    847
  1596    847
  1597    847
  1598    847
  1599    847
  1600    847
  1601    847
  1602    847
  1603    847
  1604    847
  1605    847
  1606    847
  1583    848
  1584    848
  1585    848
  1586    848
  1587    848
  1588    848
  1589    848
  1590    848
  1591    848
  1592    848
  1593    848
  1594    848
  1595    848
  1596    848
  1597    848
  1598    848
  1599    848
  1600    848
  1601    848
  1602    848
  1603    848
  1604    848
  1582    849
  1583    849
  1584    849
  1585    849
  1586    849
  1587    849
  1588    849
  1589    849
  1590    849
  1591    849
  1592    849
  1593    849
  1594    849
  1595    849
  1596    849
  1597    849
  1598    849
  1599    849
  1600    849
  1601    849
  1602    849
  1603    849
  1580    850
  1581    850
  1582    850
  1583    850
  1584    850
  1585    850
  1586    850
  1587    850
  1588    850
  1589    850
  1590    850
  1591    850
  1592    850
  1593    850
  1594    850
  1595    850
  1596    850
  1597    850
  1598    850
  1599    850
  1600    850
  1601    850
  1578    851
  1579    851
  1580    851
  1581    851
  1582    851
  1583    851
  1584    851
  1585    851
  1586    851
  1587    851
  1588    851
  1589    851
  1590    851
  1591    851
  1592    851
  1593    851
  1594    851
  1595    851
  1596    851
  1597    851
  1598    851
  1599    851
  1577    852
  1578    852
  1579    852
  1580    852
  1581    852
  1582    852
  1583    852
  1584    852
  1585    852
  1586    852
  1587    852
  1588    852
  1589    852
  1590    852
  1591    852
  1592    852
  1593    852
  1594    852
  1595    852
  1596    852
  1597    852
  1598    852
  1575    853
  1576    853
  1577    853
  1578    853
  1579    853
  1580    853
  1581    853
  1582    853
  1583    853
  1584    853
  1585    853
  1586    853
  1587    853
  1588    853
  1589    853
  1590    853
  1591    853
  1592    853
  1593    853
  1594    853
  1573    854
  1574    854
  1575    854
  1576    854
  1577    854
  1578    854
  1579    854
  1580    854
  1581    854
  1582    854
  1583    854
  1584    854
  1585    854
  1586    854
  1587    854
  1588    854
  1589    854
  1590    854
  1591    854
  1592    854
  1593    854
  1571    855
  1572    855
  1573    855
  1574    855
  1575    855
  1576    855
  1577    855
  1578    855
  1579    855
  1580    855
  1581    855
  1582    855
  1583    855
  1584    855
  1585    855
  1586    855
  1587    855
  1588    855
  1589    855
  1590    855
  1569    856
  1570    856
  1571    856
  1572    856
  1573    856
  1574    856
  1575    856
  1576    856
  1577    856
  1578    856
  1579    856
  1580    856
  1581    856
  1582    856
  1583    856
  1584    856
  1585    856
  1586    856
  1587    856
  1568    857
  1569    857
  1570    857
  1571    857
  1572    857
  1573    857
  1574    857
  1575    857
  1576    857
  1577    857
  1578    857
  1579    857
  1580    857
  1581    857
  1582    857
  1583    857
  1584    857
  1585    857
  1586    857
  1567    858
  1568    858
  1569    858
  1570    858
  1571    858
  1572    858
  1573    858
  1574    858
  1575    858
  1576    858
  1577    858
  1578    858
  1579    858
  1580    858
  1581    858
  1582    858
  1583    858
  1584    858
  1565    859
  1566    859
  1567    859
  1568    859
  1569    859
  1570    859
  1571    859
  1572    859
  1573    859
  1574    859
  1575    859
  1576    859
  1577    859
  1578    859
  1579    859
  1580    859
  1581    859
  1582    859
  1583    859
  1584    859
  1563    860
  1564    860
  1565    860
  1566    860
  1567    860
  1568    860
  1569    860
  1570    860
  1571    860
  1572    860
  1573    860
  1574    860
  1575    860
  1576    860
  1577    860
  1578    860
  1579    860
  1580    860
  1581    860
  1582    860
  1583    860
  1584    860
  1561    861
  1562    861
  1563    861
  1564    861
  1565    861
  1566    861
  1567    861
  1568    861
  1569    861
  1570    861
  1571    861
  1572    861
  1573    861
  1574    861
  1575    861
  1576    861
  1577    861
  1578    861
  1579    861
  1580    861
  1581    861
  1582    861
  1583    861
  1560    862
  1561    862
  1562    862
  1563    862
  1564    862
  1565    862
  1566    862
  1567    862
  1568    862
  1569    862
  1570    862
  1571    862
  1572    862
  1573    862
  1574    862
  1575    862
  1576    862
  1577    862
  1578    862
  1579    862
  1580    862
  1581    862
  1558    863
  1559    863
  1560    863
  1561    863
  1562    863
  1563    863
  1564    863
  1565    863
  1566    863
  1567    863
  1568    863
  1569    863
  1570    863
  1571    863
  1572    863
  1573    863
  1574    863
  1575    863
  1576    863
  1577    863
  1578    863
  1579    863
  1580    863
  1556    864
  1557    864
  1558    864
  1559    864
  1560    864
  1561    864
  1562    864
  1563    864
  1564    864
  1565    864
  1566    864
  1567    864
  1568    864
  1569    864
  1570    864
  1571    864
  1572    864
  1573    864
  1574    864
  1575    864
  1576    864
  1577    864
  1578    864
  1555    865
  1556    865
  1557    865
  1558    865
  1559    865
  1560    865
  1561    865
  1562    865
  1563    865
  1564    865
  1565    865
  1566    865
  1567    865
  1568    865
  1569    865
  1570    865
  1571    865
  1572    865
  1573    865
  1574    865
  1575    865
  1576    865
  1577    865
  1553    866
  1554    866
  1555    866
  1556    866
  1557    866
  1558    866
  1559    866
  1560    866
  1561    866
  1562    866
  1563    866
  1564    866
  1565    866
  1566    866
  1567    866
  1568    866
  1569    866
  1570    866
  1571    866
  1572    866
  1573    866
  1574    866
  1575    866
  1552    867
  1553    867
  1554    867
  1555    867
  1556    867
  1557    867
  1558    867
  1559    867
  1560    867
  1561    867
  1562    867
  1563    867
  1564    867
  1565    867
  1566    867
  1567    867
  1568    867
  1569    867
  1570    867
  1571    867
  1572    867
  1573    867
  1574    867
  1550    868
  1551    868
  1552    868
  1553    868
  1554    868
  1555    868
  1556    868
  1557    868
  1558    868
  1559    868
  1560    868
  1561    868
  1562    868
  1563    868
  1564    868
  1565    868
  1566    868
  1567    868
  1568    868
  1569    868
  1570    868
  1571    868
  1572    868
  1573    868
  1549    869
  1550    869
  1551    869
  1552    869
  1553    869
  1554    869
  1555    869
  1556    869
  1557    869
  1558    869
  1559    869
  1560    869
  1561    869
  1562    869
  1563    869
  1564    869
  1565    869
  1566    869
  1567    869
  1568    869
  1569    869
  1570    869
  1571    869
  1547    870
  1548    870
  1549    870
  1550    870
  1551    870
  1552    870
  1553    870
  1554    870
  1555    870
  1556    870
  1557    870
  1558    870
  1559    870
  1560    870
  1561    870
  1562    870
  1563    870
  1564    870
  1565    870
  1566    870
  1567    870
  1568    870
  1569    870
  1570    870
  1545    871
  1546    871
  1547    871
  1548    871
  1549    871
  1550    871
  1551    871
  1552    871
  1553    871
  1554    871
  1555    871
  1556    871
  1557    871
  1558    871
  1559    871
  1560    871
  1561    871
  1562    871
  1563    871
  1564    871
  1565    871
  1566    871
  1567    871
  1568    871
  1544    872
  1545    872
  1546    872
  1547    872
  1548    872
  1549    872
  1550    872
  1551    872
  1552    872
  1553    872
  1554    872
  1555    872
  1556    872
  1557    872
  1558    872
  1559    872
  1560    872
  1561    872
  1562    872
  1563    872
  1564    872
  1565    872
  1566    872
  1567    872
  1542    873
  1543    873
  1544    873
  1545    873
  1546    873
  1547    873
  1548    873
  1549    873
  1550    873
  1551    873
  1552    873
  1553    873
  1554    873
  1555    873
  1556    873
  1557    873
  1558    873
  1559    873
  1560    873
  1561    873
  1562    873
  1563    873
  1564    873
  1565    873
  1566    873
  1541    874
  1542    874
  1543    874
  1544    874
  1545    874
  1546    874
  1547    874
  1548    874
  1549    874
  1550    874
  1551    874
  1552    874
  1553    874
  1554    874
  1555    874
  1556    874
  1557    874
  1558    874
  1559    874
  1560    874
  1561    874
  1562    874
  1563    874
  1564    874
  1540    875
  1541    875
  1542    875
  1543    875
  1544    875
  1545    875
  1546    875
  1547    875
  1548    875
  1549    875
  1550    875
  1551    875
  1552    875
  1553    875
  1554    875
  1555    875
  1556    875
  1557    875
  1558    875
  1559    875
  1560    875
  1561    875
  1562    875
  1563    875
  1538    876
  1539    876
  1540    876
  1541    876
  1542    876
  1543    876
  1544    876
  1545    876
  1546    876
  1547    876
  1548    876
  1549    876
  1550    876
  1551    876
  1552    876
  1553    876
  1554    876
  1555    876
  1556    876
  1557    876
  1558    876
  1559    876
  1560    876
  1561    876
  1536    877
  1537    877
  1538    877
  1539    877
  1540    877
  1541    877
  1542    877
  1543    877
  1544    877
  1545    877
  1546    877
  1547    877
  1548    877
  1549    877
  1550    877
  1551    877
  1552    877
  1553    877
  1554    877
  1555    877
  1556    877
  1557    877
  1558    877
  1559    877
  1560    877
  1535    878
  1536    878
  1537    878
  1538    878
  1539    878
  1540    878
  1541    878
  1542    878
  1543    878
  1544    878
  1545    878
  1546    878
  1547    878
  1548    878
  1549    878
  1550    878
  1551    878
  1552    878
  1553    878
  1554    878
  1555    878
  1556    878
  1557    878
  1558    878
  1534    879
  1535    879
  1536    879
  1537    879
  1538    879
  1539    879
  1540    879
  1541    879
  1542    879
  1543    879
  1544    879
  1545    879
  1546    879
  1547    879
  1548    879
  1549    879
  1550    879
  1551    879
  1552    879
  1553    879
  1554    879
  1555    879
  1556    879
  1557    879
  1532    880
  1533    880
  1534    880
  1535    880
  1536    880
  1537    880
  1538    880
  1539    880
  1540    880
  1541    880
  1542    880
  1543    880
  1544    880
  1545    880
  1546    880
  1547    880
  1548    880
  1549    880
  1550    880
  1551    880
  1552    880
  1553    880
  1554    880
  1555    880
  1556    880
  1530    881
  1531    881
  1532    881
  1533    881
  1534    881
  1535    881
  1536    881
  1537    881
  1538    881
  1539    881
  1540    881
  1541    881
  1542    881
  1543    881
  1544    881
  1545    881
  1546    881
  1547    881
  1548    881
  1549    881
  1550    881
  1551    881
  1552    881
  1553    881
  1554    881
  1529    882
  1530    882
  1531    882
  1532    882
  1533    882
  1534    882
  1535    882
  1536    882
  1537    882
  1538    882
  1539    882
  1540    882
  1541    882
  1542    882
  1543    882
  1544    882
  1545    882
  1546    882
  1547    882
  1548    882
  1549    882
  1550    882
  1551    882
  1552    882
  1553    882
  1528    883
  1529    883
  1530    883
  1531    883
  1532    883
  1533    883
  1534    883
  1535    883
  1536    883
  1537    883
  1538    883
  1539    883
  1540    883
  1541    883
  1542    883
  1543    883
  1544    883
  1545    883
  1546    883
  1547    883
  1548    883
  1549    883
  1550    883
  1551    883
  1526    884
  1527    884
  1528    884
  1529    884
  1530    884
  1531    884
  1532    884
  1533    884
  1534    884
  1535    884
  1536    884
  1537    884
  1538    884
  1539    884
  1540    884
  1541    884
  1542    884
  1543    884
  1544    884
  1545    884
  1546    884
  1547    884
  1548    884
  1549    884
  1550    884
  1525    885
  1526    885
  1527    885
  1528    885
  1529    885
  1530    885
  1531    885
  1532    885
  1533    885
  1534    885
  1535    885
  1536    885
  1537    885
  1538    885
  1539    885
  1540    885
  1541    885
  1542    885
  1543    885
  1544    885
  1545    885
  1546    885
  1547    885
  1548    885
  1549    885
  1524    886
  1525    886
  1526    886
  1527    886
  1528    886
  1529    886
  1530    886
  1531    886
  1532    886
  1533    886
  1534    886
  1535    886
  1536    886
  1537    886
  1538    886
  1539    886
  1540    886
  1541    886
  1542    886
  1543    886
  1544    886
  1545    886
  1546    886
  1547    886
  1548    886
  1522    887
  1523    887
  1524    887
  1525    887
  1526    887
  1527    887
  1528    887
  1529    887
  1530    887
  1531    887
  1532    887
  1533    887
  1534    887
  1535    887
  1536    887
  1537    887
  1538    887
  1539    887
  1540    887
  1541    887
  1542    887
  1543    887
  1544    887
  1545    887
  1546    887
  1547    887
  1521    888
  1522    888
  1523    888
  1524    888
  1525    888
  1526    888
  1527    888
  1528    888
  1529    888
  1530    888
  1531    888
  1532    888
  1533    888
  1534    888
  1535    888
  1536    888
  1537    888
  1538    888
  1539    888
  1540    888
  1541    888
  1542    888
  1543    888
  1544    888
  1545    888
  1546    888
  1520    889
  1521    889
  1522    889
  1523    889
  1524    889
  1525    889
  1526    889
  1527    889
  1528    889
  1529    889
  1530    889
  1531    889
  1532    889
  1533    889
  1534    889
  1535    889
  1536    889
  1537    889
  1538    889
  1539    889
  1540    889
  1541    889
  1542    889
  1543    889
  1544    889
  1519    890
  1520    890
  1521    890
  1522    890
  1523    890
  1524    890
  1525    890
  1526    890
  1527    890
  1528    890
  1529    890
  1530    890
  1531    890
  1532    890
  1533    890
  1534    890
  1535    890
  1536    890
  1537    890
  1538    890
  1539    890
  1540    890
  1541    890
  1542    890
  1543    890
  1524    891
  1525    891
  1526    891
  1527    891
  1528    891
  1529    891
  1530    891
  1531    891
  1532    891
  1533    891
  1534    891
  1535    891
  1536    891
  1537    891
  1538    891
  1539    891
  1540    891
  1541    891
  1542    891
  1522    892
  1523    892
  1524    892
  1525    892
  1526    892
  1527    892
  1528    892
  1529    892
  1530    892
  1531    892
  1532    892
  1533    892
  1534    892
  1535    892
  1536    892
  1537    892
  1538    892
  1539    892
  1540    892
  1524    893
  1525    893
  1526    893
  1527    893
  1528    893
  1529    893
  1530    893
  1531    893
  1532    893
  1533    893
  1534    893
  1535    893
  1536    893
  1537    893
  1538    893
  1539    893
  1525    894
  1526    894
  1527    894
  1528    894
  1529    894
  1530    894
  1531    894
  1532    894
  1533    894
  1534    894
  1535    894
  1536    894
  1537    894
  1529    895
  1530    895
  1531    895
  1532    895
  1533    895
  1534    895
  1535    895
  1536    895
  1533    896
  1534    896
  1535    896
