  1703    790
  1704    790
  1705    790
  1706    790
  1707    790
  1708    790
  1709    790
  1710    790
  1711    790
  1712    790
  1713    790
  1714    790
  1715    790
  1716    790
  1717    790
  1718    790
  1719    790
  1720    790
  1721    790
  1722    790
  1723    790
  1724    790
  1725    790
  1726    790
  1727    790
  1696    791
  1697    791
  1698    791
  1699    791
  1700    791
  1701    791
  1702    791
  1703    791
  1704    791
  1705    791
  1706    791
  1707    791
  1708    791
  1709    791
  1710    791
  1711    791
  1712    791
  1713    791
  1714    791
  1715    791
  1716    791
  1717    791
  1718    791
  1719    791
  1720    791
  1721    791
  1722    791
  1723    791
  1724    791
  1725    791
  1693    792
  1694    792
  1695    792
  1696    792
  1697    792
  1698    792
  1699    792
  1700    792
  1701    792
  1702    792
  1703    792
  1704    792
  1705    792
  1706    792
  1707    792
  1708    792
  1709    792
  1710    792
  1711    792
  1712    792
  1713    792
  1714    792
  1715    792
  1716    792
  1717    792
  1718    792
  1719    792
  1720    792
  1721    792
  1722    792
  1690    793
  1691    793
  1692    793
  1693    793
  1694    793
  1695    793
  1696    793
  1697    793
  1698    793
  1699    793
  1700    793
  1701    793
  1702    793
  1703    793
  1704    793
  1705    793
  1706    793
  1707    793
  1708    793
  1709    793
  1710    793
  1711    793
  1712    793
  1713    793
  1714    793
  1715    793
  1716    793
  1717    793
  1718    793
  1719    793
  1688    794
  1689    794
  1690    794
  1691    794
  1692    794
  1693    794
  1694    794
  1695    794
  1696    794
  1697    794
  1698    794
  1699    794
  1700    794
  1701    794
  1702    794
  1703    794
  1704    794
  1705    794
  1706    794
  1707    794
  1708    794
  1709    794
  1710    794
  1711    794
  1712    794
  1713    794
  1714    794
  1715    794
  1716    794
  1686    795
  1687    795
  1688    795
  1689    795
  1690    795
  1691    795
  1692    795
  1693    795
  1694    795
  1695    795
  1696    795
  1697    795
  1698    795
  1699    795
  1700    795
  1701    795
  1702    795
  1703    795
  1704    795
  1705    795
  1706    795
  1707    795
  1708    795
  1709    795
  1710    795
  1711    795
  1712    795
  1713    795
  1682    796
  1683    796
  1684    796
  1685    796
  1686    796
  1687    796
  1688    796
  1689    796
  1690    796
  1691    796
  1692    796
  1693    796
  1694    796
  1695    796
  1696    796
  1697    796
  1698    796
  1699    796
  1700    796
  1701    796
  1702    796
  1703    796
  1704    796
  1705    796
  1706    796
  1707    796
  1708    796
  1709    796
  1710    796
  1680    797
  1681    797
  1682    797
  1683    797
  1684    797
  1685    797
  1686    797
  1687    797
  1688    797
  1689    797
  1690    797
  1691    797
  1692    797
  1693    797
  1694    797
  1695    797
  1696    797
  1697    797
  1698    797
  1699    797
  1700    797
  1701    797
  1702    797
  1703    797
  1704    797
  1705    797
  1706    797
  1707    797
  1676    798
  1677    798
  1678    798
  1679    798
  1680    798
  1681    798
  1682    798
  1683    798
  1684    798
  1685    798
  1686    798
  1687    798
  1688    798
  1689    798
  1690    798
  1691    798
  1692    798
  1693    798
  1694    798
  1695    798
  1696    798
  1697    798
  1698    798
  1699    798
  1700    798
  1701    798
  1702    798
  1703    798
  1704    798
  1672    799
  1673    799
  1674    799
  1675    799
  1676    799
  1677    799
  1678    799
  1679    799
  1680    799
  1681    799
  1682    799
  1683    799
  1684    799
  1685    799
  1686    799
  1687    799
  1688    799
  1689    799
  1690    799
  1691    799
  1692    799
  1693    799
  1694    799
  1695    799
  1696    799
  1697    799
  1698    799
  1699    799
  1700    799
  1701    799
  1669    800
  1670    800
  1671    800
  1672    800
  1673    800
  1674    800
  1675    800
  1676    800
  1677    800
  1678    800
  1679    800
  1680    800
  1681    800
  1682    800
  1683    800
  1684    800
  1685    800
  1686    800
  1687    800
  1688    800
  1689    800
  1690    800
  1691    800
  1692    800
  1693    800
  1694    800
  1695    800
  1696    800
  1697    800
  1698    800
  1665    801
  1666    801
  1667    801
  1668    801
  1669    801
  1670    801
  1671    801
  1672    801
  1673    801
  1674    801
  1675    801
  1676    801
  1677    801
  1678    801
  1679    801
  1680    801
  1681    801
  1682    801
  1683    801
  1684    801
  1685    801
  1686    801
  1687    801
  1688    801
  1689    801
  1690    801
  1691    801
  1692    801
  1693    801
  1694    801
  1695    801
  1662    802
  1663    802
  1664    802
  1665    802
  1666    802
  1667    802
  1668    802
  1669    802
  1670    802
  1671    802
  1672    802
  1673    802
  1674    802
  1675    802
  1676    802
  1677    802
  1678    802
  1679    802
  1680    802
  1681    802
  1682    802
  1683    802
  1684    802
  1685    802
  1686    802
  1687    802
  1688    802
  1689    802
  1690    802
  1691    802
  1692    802
  1658    803
  1659    803
  1660    803
  1661    803
  1662    803
  1663    803
  1664    803
  1665    803
  1666    803
  1667    803
  1668    803
  1669    803
  1670    803
  1671    803
  1672    803
  1673    803
  1674    803
  1675    803
  1676    803
  1677    803
  1678    803
  1679    803
  1680    803
  1681    803
  1682    803
  1683    803
  1684    803
  1685    803
  1686    803
  1687    803
  1688    803
  1689    803
  1654    804
  1655    804
  1656    804
  1657    804
  1658    804
  1659    804
  1660    804
  1661    804
  1662    804
  1663    804
  1664    804
  1665    804
  1666    804
  1667    804
  1668    804
  1669    804
  1670    804
  1671    804
  1672    804
  1673    804
  1674    804
  1675    804
  1676    804
  1677    804
  1678    804
  1679    804
  1680    804
  1681    804
  1682    804
  1683    804
  1684    804
  1685    804
  1686    804
  1651    805
  1652    805
  1653    805
  1654    805
  1655    805
  1656    805
  1657    805
  1658    805
  1659    805
  1660    805
  1661    805
  1662    805
  1663    805
  1664    805
  1665    805
  1666    805
  1667    805
  1668    805
  1669    805
  1670    805
  1671    805
  1672    805
  1673    805
  1674    805
  1675    805
  1676    805
  1677    805
  1678    805
  1679    805
  1680    805
  1681    805
  1682    805
  1683    805
  1647    806
  1648    806
  1649    806
  1650    806
  1651    806
  1652    806
  1653    806
  1654    806
  1655    806
  1656    806
  1657    806
  1658    806
  1659    806
  1660    806
  1661    806
  1662    806
  1663    806
  1664    806
  1665    806
  1666    806
  1667    806
  1668    806
  1669    806
  1670    806
  1671    806
  1672    806
  1673    806
  1674    806
  1675    806
  1676    806
  1677    806
  1678    806
  1679    806
  1680    806
  1644    807
  1645    807
  1646    807
  1647    807
  1648    807
  1649    807
  1650    807
  1651    807
  1652    807
  1653    807
  1654    807
  1655    807
  1656    807
  1657    807
  1658    807
  1659    807
  1660    807
  1661    807
  1662    807
  1663    807
  1664    807
  1665    807
  1666    807
  1667    807
  1668    807
  1669    807
  1670    807
  1671    807
  1672    807
  1673    807
  1674    807
  1675    807
  1676    807
  1677    807
  1678    807
  1640    808
  1641    808
  1642    808
  1643    808
  1644    808
  1645    808
  1646    808
  1647    808
  1648    808
  1649    808
  1650    808
  1651    808
  1652    808
  1653    808
  1654    808
  1655    808
  1656    808
  1657    808
  1658    808
  1659    808
  1660    808
  1661    808
  1662    808
  1663    808
  1664    808
  1665    808
  1666    808
  1667    808
  1668    808
  1669    808
  1670    808
  1671    808
  1672    808
  1673    808
  1674    808
  1675    808
  1637    809
  1638    809
  1639    809
  1640    809
  1641    809
  1642    809
  1643    809
  1644    809
  1645    809
  1646    809
  1647    809
  1648    809
  1649    809
  1650    809
  1651    809
  1652    809
  1653    809
  1654    809
  1655    809
  1656    809
  1657    809
  1658    809
  1659    809
  1660    809
  1661    809
  1662    809
  1663    809
  1664    809
  1665    809
  1666    809
  1667    809
  1668    809
  1669    809
  1670    809
  1671    809
  1672    809
  1673    809
  1634    810
  1635    810
  1636    810
  1637    810
  1638    810
  1639    810
  1640    810
  1641    810
  1642    810
  1643    810
  1644    810
  1645    810
  1646    810
  1647    810
  1648    810
  1649    810
  1650    810
  1651    810
  1652    810
  1653    810
  1654    810
  1655    810
  1656    810
  1657    810
  1658    810
  1659    810
  1660    810
  1661    810
  1662    810
  1663    810
  1664    810
  1665    810
  1666    810
  1667    810
  1668    810
  1669    810
  1670    810
  1671    810
  1629    811
  1630    811
  1631    811
  1632    811
  1633    811
  1634    811
  1635    811
  1636    811
  1637    811
  1638    811
  1639    811
  1640    811
  1641    811
  1642    811
  1643    811
  1644    811
  1645    811
  1646    811
  1647    811
  1648    811
  1649    811
  1650    811
  1651    811
  1652    811
  1653    811
  1654    811
  1655    811
  1656    811
  1657    811
  1658    811
  1659    811
  1660    811
  1661    811
  1662    811
  1663    811
  1664    811
  1665    811
  1666    811
  1667    811
  1668    811
  1626    812
  1627    812
  1628    812
  1629    812
  1630    812
  1631    812
  1632    812
  1633    812
  1634    812
  1635    812
  1636    812
  1637    812
  1638    812
  1639    812
  1640    812
  1641    812
  1642    812
  1643    812
  1644    812
  1645    812
  1646    812
  1647    812
  1648    812
  1649    812
  1650    812
  1651    812
  1652    812
  1653    812
  1654    812
  1655    812
  1656    812
  1657    812
  1658    812
  1659    812
  1660    812
  1661    812
  1662    812
  1663    812
  1664    812
  1665    812
  1623    813
  1624    813
  1625    813
  1626    813
  1627    813
  1628    813
  1629    813
  1630    813
  1631    813
  1632    813
  1633    813
  1634    813
  1635    813
  1636    813
  1637    813
  1638    813
  1639    813
  1640    813
  1641    813
  1642    813
  1643    813
  1644    813
  1645    813
  1646    813
  1647    813
  1648    813
  1649    813
  1650    813
  1651    813
  1652    813
  1653    813
  1654    813
  1655    813
  1656    813
  1657    813
  1658    813
  1659    813
  1660    813
  1661    813
  1662    813
  1663    813
  1620    814
  1621    814
  1622    814
  1623    814
  1624    814
  1625    814
  1626    814
  1627    814
  1628    814
  1629    814
  1630    814
  1631    814
  1632    814
  1633    814
  1634    814
  1635    814
  1636    814
  1637    814
  1638    814
  1639    814
  1640    814
  1642    814
  1643    814
  1644    814
  1645    814
  1646    814
  1647    814
  1648    814
  1649    814
  1650    814
  1651    814
  1652    814
  1653    814
  1654    814
  1655    814
  1656    814
  1657    814
  1658    814
  1659    814
  1660    814
  1661    814
  1616    815
  1617    815
  1618    815
  1619    815
  1620    815
  1621    815
  1622    815
  1623    815
  1624    815
  1625    815
  1626    815
  1627    815
  1628    815
  1629    815
  1630    815
  1631    815
  1632    815
  1633    815
  1634    815
  1635    815
  1636    815
  1637    815
  1640    815
  1641    815
  1642    815
  1643    815
  1644    815
  1645    815
  1646    815
  1647    815
  1648    815
  1649    815
  1650    815
  1651    815
  1652    815
  1653    815
  1654    815
  1655    815
  1656    815
  1657    815
  1658    815
  1613    816
  1614    816
  1615    816
  1616    816
  1617    816
  1618    816
  1619    816
  1620    816
  1621    816
  1622    816
  1623    816
  1624    816
  1625    816
  1626    816
  1627    816
  1628    816
  1629    816
  1630    816
  1631    816
  1632    816
  1637    816
  1638    816
  1639    816
  1640    816
  1641    816
  1642    816
  1643    816
  1644    816
  1645    816
  1646    816
  1647    816
  1648    816
  1649    816
  1650    816
  1651    816
  1652    816
  1653    816
  1654    816
  1655    816
  1656    816
  1608    817
  1609    817
  1610    817
  1611    817
  1612    817
  1613    817
  1614    817
  1615    817
  1616    817
  1617    817
  1618    817
  1619    817
  1620    817
  1621    817
  1622    817
  1623    817
  1624    817
  1625    817
  1626    817
  1627    817
  1628    817
  1629    817
  1630    817
  1636    817
  1637    817
  1638    817
  1639    817
  1640    817
  1641    817
  1642    817
  1643    817
  1644    817
  1645    817
  1646    817
  1647    817
  1648    817
  1649    817
  1650    817
  1651    817
  1652    817
  1653    817
  1654    817
  1605    818
  1606    818
  1607    818
  1608    818
  1609    818
  1610    818
  1611    818
  1612    818
  1613    818
  1614    818
  1615    818
  1616    818
  1617    818
  1618    818
  1619    818
  1620    818
  1621    818
  1622    818
  1623    818
  1624    818
  1625    818
  1626    818
  1633    818
  1634    818
  1635    818
  1636    818
  1637    818
  1638    818
  1639    818
  1640    818
  1641    818
  1642    818
  1643    818
  1644    818
  1645    818
  1646    818
  1647    818
  1648    818
  1649    818
  1650    818
  1651    818
  1652    818
  1601    819
  1602    819
  1603    819
  1604    819
  1605    819
  1606    819
  1607    819
  1608    819
  1609    819
  1610    819
  1611    819
  1612    819
  1613    819
  1614    819
  1615    819
  1616    819
  1617    819
  1618    819
  1619    819
  1620    819
  1621    819
  1622    819
  1630    819
  1631    819
  1632    819
  1633    819
  1634    819
  1635    819
  1636    819
  1637    819
  1638    819
  1639    819
  1640    819
  1641    819
  1642    819
  1643    819
  1644    819
  1645    819
  1646    819
  1647    819
  1648    819
  1649    819
  1650    819
  1598    820
  1599    820
  1600    820
  1601    820
  1602    820
  1603    820
  1604    820
  1605    820
  1606    820
  1607    820
  1608    820
  1609    820
  1610    820
  1611    820
  1612    820
  1613    820
  1614    820
  1615    820
  1616    820
  1617    820
  1618    820
  1619    820
  1628    820
  1629    820
  1630    820
  1631    820
  1632    820
  1633    820
  1634    820
  1635    820
  1636    820
  1637    820
  1638    820
  1639    820
  1640    820
  1641    820
  1642    820
  1643    820
  1644    820
  1645    820
  1646    820
  1647    820
  1594    821
  1595    821
  1596    821
  1597    821
  1598    821
  1599    821
  1600    821
  1601    821
  1602    821
  1603    821
  1604    821
  1605    821
  1606    821
  1607    821
  1608    821
  1609    821
  1610    821
  1611    821
  1612    821
  1613    821
  1614    821
  1615    821
  1624    821
  1625    821
  1626    821
  1627    821
  1628    821
  1629    821
  1630    821
  1631    821
  1632    821
  1633    821
  1634    821
  1635    821
  1636    821
  1637    821
  1638    821
  1639    821
  1640    821
  1641    821
  1642    821
  1643    821
  1644    821
  1645    821
  1589    822
  1590    822
  1591    822
  1592    822
  1593    822
  1594    822
  1595    822
  1596    822
  1597    822
  1598    822
  1599    822
  1600    822
  1601    822
  1602    822
  1603    822
  1604    822
  1605    822
  1606    822
  1607    822
  1608    822
  1609    822
  1610    822
  1611    822
  1612    822
  1622    822
  1623    822
  1624    822
  1625    822
  1626    822
  1627    822
  1628    822
  1629    822
  1630    822
  1631    822
  1632    822
  1633    822
  1634    822
  1635    822
  1636    822
  1637    822
  1638    822
  1639    822
  1640    822
  1641    822
  1642    822
  1643    822
  1644    822
  1586    823
  1587    823
  1588    823
  1589    823
  1590    823
  1591    823
  1592    823
  1593    823
  1594    823
  1595    823
  1596    823
  1597    823
  1598    823
  1599    823
  1600    823
  1601    823
  1602    823
  1603    823
  1604    823
  1605    823
  1606    823
  1607    823
  1608    823
  1620    823
  1621    823
  1622    823
  1623    823
  1624    823
  1625    823
  1626    823
  1627    823
  1628    823
  1629    823
  1630    823
  1631    823
  1632    823
  1633    823
  1634    823
  1635    823
  1636    823
  1637    823
  1638    823
  1639    823
  1640    823
  1641    823
  1642    823
  1582    824
  1583    824
  1584    824
  1585    824
  1586    824
  1587    824
  1588    824
  1589    824
  1590    824
  1591    824
  1592    824
  1593    824
  1594    824
  1595    824
  1596    824
  1597    824
  1598    824
  1599    824
  1600    824
  1601    824
  1602    824
  1603    824
  1604    824
  1619    824
  1620    824
  1621    824
  1622    824
  1623    824
  1624    824
  1625    824
  1626    824
  1627    824
  1628    824
  1629    824
  1630    824
  1631    824
  1632    824
  1633    824
  1634    824
  1635    824
  1636    824
  1637    824
  1638    824
  1639    824
  1640    824
  1578    825
  1579    825
  1580    825
  1581    825
  1582    825
  1583    825
  1584    825
  1585    825
  1586    825
  1587    825
  1588    825
  1589    825
  1590    825
  1591    825
  1592    825
  1593    825
  1594    825
  1595    825
  1596    825
  1597    825
  1598    825
  1599    825
  1600    825
  1601    825
  1619    825
  1620    825
  1621    825
  1622    825
  1623    825
  1624    825
  1625    825
  1626    825
  1627    825
  1628    825
  1629    825
  1630    825
  1631    825
  1632    825
  1633    825
  1634    825
  1635    825
  1636    825
  1637    825
  1638    825
  1574    826
  1575    826
  1576    826
  1577    826
  1578    826
  1579    826
  1580    826
  1581    826
  1582    826
  1583    826
  1584    826
  1585    826
  1586    826
  1587    826
  1588    826
  1589    826
  1590    826
  1591    826
  1592    826
  1593    826
  1594    826
  1595    826
  1596    826
  1616    826
  1617    826
  1618    826
  1619    826
  1620    826
  1621    826
  1622    826
  1623    826
  1624    826
  1625    826
  1626    826
  1627    826
  1628    826
  1629    826
  1630    826
  1631    826
  1632    826
  1633    826
  1634    826
  1635    826
  1636    826
  1569    827
  1570    827
  1571    827
  1572    827
  1573    827
  1574    827
  1575    827
  1576    827
  1577    827
  1578    827
  1579    827
  1580    827
  1581    827
  1582    827
  1583    827
  1584    827
  1585    827
  1586    827
  1587    827
  1588    827
  1589    827
  1590    827
  1591    827
  1592    827
  1593    827
  1594    827
  1615    827
  1616    827
  1617    827
  1618    827
  1619    827
  1620    827
  1621    827
  1622    827
  1623    827
  1624    827
  1625    827
  1626    827
  1627    827
  1628    827
  1629    827
  1630    827
  1631    827
  1632    827
  1633    827
  1634    827
  1566    828
  1567    828
  1568    828
  1569    828
  1570    828
  1571    828
  1572    828
  1573    828
  1574    828
  1575    828
  1576    828
  1577    828
  1578    828
  1579    828
  1580    828
  1581    828
  1582    828
  1583    828
  1584    828
  1585    828
  1586    828
  1587    828
  1588    828
  1589    828
  1611    828
  1612    828
  1614    828
  1615    828
  1616    828
  1617    828
  1618    828
  1619    828
  1620    828
  1621    828
  1622    828
  1623    828
  1624    828
  1625    828
  1626    828
  1627    828
  1628    828
  1629    828
  1630    828
  1631    828
  1632    828
  1633    828
  1562    829
  1563    829
  1564    829
  1565    829
  1566    829
  1567    829
  1568    829
  1569    829
  1570    829
  1571    829
  1572    829
  1573    829
  1574    829
  1575    829
  1576    829
  1577    829
  1578    829
  1579    829
  1580    829
  1581    829
  1582    829
  1583    829
  1584    829
  1585    829
  1612    829
  1613    829
  1614    829
  1615    829
  1616    829
  1617    829
  1618    829
  1619    829
  1620    829
  1621    829
  1622    829
  1623    829
  1624    829
  1625    829
  1626    829
  1627    829
  1628    829
  1629    829
  1630    829
  1631    829
  1557    830
  1558    830
  1559    830
  1560    830
  1561    830
  1562    830
  1563    830
  1564    830
  1565    830
  1566    830
  1567    830
  1568    830
  1569    830
  1570    830
  1571    830
  1572    830
  1573    830
  1574    830
  1575    830
  1576    830
  1577    830
  1578    830
  1579    830
  1580    830
  1581    830
  1582    830
  1610    830
  1611    830
  1612    830
  1613    830
  1614    830
  1615    830
  1616    830
  1617    830
  1618    830
  1619    830
  1620    830
  1621    830
  1622    830
  1623    830
  1624    830
  1625    830
  1626    830
  1627    830
  1628    830
  1629    830
  1554    831
  1555    831
  1556    831
  1557    831
  1558    831
  1559    831
  1560    831
  1561    831
  1562    831
  1563    831
  1564    831
  1565    831
  1566    831
  1567    831
  1568    831
  1569    831
  1570    831
  1571    831
  1572    831
  1573    831
  1574    831
  1575    831
  1576    831
  1577    831
  1608    831
  1609    831
  1610    831
  1611    831
  1612    831
  1613    831
  1614    831
  1615    831
  1616    831
  1617    831
  1618    831
  1619    831
  1620    831
  1621    831
  1622    831
  1623    831
  1624    831
  1625    831
  1626    831
  1627    831
  1550    832
  1551    832
  1552    832
  1553    832
  1554    832
  1555    832
  1556    832
  1557    832
  1558    832
  1559    832
  1560    832
  1561    832
  1562    832
  1563    832
  1564    832
  1565    832
  1566    832
  1567    832
  1568    832
  1569    832
  1570    832
  1571    832
  1572    832
  1573    832
  1606    832
  1607    832
  1608    832
  1609    832
  1610    832
  1611    832
  1612    832
  1613    832
  1614    832
  1615    832
  1616    832
  1617    832
  1618    832
  1619    832
  1620    832
  1621    832
  1622    832
  1623    832
  1624    832
  1625    832
  1545    833
  1546    833
  1547    833
  1548    833
  1549    833
  1550    833
  1551    833
  1552    833
  1553    833
  1554    833
  1555    833
  1556    833
  1557    833
  1558    833
  1559    833
  1560    833
  1561    833
  1562    833
  1563    833
  1564    833
  1565    833
  1566    833
  1567    833
  1568    833
  1569    833
  1570    833
  1603    833
  1604    833
  1605    833
  1606    833
  1607    833
  1608    833
  1609    833
  1610    833
  1611    833
  1612    833
  1613    833
  1614    833
  1615    833
  1616    833
  1617    833
  1618    833
  1619    833
  1620    833
  1621    833
  1622    833
  1623    833
  1624    833
  1543    834
  1544    834
  1545    834
  1546    834
  1547    834
  1548    834
  1549    834
  1550    834
  1551    834
  1552    834
  1553    834
  1554    834
  1555    834
  1556    834
  1557    834
  1558    834
  1559    834
  1560    834
  1561    834
  1562    834
  1563    834
  1564    834
  1565    834
  1566    834
  1602    834
  1603    834
  1604    834
  1605    834
  1606    834
  1607    834
  1608    834
  1609    834
  1610    834
  1611    834
  1612    834
  1613    834
  1614    834
  1615    834
  1616    834
  1617    834
  1618    834
  1619    834
  1620    834
  1621    834
  1622    834
  1538    835
  1539    835
  1540    835
  1541    835
  1542    835
  1543    835
  1544    835
  1545    835
  1546    835
  1547    835
  1548    835
  1549    835
  1550    835
  1551    835
  1552    835
  1553    835
  1554    835
  1555    835
  1556    835
  1557    835
  1558    835
  1559    835
  1560    835
  1561    835
  1562    835
  1563    835
  1600    835
  1601    835
  1602    835
  1603    835
  1604    835
  1605    835
  1606    835
  1607    835
  1608    835
  1609    835
  1610    835
  1611    835
  1612    835
  1613    835
  1614    835
  1615    835
  1616    835
  1617    835
  1618    835
  1619    835
  1620    835
  1534    836
  1535    836
  1536    836
  1537    836
  1538    836
  1539    836
  1540    836
  1541    836
  1542    836
  1543    836
  1544    836
  1545    836
  1546    836
  1547    836
  1548    836
  1549    836
  1550    836
  1551    836
  1552    836
  1553    836
  1554    836
  1555    836
  1556    836
  1557    836
  1558    836
  1559    836
  1598    836
  1599    836
  1600    836
  1601    836
  1602    836
  1603    836
  1604    836
  1605    836
  1606    836
  1607    836
  1608    836
  1609    836
  1610    836
  1611    836
  1612    836
  1613    836
  1614    836
  1615    836
  1616    836
  1617    836
  1618    836
  1529    837
  1530    837
  1531    837
  1532    837
  1533    837
  1534    837
  1535    837
  1536    837
  1537    837
  1538    837
  1539    837
  1540    837
  1541    837
  1542    837
  1543    837
  1544    837
  1545    837
  1546    837
  1547    837
  1548    837
  1549    837
  1550    837
  1551    837
  1552    837
  1553    837
  1554    837
  1555    837
  1596    837
  1597    837
  1598    837
  1599    837
  1600    837
  1601    837
  1602    837
  1603    837
  1604    837
  1605    837
  1606    837
  1607    837
  1608    837
  1609    837
  1610    837
  1611    837
  1612    837
  1613    837
  1614    837
  1615    837
  1616    837
  1525    838
  1526    838
  1527    838
  1528    838
  1529    838
  1530    838
  1531    838
  1532    838
  1533    838
  1534    838
  1535    838
  1536    838
  1537    838
  1538    838
  1539    838
  1540    838
  1541    838
  1542    838
  1543    838
  1544    838
  1545    838
  1546    838
  1547    838
  1548    838
  1549    838
  1550    838
  1551    838
  1594    838
  1595    838
  1596    838
  1597    838
  1598    838
  1599    838
  1600    838
  1601    838
  1602    838
  1603    838
  1604    838
  1605    838
  1606    838
  1607    838
  1608    838
  1609    838
  1610    838
  1611    838
  1612    838
  1613    838
  1614    838
  1615    838
  1522    839
  1523    839
  1524    839
  1525    839
  1526    839
  1527    839
  1528    839
  1529    839
  1530    839
  1531    839
  1532    839
  1533    839
  1534    839
  1535    839
  1536    839
  1537    839
  1538    839
  1539    839
  1540    839
  1541    839
  1542    839
  1543    839
  1544    839
  1545    839
  1546    839
  1592    839
  1593    839
  1594    839
  1595    839
  1596    839
  1597    839
  1598    839
  1599    839
  1600    839
  1601    839
  1602    839
  1603    839
  1604    839
  1605    839
  1606    839
  1607    839
  1608    839
  1609    839
  1610    839
  1611    839
  1612    839
  1613    839
  1518    840
  1519    840
  1520    840
  1521    840
  1522    840
  1523    840
  1524    840
  1525    840
  1526    840
  1527    840
  1528    840
  1529    840
  1530    840
  1531    840
  1532    840
  1533    840
  1534    840
  1535    840
  1536    840
  1537    840
  1538    840
  1539    840
  1540    840
  1541    840
  1542    840
  1543    840
  1590    840
  1591    840
  1592    840
  1593    840
  1594    840
  1595    840
  1596    840
  1597    840
  1598    840
  1599    840
  1600    840
  1601    840
  1602    840
  1603    840
  1604    840
  1605    840
  1606    840
  1607    840
  1608    840
  1609    840
  1610    840
  1611    840
  1515    841
  1516    841
  1517    841
  1518    841
  1519    841
  1520    841
  1521    841
  1522    841
  1523    841
  1524    841
  1525    841
  1526    841
  1527    841
  1528    841
  1529    841
  1530    841
  1531    841
  1532    841
  1533    841
  1534    841
  1535    841
  1536    841
  1537    841
  1538    841
  1539    841
  1588    841
  1589    841
  1590    841
  1591    841
  1592    841
  1593    841
  1594    841
  1595    841
  1596    841
  1597    841
  1598    841
  1599    841
  1600    841
  1601    841
  1602    841
  1603    841
  1604    841
  1605    841
  1606    841
  1607    841
  1608    841
  1609    841
  1510    842
  1511    842
  1512    842
  1513    842
  1514    842
  1515    842
  1516    842
  1517    842
  1518    842
  1519    842
  1520    842
  1521    842
  1522    842
  1523    842
  1524    842
  1525    842
  1526    842
  1527    842
  1528    842
  1529    842
  1530    842
  1531    842
  1532    842
  1533    842
  1534    842
  1535    842
  1586    842
  1587    842
  1588    842
  1589    842
  1590    842
  1591    842
  1592    842
  1593    842
  1594    842
  1595    842
  1596    842
  1597    842
  1598    842
  1599    842
  1600    842
  1601    842
  1602    842
  1603    842
  1604    842
  1605    842
  1606    842
  1607    842
  1505    843
  1506    843
  1507    843
  1508    843
  1509    843
  1510    843
  1511    843
  1512    843
  1513    843
  1514    843
  1515    843
  1516    843
  1517    843
  1518    843
  1519    843
  1520    843
  1521    843
  1522    843
  1523    843
  1524    843
  1525    843
  1526    843
  1527    843
  1528    843
  1529    843
  1530    843
  1531    843
  1532    843
  1584    843
  1585    843
  1586    843
  1587    843
  1588    843
  1589    843
  1590    843
  1591    843
  1592    843
  1593    843
  1594    843
  1595    843
  1596    843
  1597    843
  1598    843
  1599    843
  1600    843
  1601    843
  1602    843
  1603    843
  1604    843
  1605    843
  1502    844
  1503    844
  1504    844
  1505    844
  1506    844
  1507    844
  1508    844
  1509    844
  1510    844
  1511    844
  1512    844
  1513    844
  1514    844
  1515    844
  1516    844
  1517    844
  1518    844
  1519    844
  1520    844
  1521    844
  1522    844
  1523    844
  1524    844
  1525    844
  1526    844
  1527    844
  1528    844
  1583    844
  1584    844
  1585    844
  1586    844
  1587    844
  1588    844
  1589    844
  1590    844
  1591    844
  1592    844
  1593    844
  1594    844
  1595    844
  1596    844
  1597    844
  1598    844
  1599    844
  1600    844
  1601    844
  1602    844
  1603    844
  1500    845
  1501    845
  1502    845
  1503    845
  1504    845
  1505    845
  1506    845
  1507    845
  1508    845
  1509    845
  1510    845
  1511    845
  1512    845
  1513    845
  1514    845
  1515    845
  1516    845
  1517    845
  1518    845
  1519    845
  1520    845
  1521    845
  1522    845
  1523    845
  1524    845
  1581    845
  1582    845
  1583    845
  1584    845
  1585    845
  1586    845
  1587    845
  1588    845
  1589    845
  1590    845
  1591    845
  1592    845
  1593    845
  1594    845
  1595    845
  1596    845
  1597    845
  1598    845
  1599    845
  1600    845
  1601    845
  1498    846
  1499    846
  1500    846
  1501    846
  1502    846
  1503    846
  1504    846
  1505    846
  1506    846
  1507    846
  1508    846
  1509    846
  1510    846
  1511    846
  1512    846
  1513    846
  1514    846
  1515    846
  1516    846
  1517    846
  1518    846
  1519    846
  1520    846
  1521    846
  1579    846
  1580    846
  1581    846
  1582    846
  1583    846
  1584    846
  1585    846
  1586    846
  1587    846
  1588    846
  1589    846
  1590    846
  1591    846
  1592    846
  1593    846
  1594    846
  1595    846
  1596    846
  1597    846
  1598    846
  1599    846
  1600    846
  1495    847
  1496    847
  1497    847
  1498    847
  1499    847
  1500    847
  1501    847
  1502    847
  1503    847
  1504    847
  1505    847
  1506    847
  1507    847
  1508    847
  1509    847
  1510    847
  1511    847
  1512    847
  1513    847
  1514    847
  1515    847
  1516    847
  1577    847
  1578    847
  1579    847
  1580    847
  1581    847
  1582    847
  1583    847
  1584    847
  1585    847
  1586    847
  1587    847
  1588    847
  1589    847
  1590    847
  1591    847
  1592    847
  1593    847
  1594    847
  1595    847
  1596    847
  1597    847
  1598    847
  1493    848
  1494    848
  1495    848
  1496    848
  1497    848
  1498    848
  1499    848
  1500    848
  1501    848
  1502    848
  1503    848
  1504    848
  1505    848
  1506    848
  1507    848
  1508    848
  1509    848
  1510    848
  1511    848
  1512    848
  1575    848
  1576    848
  1577    848
  1578    848
  1579    848
  1580    848
  1581    848
  1582    848
  1583    848
  1584    848
  1585    848
  1586    848
  1587    848
  1588    848
  1589    848
  1590    848
  1591    848
  1592    848
  1593    848
  1594    848
  1595    848
  1596    848
  1491    849
  1492    849
  1493    849
  1494    849
  1495    849
  1496    849
  1497    849
  1498    849
  1499    849
  1500    849
  1501    849
  1502    849
  1503    849
  1504    849
  1505    849
  1506    849
  1507    849
  1508    849
  1574    849
  1575    849
  1576    849
  1577    849
  1578    849
  1579    849
  1580    849
  1581    849
  1582    849
  1583    849
  1584    849
  1585    849
  1586    849
  1587    849
  1588    849
  1589    849
  1590    849
  1591    849
  1592    849
  1593    849
  1594    849
  1489    850
  1490    850
  1491    850
  1492    850
  1493    850
  1494    850
  1495    850
  1496    850
  1497    850
  1498    850
  1499    850
  1500    850
  1501    850
  1502    850
  1503    850
  1504    850
  1572    850
  1573    850
  1574    850
  1575    850
  1576    850
  1577    850
  1578    850
  1579    850
  1580    850
  1581    850
  1582    850
  1583    850
  1584    850
  1585    850
  1586    850
  1587    850
  1588    850
  1589    850
  1590    850
  1591    850
  1592    850
  1593    850
  1487    851
  1488    851
  1489    851
  1490    851
  1491    851
  1492    851
  1493    851
  1494    851
  1495    851
  1496    851
  1497    851
  1498    851
  1499    851
  1500    851
  1501    851
  1570    851
  1571    851
  1572    851
  1573    851
  1574    851
  1575    851
  1576    851
  1577    851
  1578    851
  1579    851
  1580    851
  1581    851
  1582    851
  1583    851
  1584    851
  1585    851
  1586    851
  1587    851
  1588    851
  1589    851
  1590    851
  1591    851
  1592    851
  1484    852
  1485    852
  1486    852
  1487    852
  1488    852
  1489    852
  1490    852
  1491    852
  1492    852
  1493    852
  1494    852
  1495    852
  1496    852
  1497    852
  1568    852
  1569    852
  1570    852
  1571    852
  1572    852
  1573    852
  1574    852
  1575    852
  1576    852
  1577    852
  1578    852
  1579    852
  1580    852
  1581    852
  1582    852
  1583    852
  1584    852
  1585    852
  1586    852
  1587    852
  1588    852
  1589    852
  1482    853
  1483    853
  1484    853
  1485    853
  1486    853
  1487    853
  1488    853
  1489    853
  1490    853
  1491    853
  1492    853
  1566    853
  1567    853
  1568    853
  1569    853
  1570    853
  1571    853
  1572    853
  1573    853
  1574    853
  1575    853
  1576    853
  1577    853
  1578    853
  1579    853
  1580    853
  1581    853
  1582    853
  1583    853
  1584    853
  1585    853
  1586    853
  1587    853
  1588    853
  1480    854
  1481    854
  1482    854
  1483    854
  1484    854
  1485    854
  1486    854
  1487    854
  1488    854
  1489    854
  1565    854
  1566    854
  1567    854
  1568    854
  1569    854
  1570    854
  1571    854
  1572    854
  1573    854
  1574    854
  1575    854
  1576    854
  1577    854
  1578    854
  1579    854
  1580    854
  1581    854
  1582    854
  1583    854
  1584    854
  1585    854
  1586    854
  1478    855
  1479    855
  1480    855
  1481    855
  1482    855
  1483    855
  1484    855
  1563    855
  1564    855
  1565    855
  1566    855
  1567    855
  1568    855
  1569    855
  1570    855
  1571    855
  1572    855
  1573    855
  1574    855
  1575    855
  1576    855
  1577    855
  1578    855
  1579    855
  1580    855
  1581    855
  1582    855
  1583    855
  1584    855
  1476    856
  1477    856
  1478    856
  1479    856
  1480    856
  1561    856
  1562    856
  1563    856
  1564    856
  1565    856
  1566    856
  1567    856
  1568    856
  1569    856
  1570    856
  1571    856
  1572    856
  1573    856
  1574    856
  1575    856
  1576    856
  1577    856
  1578    856
  1579    856
  1580    856
  1581    856
  1582    856
  1583    856
  1473    857
  1474    857
  1475    857
  1476    857
  1477    857
  1560    857
  1561    857
  1562    857
  1563    857
  1564    857
  1565    857
  1566    857
  1567    857
  1568    857
  1569    857
  1570    857
  1571    857
  1572    857
  1573    857
  1574    857
  1575    857
  1576    857
  1577    857
  1578    857
  1579    857
  1580    857
  1581    857
  1471    858
  1472    858
  1473    858
  1558    858
  1559    858
  1560    858
  1561    858
  1562    858
  1563    858
  1564    858
  1565    858
  1566    858
  1567    858
  1568    858
  1569    858
  1570    858
  1571    858
  1572    858
  1573    858
  1574    858
  1575    858
  1576    858
  1577    858
  1578    858
  1579    858
  1580    858
  1556    859
  1557    859
  1558    859
  1559    859
  1560    859
  1561    859
  1562    859
  1563    859
  1564    859
  1565    859
  1566    859
  1567    859
  1568    859
  1569    859
  1570    859
  1571    859
  1572    859
  1573    859
  1574    859
  1575    859
  1576    859
  1577    859
  1578    859
  1554    860
  1555    860
  1556    860
  1557    860
  1558    860
  1559    860
  1560    860
  1561    860
  1562    860
  1563    860
  1564    860
  1565    860
  1566    860
  1567    860
  1568    860
  1569    860
  1570    860
  1571    860
  1572    860
  1573    860
  1574    860
  1575    860
  1576    860
  1552    861
  1553    861
  1554    861
  1555    861
  1556    861
  1557    861
  1558    861
  1559    861
  1560    861
  1561    861
  1562    861
  1563    861
  1564    861
  1565    861
  1566    861
  1567    861
  1568    861
  1569    861
  1570    861
  1571    861
  1572    861
  1573    861
  1574    861
  1575    861
  1551    862
  1552    862
  1553    862
  1554    862
  1555    862
  1556    862
  1557    862
  1558    862
  1559    862
  1560    862
  1561    862
  1562    862
  1563    862
  1564    862
  1565    862
  1566    862
  1567    862
  1568    862
  1569    862
  1570    862
  1571    862
  1572    862
  1573    862
  1549    863
  1550    863
  1551    863
  1552    863
  1553    863
  1554    863
  1555    863
  1556    863
  1557    863
  1558    863
  1559    863
  1560    863
  1561    863
  1562    863
  1563    863
  1564    863
  1565    863
  1566    863
  1567    863
  1568    863
  1569    863
  1570    863
  1571    863
  1548    864
  1549    864
  1550    864
  1551    864
  1552    864
  1553    864
  1554    864
  1555    864
  1556    864
  1557    864
  1558    864
  1559    864
  1560    864
  1561    864
  1562    864
  1563    864
  1564    864
  1565    864
  1566    864
  1567    864
  1568    864
  1569    864
  1570    864
  1547    865
  1548    865
  1549    865
  1550    865
  1551    865
  1552    865
  1553    865
  1554    865
  1555    865
  1556    865
  1557    865
  1558    865
  1559    865
  1560    865
  1561    865
  1562    865
  1563    865
  1564    865
  1565    865
  1566    865
  1567    865
  1568    865
  1569    865
  1545    866
  1546    866
  1547    866
  1548    866
  1549    866
  1550    866
  1551    866
  1552    866
  1553    866
  1554    866
  1555    866
  1556    866
  1557    866
  1558    866
  1559    866
  1560    866
  1561    866
  1562    866
  1563    866
  1564    866
  1565    866
  1566    866
  1567    866
  1544    867
  1545    867
  1546    867
  1547    867
  1548    867
  1549    867
  1550    867
  1551    867
  1552    867
  1553    867
  1554    867
  1555    867
  1556    867
  1557    867
  1558    867
  1559    867
  1560    867
  1561    867
  1562    867
  1563    867
  1564    867
  1565    867
  1566    867
  1542    868
  1543    868
  1544    868
  1545    868
  1546    868
  1547    868
  1548    868
  1549    868
  1550    868
  1551    868
  1552    868
  1553    868
  1554    868
  1555    868
  1556    868
  1557    868
  1558    868
  1559    868
  1560    868
  1561    868
  1562    868
  1563    868
  1564    868
  1540    869
  1541    869
  1542    869
  1543    869
  1544    869
  1545    869
  1546    869
  1547    869
  1548    869
  1549    869
  1550    869
  1551    869
  1552    869
  1553    869
  1554    869
  1555    869
  1556    869
  1557    869
  1558    869
  1559    869
  1560    869
  1561    869
  1562    869
  1563    869
  1539    870
  1540    870
  1541    870
  1542    870
  1543    870
  1544    870
  1545    870
  1546    870
  1547    870
  1548    870
  1549    870
  1550    870
  1551    870
  1552    870
  1553    870
  1554    870
  1555    870
  1556    870
  1557    870
  1558    870
  1559    870
  1560    870
  1561    870
  1537    871
  1538    871
  1539    871
  1540    871
  1541    871
  1542    871
  1543    871
  1544    871
  1545    871
  1546    871
  1547    871
  1548    871
  1549    871
  1550    871
  1551    871
  1552    871
  1553    871
  1554    871
  1555    871
  1556    871
  1557    871
  1558    871
  1559    871
  1535    872
  1536    872
  1537    872
  1538    872
  1539    872
  1540    872
  1541    872
  1542    872
  1543    872
  1544    872
  1545    872
  1546    872
  1547    872
  1548    872
  1549    872
  1550    872
  1551    872
  1552    872
  1553    872
  1554    872
  1555    872
  1556    872
  1557    872
  1558    872
  1534    873
  1535    873
  1536    873
  1537    873
  1538    873
  1539    873
  1540    873
  1541    873
  1542    873
  1543    873
  1544    873
  1545    873
  1546    873
  1547    873
  1548    873
  1549    873
  1550    873
  1551    873
  1552    873
  1553    873
  1554    873
  1555    873
  1556    873
  1557    873
  1533    874
  1534    874
  1535    874
  1536    874
  1537    874
  1538    874
  1539    874
  1540    874
  1541    874
  1542    874
  1543    874
  1544    874
  1545    874
  1546    874
  1547    874
  1548    874
  1549    874
  1550    874
  1551    874
  1552    874
  1553    874
  1554    874
  1555    874
  1556    874
  1531    875
  1532    875
  1533    875
  1534    875
  1535    875
  1536    875
  1537    875
  1538    875
  1539    875
  1540    875
  1541    875
  1542    875
  1543    875
  1544    875
  1545    875
  1546    875
  1547    875
  1548    875
  1549    875
  1550    875
  1551    875
  1552    875
  1553    875
  1554    875
  1530    876
  1531    876
  1532    876
  1533    876
  1534    876
  1535    876
  1536    876
  1537    876
  1538    876
  1539    876
  1540    876
  1541    876
  1542    876
  1543    876
  1544    876
  1545    876
  1546    876
  1547    876
  1548    876
  1549    876
  1550    876
  1551    876
  1552    876
  1528    877
  1529    877
  1530    877
  1531    877
  1532    877
  1533    877
  1534    877
  1535    877
  1536    877
  1537    877
  1538    877
  1539    877
  1540    877
  1541    877
  1542    877
  1543    877
  1544    877
  1545    877
  1546    877
  1547    877
  1548    877
  1549    877
  1550    877
  1551    877
  1526    878
  1527    878
  1528    878
  1529    878
  1530    878
  1531    878
  1532    878
  1533    878
  1534    878
  1535    878
  1536    878
  1537    878
  1538    878
  1539    878
  1540    878
  1541    878
  1542    878
  1543    878
  1544    878
  1545    878
  1546    878
  1547    878
  1548    878
  1549    878
  1550    878
  1525    879
  1526    879
  1527    879
  1528    879
  1529    879
  1530    879
  1531    879
  1532    879
  1533    879
  1534    879
  1535    879
  1536    879
  1537    879
  1538    879
  1539    879
  1540    879
  1541    879
  1542    879
  1543    879
  1544    879
  1545    879
  1546    879
  1547    879
  1548    879
  1524    880
  1525    880
  1526    880
  1527    880
  1528    880
  1529    880
  1530    880
  1531    880
  1532    880
  1533    880
  1534    880
  1535    880
  1536    880
  1537    880
  1538    880
  1539    880
  1540    880
  1541    880
  1542    880
  1543    880
  1544    880
  1545    880
  1546    880
  1547    880
  1522    881
  1523    881
  1524    881
  1525    881
  1526    881
  1527    881
  1528    881
  1529    881
  1530    881
  1531    881
  1532    881
  1533    881
  1534    881
  1535    881
  1536    881
  1537    881
  1538    881
  1539    881
  1540    881
  1541    881
  1542    881
  1543    881
  1544    881
  1545    881
  1520    882
  1521    882
  1522    882
  1523    882
  1524    882
  1525    882
  1526    882
  1527    882
  1528    882
  1529    882
  1530    882
  1531    882
  1532    882
  1533    882
  1534    882
  1535    882
  1536    882
  1537    882
  1538    882
  1539    882
  1540    882
  1541    882
  1542    882
  1543    882
  1544    882
  1545    882
  1519    883
  1520    883
  1521    883
  1522    883
  1523    883
  1524    883
  1525    883
  1526    883
  1527    883
  1528    883
  1529    883
  1530    883
  1531    883
  1532    883
  1533    883
  1534    883
  1535    883
  1536    883
  1537    883
  1538    883
  1539    883
  1540    883
  1541    883
  1542    883
  1543    883
  1518    884
  1519    884
  1520    884
  1521    884
  1522    884
  1523    884
  1524    884
  1525    884
  1526    884
  1527    884
  1528    884
  1529    884
  1530    884
  1531    884
  1532    884
  1533    884
  1534    884
  1535    884
  1536    884
  1537    884
  1538    884
  1539    884
  1540    884
  1541    884
  1542    884
  1517    885
  1518    885
  1519    885
  1520    885
  1521    885
  1522    885
  1523    885
  1524    885
  1525    885
  1526    885
  1527    885
  1528    885
  1529    885
  1530    885
  1531    885
  1532    885
  1533    885
  1534    885
  1535    885
  1536    885
  1537    885
  1538    885
  1539    885
  1540    885
  1541    885
  1515    886
  1516    886
  1517    886
  1518    886
  1519    886
  1520    886
  1521    886
  1522    886
  1523    886
  1524    886
  1525    886
  1526    886
  1527    886
  1528    886
  1529    886
  1530    886
  1531    886
  1532    886
  1533    886
  1534    886
  1535    886
  1536    886
  1537    886
  1538    886
  1539    886
  1514    887
  1515    887
  1516    887
  1517    887
  1518    887
  1519    887
  1520    887
  1521    887
  1522    887
  1523    887
  1524    887
  1525    887
  1526    887
  1527    887
  1528    887
  1529    887
  1530    887
  1531    887
  1532    887
  1533    887
  1534    887
  1535    887
  1536    887
  1537    887
  1538    887
  1513    888
  1514    888
  1515    888
  1516    888
  1517    888
  1518    888
  1519    888
  1520    888
  1521    888
  1522    888
  1523    888
  1524    888
  1525    888
  1526    888
  1527    888
  1528    888
  1529    888
  1530    888
  1531    888
  1532    888
  1533    888
  1534    888
  1535    888
  1536    888
  1537    888
  1514    889
  1515    889
  1516    889
  1517    889
  1518    889
  1519    889
  1520    889
  1521    889
  1522    889
  1523    889
  1524    889
  1525    889
  1526    889
  1527    889
  1528    889
  1529    889
  1530    889
  1531    889
  1532    889
  1533    889
  1534    889
  1535    889
  1536    889
  1515    890
  1516    890
  1517    890
  1518    890
  1519    890
  1520    890
  1521    890
  1522    890
  1523    890
  1524    890
  1525    890
  1526    890
  1527    890
  1528    890
  1529    890
  1530    890
  1531    890
  1532    890
  1533    890
  1534    890
  1535    890
  1516    891
  1517    891
  1518    891
  1519    891
  1520    891
  1521    891
  1522    891
  1523    891
  1524    891
  1525    891
  1526    891
  1527    891
  1528    891
  1529    891
  1530    891
  1531    891
  1532    891
  1533    891
  1522    892
  1523    892
  1524    892
  1525    892
  1526    892
  1527    892
  1528    892
  1529    892
  1530    892
  1531    892
  1525    893
  1526    893
  1527    893
  1528    893
  1529    893
  1530    893
