   896    730
   897    730
   898    730
   899    730
   900    730
   901    730
   896    731
   897    731
   898    731
   899    731
   900    731
   901    731
   896    732
   897    732
   898    732
   899    732
   900    732
   901    732
   896    733
   897    733
   898    733
   899    733
   900    733
   901    733
   896    734
   897    734
   898    734
   899    734
   900    734
   901    734
   896    735
   897    735
   898    735
   899    735
   900    735
   901    735
   895    736
   896    736
   897    736
   898    736
   899    736
   900    736
   901    736
   895    737
   896    737
   897    737
   898    737
   899    737
   900    737
   901    737
   895    738
   896    738
   897    738
   898    738
   899    738
   900    738
   901    738
   895    739
   896    739
   897    739
   898    739
   899    739
   900    739
   901    739
   895    740
   896    740
   897    740
   898    740
   899    740
   900    740
   901    740
   895    741
   896    741
   897    741
   898    741
   899    741
   900    741
   901    741
   895    742
   896    742
   897    742
   898    742
   899    742
   900    742
   901    742
   894    743
   895    743
   896    743
   897    743
   898    743
   899    743
   900    743
   901    743
   894    744
   895    744
   896    744
   897    744
   898    744
   899    744
   900    744
   901    744
   894    745
   895    745
   896    745
   897    745
   898    745
   899    745
   900    745
   901    745
   894    746
   895    746
   896    746
   897    746
   898    746
   899    746
   900    746
   901    746
   894    747
   895    747
   896    747
   897    747
   898    747
   899    747
   900    747
   901    747
   894    748
   895    748
   896    748
   897    748
   898    748
   899    748
   900    748
   901    748
   894    749
   895    749
   896    749
   897    749
   898    749
   899    749
   900    749
   901    749
   893    750
   894    750
   895    750
   896    750
   897    750
   898    750
   899    750
   900    750
   893    751
   894    751
   895    751
   896    751
   897    751
   898    751
   899    751
   900    751
   893    752
   894    752
   895    752
   896    752
   897    752
   898    752
   899    752
   900    752
   893    753
   894    753
   895    753
   896    753
   897    753
   898    753
   899    753
   900    753
   893    754
   894    754
   895    754
   896    754
   897    754
   898    754
   899    754
   900    754
   892    755
   893    755
   894    755
   895    755
   896    755
   897    755
   898    755
   899    755
   900    755
   901    755
   893    756
   894    756
   895    756
   896    756
   897    756
   898    756
   899    756
   900    756
   901    756
   893    757
   894    757
   895    757
   896    757
   897    757
   898    757
   899    757
   900    757
   901    757
   892    758
   893    758
   894    758
   895    758
   896    758
   897    758
   898    758
   899    758
   900    758
   901    758
   892    759
   893    759
   894    759
   895    759
   896    759
   897    759
   898    759
   899    759
   900    759
   901    759
   892    760
   893    760
   894    760
   895    760
   896    760
   897    760
   898    760
   899    760
   900    760
   901    760
   892    761
   893    761
   894    761
   895    761
   896    761
   897    761
   898    761
   899    761
   900    761
   901    761
   892    762
   893    762
   894    762
   895    762
   896    762
   897    762
   898    762
   899    762
   900    762
   901    762
   892    763
   893    763
   894    763
   895    763
   896    763
   897    763
   898    763
   899    763
   900    763
   901    763
   892    764
   893    764
   894    764
   895    764
   896    764
   897    764
   898    764
   899    764
   900    764
   901    764
   892    765
   893    765
   894    765
   895    765
   896    765
   897    765
   898    765
   899    765
   900    765
   901    765
   891    766
   892    766
   893    766
   894    766
   895    766
   896    766
   897    766
   898    766
   899    766
   900    766
   891    767
   892    767
   893    767
   894    767
   895    767
   896    767
   897    767
   898    767
   899    767
   900    767
   891    768
   892    768
   893    768
   894    768
   895    768
   896    768
   897    768
   898    768
   899    768
   900    768
   891    769
   892    769
   893    769
   894    769
   895    769
   896    769
   897    769
   898    769
   899    769
   900    769
   901    769
   891    770
   892    770
   893    770
   894    770
   895    770
   896    770
   897    770
   898    770
   899    770
   900    770
   901    770
   891    771
   892    771
   893    771
   894    771
   895    771
   896    771
   897    771
   898    771
   899    771
   900    771
   901    771
   891    772
   892    772
   893    772
   894    772
   895    772
   896    772
   897    772
   898    772
   899    772
   900    772
   901    772
   891    773
   892    773
   893    773
   894    773
   895    773
   896    773
   897    773
   898    773
   899    773
   900    773
   901    773
   891    774
   892    774
   893    774
   894    774
   895    774
   896    774
   897    774
   898    774
   899    774
   900    774
   901    774
   890    775
   891    775
   892    775
   893    775
   894    775
   895    775
   896    775
   897    775
   898    775
   899    775
   900    775
   901    775
   799    776
   800    776
   801    776
   802    776
   803    776
   804    776
   805    776
   806    776
   807    776
   808    776
   809    776
   810    776
   811    776
   812    776
   813    776
   814    776
   815    776
   816    776
   817    776
   890    776
   891    776
   892    776
   893    776
   894    776
   895    776
   896    776
   897    776
   898    776
   899    776
   900    776
   901    776
   787    777
   788    777
   789    777
   790    777
   791    777
   792    777
   793    777
   794    777
   795    777
   796    777
   797    777
   798    777
   799    777
   800    777
   801    777
   802    777
   803    777
   804    777
   805    777
   806    777
   807    777
   808    777
   809    777
   810    777
   811    777
   812    777
   815    777
   816    777
   817    777
   818    777
   819    777
   820    777
   821    777
   822    777
   823    777
   824    777
   825    777
   826    777
   827    777
   828    777
   829    777
   830    777
   832    777
   833    777
   834    777
   835    777
   836    777
   890    777
   891    777
   892    777
   893    777
   894    777
   895    777
   896    777
   897    777
   898    777
   899    777
   900    777
   901    777
   825    778
   826    778
   827    778
   828    778
   829    778
   830    778
   831    778
   832    778
   833    778
   834    778
   835    778
   836    778
   837    778
   838    778
   839    778
   840    778
   841    778
   842    778
   843    778
   844    778
   845    778
   846    778
   847    778
   848    778
   849    778
   850    778
   851    778
   852    778
   853    778
   854    778
   855    778
   856    778
   890    778
   891    778
   892    778
   893    778
   894    778
   895    778
   896    778
   897    778
   898    778
   899    778
   900    778
   901    778
   836    779
   837    779
   838    779
   839    779
   840    779
   841    779
   842    779
   843    779
   844    779
   845    779
   846    779
   847    779
   848    779
   849    779
   850    779
   851    779
   852    779
   853    779
   854    779
   855    779
   856    779
   857    779
   858    779
   859    779
   860    779
   861    779
   862    779
   863    779
   864    779
   865    779
   866    779
   867    779
   868    779
   890    779
   891    779
   892    779
   893    779
   894    779
   895    779
   896    779
   897    779
   898    779
   899    779
   900    779
   901    779
   843    780
   844    780
   845    780
   846    780
   847    780
   848    780
   849    780
   850    780
   851    780
   852    780
   853    780
   854    780
   855    780
   856    780
   857    780
   858    780
   859    780
   860    780
   861    780
   862    780
   863    780
   865    780
   866    780
   867    780
   868    780
   869    780
   870    780
   871    780
   872    780
   873    780
   874    780
   875    780
   876    780
   877    780
   890    780
   891    780
   892    780
   893    780
   894    780
   895    780
   896    780
   897    780
   898    780
   899    780
   900    780
   901    780
   787    781
   788    781
   789    781
   790    781
   800    781
   801    781
   802    781
   803    781
   804    781
   805    781
   806    781
   807    781
   808    781
   853    781
   854    781
   855    781
   856    781
   857    781
   858    781
   859    781
   860    781
   861    781
   862    781
   863    781
   864    781
   865    781
   866    781
   867    781
   868    781
   872    781
   874    781
   875    781
   876    781
   877    781
   878    781
   879    781
   880    781
   881    781
   882    781
   883    781
   884    781
   889    781
   890    781
   891    781
   892    781
   893    781
   894    781
   895    781
   896    781
   897    781
   898    781
   899    781
   900    781
   901    781
   833    782
   834    782
   835    782
   836    782
   837    782
   838    782
   839    782
   840    782
   841    782
   842    782
   843    782
   844    782
   845    782
   846    782
   847    782
   857    782
   858    782
   859    782
   860    782
   861    782
   862    782
   864    782
   865    782
   866    782
   867    782
   868    782
   869    782
   870    782
   871    782
   872    782
   873    782
   874    782
   875    782
   876    782
   877    782
   878    782
   881    782
   882    782
   883    782
   884    782
   890    782
   891    782
   892    782
   893    782
   894    782
   895    782
   896    782
   897    782
   898    782
   899    782
   900    782
   901    782
   774    783
   775    783
   785    783
   786    783
   787    783
   788    783
   789    783
   790    783
   791    783
   792    783
   795    783
   796    783
   800    783
   801    783
   802    783
   807    783
   808    783
   809    783
   810    783
   811    783
   812    783
   814    783
   826    783
   827    783
   828    783
   829    783
   830    783
   831    783
   832    783
   833    783
   834    783
   843    783
   844    783
   845    783
   846    783
   847    783
   848    783
   849    783
   850    783
   863    783
   864    783
   865    783
   866    783
   867    783
   868    783
   869    783
   870    783
   871    783
   872    783
   873    783
   874    783
   875    783
   876    783
   877    783
   878    783
   879    783
   880    783
   882    783
   883    783
   884    783
   885    783
   886    783
   887    783
   888    783
   890    783
   891    783
   892    783
   893    783
   894    783
   895    783
   896    783
   897    783
   764    784
   765    784
   766    784
   767    784
   768    784
   769    784
   770    784
   771    784
   800    784
   833    784
   834    784
   836    784
   837    784
   838    784
   839    784
   840    784
   841    784
   842    784
   843    784
   844    784
   845    784
   846    784
   847    784
   848    784
   849    784
   850    784
   852    784
   853    784
   854    784
   855    784
   856    784
   857    784
   858    784
   866    784
   867    784
   868    784
   869    784
   870    784
   871    784
   872    784
   873    784
   874    784
   875    784
   876    784
   877    784
   878    784
   879    784
   881    784
   882    784
   883    784
   884    784
   885    784
   886    784
   887    784
   888    784
   889    784
   890    784
   891    784
   892    784
   893    784
   894    784
   895    784
   896    784
   897    784
   898    784
   904    784
   905    784
   906    784
   907    784
   908    784
   756    785
   757    785
   758    785
   759    785
   760    785
   761    785
   848    785
   849    785
   850    785
   851    785
   852    785
   853    785
   854    785
   855    785
   856    785
   857    785
   858    785
   859    785
   860    785
   861    785
   862    785
   863    785
   864    785
   870    785
   871    785
   872    785
   873    785
   874    785
   875    785
   876    785
   877    785
   878    785
   879    785
   884    785
   885    785
   886    785
   887    785
   888    785
   889    785
   890    785
   891    785
   892    785
   893    785
   894    785
   895    785
   896    785
   897    785
   898    785
   899    785
   900    785
   901    785
   902    785
   905    785
   906    785
   907    785
   908    785
   909    785
   910    785
   911    785
   912    785
   913    785
   914    785
   915    785
   754    786
   755    786
   859    786
   860    786
   861    786
   862    786
   863    786
   864    786
   865    786
   866    786
   867    786
   868    786
   869    786
   870    786
   874    786
   884    786
   885    786
   886    786
   887    786
   888    786
   889    786
   890    786
   891    786
   892    786
   893    786
   894    786
   895    786
   897    786
   898    786
   899    786
   900    786
   901    786
   902    786
   903    786
   904    786
   905    786
   906    786
   907    786
   908    786
   909    786
   910    786
   911    786
   912    786
   913    786
   914    786
   915    786
   916    786
   917    786
   918    786
   919    786
   920    786
   921    786
   750    787
   751    787
   752    787
   753    787
   870    787
   871    787
   872    787
   873    787
   874    787
   875    787
   876    787
   877    787
   878    787
   879    787
   883    787
   884    787
   885    787
   886    787
   887    787
   888    787
   889    787
   890    787
   891    787
   892    787
   893    787
   894    787
   895    787
   896    787
   897    787
   898    787
   899    787
   900    787
   901    787
   902    787
   903    787
   904    787
   908    787
   909    787
   910    787
   911    787
   912    787
   913    787
   914    787
   915    787
   916    787
   917    787
   918    787
   919    787
   920    787
   921    787
   922    787
   923    787
   924    787
   925    787
   926    787
   927    787
   928    787
   737    788
   738    788
   739    788
   740    788
   741    788
   742    788
   743    788
   746    788
   747    788
   748    788
   749    788
   750    788
   886    788
   887    788
   888    788
   889    788
   890    788
   891    788
   892    788
   893    788
   894    788
   895    788
   896    788
   897    788
   898    788
   899    788
   900    788
   901    788
   902    788
   903    788
   904    788
   905    788
   911    788
   912    788
   913    788
   914    788
   915    788
   916    788
   917    788
   918    788
   919    788
   920    788
   921    788
   922    788
   923    788
   924    788
   925    788
   926    788
   927    788
   928    788
   929    788
   930    788
   931    788
   932    788
   933    788
   934    788
   935    788
   736    789
   737    789
   738    789
   739    789
   740    789
   741    789
   742    789
   743    789
   744    789
   745    789
   746    789
   890    789
   891    789
   892    789
   893    789
   894    789
   895    789
   896    789
   897    789
   898    789
   899    789
   900    789
   901    789
   902    789
   903    789
   904    789
   912    789
   913    789
   914    789
   915    789
   916    789
   917    789
   918    789
   919    789
   920    789
   921    789
   922    789
   923    789
   924    789
   925    789
   926    789
   927    789
   928    789
   929    789
   930    789
   931    789
   932    789
   933    789
   934    789
   935    789
   936    789
   937    789
   938    789
   939    789
   940    789
   941    789
   942    789
   943    789
   729    790
   730    790
   731    790
   732    790
   733    790
   734    790
   735    790
   736    790
   737    790
   738    790
   739    790
   740    790
   741    790
   742    790
   743    790
   744    790
   896    790
   899    790
   900    790
   901    790
   902    790
   903    790
   904    790
   905    790
   906    790
   907    790
   911    790
   912    790
   913    790
   914    790
   915    790
   916    790
   917    790
   918    790
   919    790
   920    790
   921    790
   922    790
   923    790
   924    790
   925    790
   926    790
   927    790
   928    790
   929    790
   930    790
   931    790
   932    790
   933    790
   934    790
   935    790
   936    790
   937    790
   938    790
   939    790
   940    790
   941    790
   942    790
   943    790
   944    790
   945    790
   946    790
   947    790
   948    790
   729    791
   730    791
   731    791
   732    791
   733    791
   734    791
   735    791
   736    791
   737    791
   738    791
   739    791
   740    791
   741    791
   742    791
   743    791
   744    791
   905    791
   911    791
   912    791
   913    791
   914    791
   915    791
   917    791
   918    791
   919    791
   920    791
   921    791
   922    791
   923    791
   924    791
   925    791
   926    791
   927    791
   928    791
   929    791
   930    791
   931    791
   932    791
   933    791
   934    791
   935    791
   936    791
   937    791
   938    791
   939    791
   940    791
   941    791
   942    791
   943    791
   944    791
   945    791
   946    791
   947    791
   948    791
   949    791
   950    791
   951    791
   952    791
   953    791
   954    791
   736    792
   737    792
   738    792
   739    792
   740    792
   917    792
   925    792
   926    792
   927    792
   928    792
   929    792
   930    792
   931    792
   932    792
   933    792
   934    792
   935    792
   936    792
   937    792
   938    792
   939    792
   940    792
   941    792
   942    792
   943    792
   944    792
   945    792
   946    792
   947    792
   948    792
   949    792
   950    792
   951    792
   952    792
   953    792
   954    792
   955    792
   956    792
   957    792
   958    792
   959    792
   960    792
   728    793
   729    793
   730    793
   731    793
   732    793
   733    793
   734    793
   735    793
   736    793
   920    793
   921    793
   922    793
   923    793
   924    793
   931    793
   932    793
   933    793
   934    793
   935    793
   936    793
   937    793
   938    793
   939    793
   940    793
   941    793
   942    793
   943    793
   944    793
   945    793
   946    793
   947    793
   948    793
   949    793
   950    793
   951    793
   952    793
   953    793
   954    793
   955    793
   956    793
   957    793
   958    793
   959    793
   960    793
   961    793
   962    793
   963    793
   964    793
   965    793
   966    793
   967    793
   720    794
   721    794
   722    794
   723    794
   724    794
   725    794
   726    794
   727    794
   728    794
   729    794
   730    794
   731    794
   732    794
   733    794
   925    794
   926    794
   927    794
   928    794
   929    794
   930    794
   943    794
   944    794
   945    794
   946    794
   947    794
   948    794
   949    794
   950    794
   951    794
   952    794
   953    794
   954    794
   955    794
   956    794
   959    794
   960    794
   961    794
   962    794
   964    794
   965    794
   966    794
   967    794
   968    794
   969    794
   970    794
   971    794
   972    794
   973    794
   974    794
   719    795
   720    795
   721    795
   722    795
   723    795
   724    795
   725    795
   726    795
   727    795
   728    795
   729    795
   730    795
   930    795
   931    795
   932    795
   933    795
   948    795
   949    795
   950    795
   951    795
   952    795
   953    795
   954    795
   955    795
   956    795
   957    795
   958    795
   959    795
   960    795
   961    795
   962    795
   966    795
   967    795
   968    795
   969    795
   970    795
   971    795
   972    795
   973    795
   974    795
   975    795
   976    795
