   896    730
   897    730
   898    730
   899    730
   900    730
   901    730
   896    731
   897    731
   898    731
   899    731
   900    731
   901    731
   896    732
   897    732
   898    732
   899    732
   900    732
   901    732
   896    733
   897    733
   898    733
   899    733
   900    733
   901    733
   895    734
   896    734
   897    734
   898    734
   899    734
   900    734
   901    734
   895    735
   896    735
   897    735
   898    735
   899    735
   900    735
   901    735
   895    736
   896    736
   897    736
   898    736
   899    736
   900    736
   901    736
   895    737
   896    737
   897    737
   898    737
   899    737
   900    737
   901    737
   895    738
   896    738
   897    738
   898    738
   899    738
   900    738
   901    738
   895    739
   896    739
   897    739
   898    739
   899    739
   900    739
   901    739
   895    740
   896    740
   897    740
   898    740
   899    740
   900    740
   901    740
   894    741
   895    741
   896    741
   897    741
   898    741
   899    741
   900    741
   901    741
   894    742
   895    742
   896    742
   897    742
   898    742
   899    742
   900    742
   901    742
   894    743
   895    743
   896    743
   897    743
   898    743
   899    743
   900    743
   901    743
   894    744
   895    744
   896    744
   897    744
   898    744
   899    744
   900    744
   901    744
   894    745
   895    745
   896    745
   897    745
   898    745
   899    745
   900    745
   901    745
   894    746
   895    746
   896    746
   897    746
   898    746
   899    746
   900    746
   901    746
   893    747
   894    747
   895    747
   896    747
   897    747
   898    747
   899    747
   900    747
   901    747
   893    748
   894    748
   895    748
   896    748
   897    748
   898    748
   899    748
   900    748
   901    748
   893    749
   894    749
   895    749
   896    749
   897    749
   898    749
   899    749
   900    749
   901    749
   893    750
   894    750
   895    750
   896    750
   897    750
   898    750
   899    750
   900    750
   901    750
   893    751
   894    751
   895    751
   896    751
   897    751
   898    751
   899    751
   900    751
   901    751
   893    752
   894    752
   895    752
   896    752
   897    752
   898    752
   899    752
   900    752
   901    752
   892    753
   893    753
   894    753
   895    753
   896    753
   897    753
   898    753
   899    753
   900    753
   901    753
   893    754
   894    754
   895    754
   896    754
   897    754
   898    754
   899    754
   900    754
   892    755
   893    755
   894    755
   895    755
   896    755
   897    755
   898    755
   899    755
   900    755
   901    755
   892    756
   893    756
   894    756
   895    756
   896    756
   897    756
   898    756
   899    756
   900    756
   901    756
   892    757
   893    757
   894    757
   895    757
   896    757
   897    757
   898    757
   899    757
   900    757
   901    757
   892    758
   893    758
   894    758
   895    758
   896    758
   897    758
   898    758
   899    758
   900    758
   901    758
   892    759
   893    759
   894    759
   895    759
   896    759
   897    759
   898    759
   899    759
   900    759
   901    759
   892    760
   893    760
   894    760
   895    760
   896    760
   897    760
   898    760
   899    760
   900    760
   901    760
   892    761
   893    761
   894    761
   895    761
   896    761
   897    761
   898    761
   899    761
   900    761
   901    761
   892    762
   893    762
   894    762
   895    762
   896    762
   897    762
   898    762
   899    762
   900    762
   901    762
   891    763
   892    763
   893    763
   894    763
   895    763
   896    763
   897    763
   898    763
   899    763
   900    763
   901    763
   892    764
   893    764
   894    764
   895    764
   896    764
   897    764
   898    764
   899    764
   900    764
   901    764
   892    765
   893    765
   894    765
   895    765
   896    765
   897    765
   898    765
   899    765
   900    765
   901    765
   891    766
   892    766
   893    766
   894    766
   895    766
   896    766
   897    766
   898    766
   899    766
   900    766
   901    766
   891    767
   892    767
   893    767
   894    767
   895    767
   896    767
   897    767
   898    767
   899    767
   900    767
   901    767
   891    768
   892    768
   893    768
   894    768
   895    768
   896    768
   897    768
   898    768
   899    768
   900    768
   901    768
   891    769
   892    769
   893    769
   894    769
   895    769
   896    769
   897    769
   898    769
   899    769
   900    769
   901    769
   891    770
   892    770
   893    770
   894    770
   895    770
   896    770
   897    770
   898    770
   899    770
   900    770
   901    770
   891    771
   892    771
   893    771
   894    771
   895    771
   896    771
   897    771
   898    771
   899    771
   900    771
   901    771
   890    772
   891    772
   892    772
   893    772
   894    772
   895    772
   896    772
   897    772
   898    772
   899    772
   900    772
   901    772
   890    773
   891    773
   892    773
   893    773
   894    773
   895    773
   896    773
   897    773
   898    773
   899    773
   900    773
   901    773
   808    774
   809    774
   810    774
   811    774
   812    774
   816    774
   890    774
   891    774
   892    774
   893    774
   894    774
   895    774
   896    774
   897    774
   898    774
   899    774
   900    774
   901    774
   793    775
   794    775
   795    775
   796    775
   797    775
   798    775
   799    775
   800    775
   801    775
   802    775
   803    775
   804    775
   805    775
   806    775
   807    775
   808    775
   809    775
   810    775
   811    775
   812    775
   813    775
   814    775
   815    775
   816    775
   817    775
   818    775
   819    775
   820    775
   821    775
   822    775
   823    775
   824    775
   825    775
   826    775
   827    775
   828    775
   829    775
   830    775
   831    775
   832    775
   833    775
   834    775
   835    775
   836    775
   837    775
   890    775
   891    775
   892    775
   893    775
   894    775
   895    775
   896    775
   897    775
   898    775
   899    775
   900    775
   901    775
   771    776
   772    776
   773    776
   774    776
   775    776
   776    776
   777    776
   778    776
   779    776
   780    776
   781    776
   782    776
   783    776
   784    776
   785    776
   786    776
   787    776
   792    776
   793    776
   794    776
   795    776
   796    776
   797    776
   798    776
   799    776
   800    776
   801    776
   802    776
   803    776
   804    776
   805    776
   806    776
   807    776
   808    776
   809    776
   810    776
   811    776
   812    776
   813    776
   814    776
   815    776
   816    776
   817    776
   818    776
   819    776
   820    776
   821    776
   822    776
   823    776
   824    776
   825    776
   826    776
   827    776
   828    776
   829    776
   830    776
   831    776
   832    776
   833    776
   834    776
   835    776
   836    776
   837    776
   838    776
   839    776
   840    776
   841    776
   842    776
   843    776
   844    776
   845    776
   846    776
   847    776
   848    776
   849    776
   850    776
   851    776
   852    776
   853    776
   854    776
   855    776
   856    776
   890    776
   891    776
   892    776
   893    776
   894    776
   895    776
   896    776
   897    776
   898    776
   899    776
   900    776
   901    776
   759    777
   794    777
   795    777
   796    777
   797    777
   798    777
   799    777
   800    777
   813    777
   814    777
   818    777
   819    777
   820    777
   821    777
   822    777
   823    777
   824    777
   825    777
   826    777
   827    777
   828    777
   829    777
   830    777
   831    777
   832    777
   833    777
   834    777
   835    777
   836    777
   837    777
   838    777
   839    777
   840    777
   841    777
   842    777
   843    777
   844    777
   845    777
   846    777
   847    777
   848    777
   849    777
   850    777
   851    777
   852    777
   853    777
   854    777
   855    777
   856    777
   857    777
   858    777
   859    777
   860    777
   861    777
   862    777
   863    777
   864    777
   865    777
   866    777
   890    777
   891    777
   892    777
   893    777
   894    777
   895    777
   896    777
   897    777
   898    777
   899    777
   900    777
   901    777
   770    778
   771    778
   772    778
   774    778
   775    778
   776    778
   779    778
   780    778
   781    778
   782    778
   783    778
   784    778
   785    778
   786    778
   787    778
   788    778
   789    778
   790    778
   791    778
   792    778
   793    778
   794    778
   795    778
   796    778
   797    778
   798    778
   799    778
   800    778
   801    778
   802    778
   803    778
   804    778
   805    778
   806    778
   807    778
   808    778
   811    778
   812    778
   813    778
   814    778
   815    778
   816    778
   817    778
   818    778
   819    778
   820    778
   821    778
   822    778
   823    778
   824    778
   825    778
   826    778
   827    778
   828    778
   829    778
   830    778
   831    778
   832    778
   833    778
   834    778
   835    778
   836    778
   837    778
   838    778
   839    778
   840    778
   841    778
   842    778
   843    778
   844    778
   845    778
   846    778
   847    778
   848    778
   849    778
   850    778
   851    778
   852    778
   853    778
   854    778
   855    778
   856    778
   857    778
   858    778
   859    778
   860    778
   861    778
   862    778
   863    778
   864    778
   865    778
   866    778
   867    778
   868    778
   869    778
   870    778
   871    778
   872    778
   873    778
   890    778
   891    778
   892    778
   893    778
   894    778
   895    778
   896    778
   897    778
   898    778
   899    778
   900    778
   901    778
   761    779
   764    779
   765    779
   766    779
   767    779
   768    779
   769    779
   770    779
   771    779
   772    779
   773    779
   774    779
   775    779
   776    779
   777    779
   778    779
   779    779
   780    779
   781    779
   782    779
   783    779
   784    779
   785    779
   786    779
   787    779
   788    779
   789    779
   790    779
   791    779
   792    779
   793    779
   794    779
   795    779
   796    779
   797    779
   798    779
   799    779
   800    779
   801    779
   802    779
   803    779
   804    779
   805    779
   806    779
   807    779
   808    779
   809    779
   810    779
   811    779
   812    779
   813    779
   814    779
   815    779
   816    779
   817    779
   818    779
   819    779
   820    779
   821    779
   822    779
   823    779
   824    779
   825    779
   826    779
   827    779
   828    779
   829    779
   830    779
   831    779
   832    779
   833    779
   834    779
   835    779
   836    779
   837    779
   838    779
   839    779
   840    779
   841    779
   842    779
   843    779
   844    779
   845    779
   846    779
   847    779
   848    779
   849    779
   850    779
   851    779
   852    779
   853    779
   854    779
   855    779
   856    779
   857    779
   858    779
   859    779
   860    779
   861    779
   862    779
   863    779
   864    779
   865    779
   866    779
   867    779
   868    779
   869    779
   870    779
   871    779
   872    779
   873    779
   874    779
   875    779
   876    779
   877    779
   878    779
   879    779
   880    779
   881    779
   882    779
   890    779
   891    779
   892    779
   893    779
   894    779
   895    779
   896    779
   897    779
   898    779
   899    779
   900    779
   901    779
   749    780
   750    780
   751    780
   752    780
   753    780
   754    780
   755    780
   756    780
   757    780
   758    780
   759    780
   760    780
   761    780
   762    780
   763    780
   764    780
   765    780
   766    780
   767    780
   768    780
   769    780
   770    780
   771    780
   772    780
   773    780
   774    780
   775    780
   776    780
   777    780
   778    780
   779    780
   780    780
   781    780
   782    780
   783    780
   784    780
   785    780
   786    780
   787    780
   788    780
   789    780
   790    780
   791    780
   792    780
   793    780
   794    780
   795    780
   796    780
   797    780
   798    780
   799    780
   800    780
   801    780
   802    780
   803    780
   804    780
   805    780
   806    780
   807    780
   808    780
   809    780
   810    780
   811    780
   812    780
   813    780
   814    780
   815    780
   816    780
   817    780
   818    780
   819    780
   820    780
   821    780
   822    780
   823    780
   824    780
   825    780
   826    780
   827    780
   828    780
   829    780
   830    780
   831    780
   832    780
   833    780
   834    780
   835    780
   836    780
   837    780
   838    780
   839    780
   840    780
   841    780
   842    780
   843    780
   844    780
   845    780
   846    780
   847    780
   848    780
   849    780
   850    780
   851    780
   852    780
   853    780
   854    780
   855    780
   856    780
   857    780
   858    780
   859    780
   860    780
   861    780
   862    780
   863    780
   864    780
   865    780
   866    780
   867    780
   868    780
   869    780
   870    780
   871    780
   872    780
   873    780
   874    780
   875    780
   876    780
   877    780
   878    780
   879    780
   880    780
   881    780
   882    780
   883    780
   884    780
   885    780
   886    780
   889    780
   890    780
   891    780
   892    780
   893    780
   894    780
   895    780
   896    780
   897    780
   898    780
   899    780
   900    780
   901    780
   750    781
   751    781
   755    781
   756    781
   757    781
   758    781
   759    781
   760    781
   761    781
   762    781
   763    781
   764    781
   765    781
   766    781
   767    781
   768    781
   769    781
   770    781
   771    781
   772    781
   773    781
   774    781
   775    781
   776    781
   777    781
   778    781
   779    781
   780    781
   781    781
   782    781
   783    781
   784    781
   785    781
   786    781
   787    781
   788    781
   789    781
   790    781
   791    781
   792    781
   793    781
   794    781
   795    781
   796    781
   797    781
   798    781
   799    781
   800    781
   801    781
   802    781
   803    781
   804    781
   805    781
   806    781
   807    781
   808    781
   809    781
   810    781
   811    781
   812    781
   813    781
   814    781
   815    781
   816    781
   817    781
   818    781
   819    781
   820    781
   821    781
   822    781
   823    781
   824    781
   825    781
   826    781
   827    781
   828    781
   829    781
   830    781
   831    781
   832    781
   833    781
   834    781
   835    781
   836    781
   837    781
   838    781
   839    781
   840    781
   841    781
   842    781
   843    781
   844    781
   845    781
   846    781
   847    781
   848    781
   849    781
   850    781
   851    781
   852    781
   853    781
   854    781
   855    781
   856    781
   857    781
   858    781
   859    781
   860    781
   861    781
   862    781
   863    781
   864    781
   865    781
   866    781
   867    781
   868    781
   869    781
   870    781
   871    781
   872    781
   873    781
   874    781
   875    781
   876    781
   877    781
   878    781
   879    781
   880    781
   881    781
   882    781
   883    781
   884    781
   885    781
   886    781
   887    781
   888    781
   889    781
   890    781
   891    781
   892    781
   893    781
   894    781
   895    781
   896    781
   897    781
   898    781
   899    781
   900    781
   901    781
   744    782
   748    782
   749    782
   750    782
   751    782
   752    782
   753    782
   754    782
   755    782
   756    782
   757    782
   758    782
   759    782
   760    782
   761    782
   762    782
   763    782
   764    782
   765    782
   766    782
   767    782
   768    782
   769    782
   770    782
   771    782
   772    782
   773    782
   774    782
   775    782
   776    782
   777    782
   778    782
   779    782
   780    782
   781    782
   782    782
   783    782
   784    782
   785    782
   786    782
   787    782
   788    782
   789    782
   790    782
   791    782
   792    782
   793    782
   794    782
   795    782
   796    782
   797    782
   798    782
   799    782
   800    782
   801    782
   802    782
   803    782
   804    782
   805    782
   806    782
   807    782
   808    782
   809    782
   827    782
   828    782
   829    782
   830    782
   831    782
   832    782
   833    782
   834    782
   835    782
   836    782
   837    782
   838    782
   839    782
   840    782
   841    782
   842    782
   843    782
   844    782
   845    782
   846    782
   847    782
   848    782
   849    782
   850    782
   851    782
   852    782
   853    782
   854    782
   855    782
   856    782
   857    782
   858    782
   859    782
   860    782
   861    782
   862    782
   863    782
   864    782
   865    782
   866    782
   867    782
   868    782
   869    782
   870    782
   871    782
   872    782
   873    782
   874    782
   875    782
   876    782
   877    782
   878    782
   879    782
   880    782
   881    782
   882    782
   883    782
   884    782
   885    782
   886    782
   887    782
   888    782
   889    782
   890    782
   891    782
   892    782
   893    782
   894    782
   895    782
   896    782
   897    782
   732    783
   733    783
   734    783
   735    783
   736    783
   737    783
   738    783
   739    783
   740    783
   741    783
   742    783
   743    783
   744    783
   745    783
   746    783
   747    783
   748    783
   749    783
   750    783
   751    783
   752    783
   753    783
   754    783
   755    783
   756    783
   757    783
   758    783
   759    783
   760    783
   761    783
   762    783
   763    783
   764    783
   765    783
   766    783
   767    783
   768    783
   769    783
   770    783
   771    783
   772    783
   773    783
   774    783
   775    783
   776    783
   785    783
   796    783
   797    783
   798    783
   799    783
   800    783
   813    783
   814    783
   815    783
   838    783
   839    783
   840    783
   841    783
   842    783
   843    783
   844    783
   845    783
   846    783
   847    783
   848    783
   849    783
   850    783
   851    783
   852    783
   853    783
   854    783
   855    783
   856    783
   857    783
   858    783
   859    783
   860    783
   861    783
   862    783
   863    783
   864    783
   865    783
   866    783
   867    783
   868    783
   869    783
   870    783
   871    783
   872    783
   873    783
   874    783
   875    783
   876    783
   877    783
   878    783
   879    783
   880    783
   881    783
   882    783
   883    783
   884    783
   885    783
   886    783
   887    783
   888    783
   889    783
   890    783
   891    783
   892    783
   893    783
   894    783
   895    783
   896    783
   897    783
   898    783
   899    783
   900    783
   901    783
   902    783
   903    783
   904    783
   905    783
   906    783
   907    783
   908    783
   909    783
   910    783
   911    783
   723    784
   724    784
   725    784
   726    784
   727    784
   728    784
   729    784
   730    784
   731    784
   732    784
   733    784
   734    784
   735    784
   736    784
   737    784
   738    784
   739    784
   740    784
   741    784
   742    784
   743    784
   744    784
   745    784
   746    784
   747    784
   748    784
   749    784
   750    784
   751    784
   752    784
   753    784
   754    784
   755    784
   756    784
   757    784
   758    784
   759    784
   760    784
   761    784
   762    784
   763    784
   764    784
   765    784
   766    784
   767    784
   768    784
   769    784
   770    784
   771    784
   785    784
   786    784
   797    784
   798    784
   848    784
   849    784
   850    784
   851    784
   854    784
   855    784
   856    784
   857    784
   858    784
   859    784
   860    784
   861    784
   862    784
   863    784
   864    784
   865    784
   866    784
   867    784
   868    784
   869    784
   870    784
   871    784
   872    784
   873    784
   874    784
   875    784
   876    784
   877    784
   878    784
   879    784
   880    784
   881    784
   882    784
   883    784
   884    784
   885    784
   886    784
   887    784
   888    784
   889    784
   890    784
   891    784
   892    784
   893    784
   894    784
   895    784
   896    784
   897    784
   898    784
   899    784
   900    784
   901    784
   902    784
   903    784
   904    784
   905    784
   906    784
   907    784
   908    784
   909    784
   910    784
   911    784
   912    784
   913    784
   914    784
   915    784
   916    784
   917    784
   918    784
   721    785
   722    785
   723    785
   724    785
   725    785
   726    785
   727    785
   728    785
   729    785
   730    785
   731    785
   732    785
   733    785
   734    785
   735    785
   736    785
   737    785
   738    785
   739    785
   740    785
   741    785
   742    785
   743    785
   744    785
   745    785
   746    785
   747    785
   748    785
   749    785
   750    785
   751    785
   752    785
   753    785
   754    785
   755    785
   756    785
   757    785
   758    785
   759    785
   760    785
   761    785
   762    785
   763    785
   764    785
   765    785
   766    785
   767    785
   849    785
   850    785
   864    785
   865    785
   866    785
   867    785
   868    785
   869    785
   870    785
   871    785
   872    785
   873    785
   874    785
   875    785
   876    785
   877    785
   878    785
   879    785
   880    785
   881    785
   882    785
   883    785
   884    785
   885    785
   886    785
   887    785
   888    785
   889    785
   890    785
   891    785
   892    785
   893    785
   894    785
   895    785
   896    785
   897    785
   898    785
   899    785
   900    785
   901    785
   902    785
   903    785
   904    785
   905    785
   906    785
   907    785
   908    785
   909    785
   910    785
   911    785
   912    785
   913    785
   914    785
   915    785
   916    785
   917    785
   918    785
   919    785
   920    785
   921    785
   922    785
   923    785
   924    785
   925    785
   719    786
   720    786
   721    786
   722    786
   723    786
   724    786
   725    786
   726    786
   727    786
   728    786
   729    786
   730    786
   731    786
   732    786
   733    786
   734    786
   735    786
   736    786
   737    786
   738    786
   739    786
   740    786
   741    786
   742    786
   743    786
   744    786
   745    786
   746    786
   747    786
   748    786
   749    786
   750    786
   751    786
   752    786
   753    786
   754    786
   755    786
   756    786
   757    786
   758    786
   759    786
   760    786
   761    786
   762    786
   763    786
   764    786
   765    786
   873    786
   874    786
   875    786
   876    786
   877    786
   878    786
   879    786
   880    786
   881    786
   882    786
   883    786
   884    786
   885    786
   886    786
   887    786
   888    786
   889    786
   890    786
   891    786
   892    786
   893    786
   894    786
   895    786
   896    786
   897    786
   898    786
   899    786
   900    786
   901    786
   902    786
   903    786
   904    786
   905    786
   906    786
   907    786
   908    786
   909    786
   910    786
   911    786
   912    786
   913    786
   914    786
   915    786
   916    786
   917    786
   918    786
   919    786
   920    786
   921    786
   922    786
   923    786
   924    786
   925    786
   926    786
   927    786
   928    786
   929    786
   930    786
   931    786
   717    787
   718    787
   719    787
   720    787
   721    787
   722    787
   723    787
   724    787
   725    787
   726    787
   727    787
   728    787
   729    787
   730    787
   731    787
   732    787
   733    787
   734    787
   735    787
   736    787
   737    787
   738    787
   739    787
   740    787
   741    787
   742    787
   743    787
   744    787
   745    787
   746    787
   747    787
   748    787
   749    787
   750    787
   751    787
   752    787
   753    787
   754    787
   755    787
   756    787
   757    787
   758    787
   759    787
   760    787
   761    787
   762    787
   763    787
   886    787
   887    787
   888    787
   889    787
   890    787
   891    787
   892    787
   893    787
   894    787
   895    787
   896    787
   897    787
   898    787
   899    787
   900    787
   901    787
   902    787
   903    787
   904    787
   905    787
   906    787
   907    787
   908    787
   909    787
   910    787
   911    787
   912    787
   913    787
   914    787
   915    787
   916    787
   917    787
   918    787
   919    787
   920    787
   921    787
   922    787
   923    787
   924    787
   925    787
   926    787
   927    787
   928    787
   929    787
   930    787
   931    787
   932    787
   933    787
   934    787
   935    787
   936    787
   937    787
   938    787
   715    788
   716    788
   717    788
   718    788
   719    788
   720    788
   721    788
   722    788
   723    788
   724    788
   725    788
   726    788
   727    788
   728    788
   729    788
   730    788
   731    788
   732    788
   733    788
   734    788
   735    788
   736    788
   737    788
   738    788
   739    788
   740    788
   741    788
   742    788
   743    788
   744    788
   745    788
   746    788
   747    788
   748    788
   749    788
   750    788
   751    788
   752    788
   753    788
   754    788
   755    788
   756    788
   757    788
   758    788
   759    788
   760    788
   890    788
   891    788
   892    788
   893    788
   894    788
   895    788
   896    788
   897    788
   898    788
   899    788
   900    788
   901    788
   902    788
   903    788
   904    788
   905    788
   906    788
   907    788
   908    788
   909    788
   910    788
   911    788
   912    788
   913    788
   914    788
   915    788
   916    788
   917    788
   918    788
   919    788
   920    788
   921    788
   922    788
   923    788
   924    788
   925    788
   926    788
   927    788
   928    788
   929    788
   930    788
   931    788
   932    788
   933    788
   934    788
   935    788
   936    788
   937    788
   938    788
   939    788
   940    788
   941    788
   942    788
   943    788
   713    789
   714    789
   715    789
   716    789
   717    789
   718    789
   719    789
   720    789
   721    789
   722    789
   723    789
   724    789
   725    789
   726    789
   727    789
   728    789
   729    789
   730    789
   731    789
   732    789
   733    789
   734    789
   735    789
   736    789
   737    789
   738    789
   739    789
   740    789
   741    789
   742    789
   743    789
   744    789
   745    789
   746    789
   747    789
   748    789
   749    789
   750    789
   751    789
   752    789
   753    789
   754    789
   755    789
   756    789
   757    789
   758    789
   759    789
   892    789
   893    789
   894    789
   895    789
   896    789
   898    789
   899    789
   900    789
   901    789
   902    789
   903    789
   904    789
   905    789
   906    789
   907    789
   908    789
   909    789
   910    789
   911    789
   912    789
   913    789
   914    789
   915    789
   916    789
   917    789
   918    789
   919    789
   920    789
   921    789
   922    789
   923    789
   924    789
   925    789
   926    789
   927    789
   928    789
   929    789
   930    789
   931    789
   932    789
   933    789
   934    789
   935    789
   936    789
   937    789
   938    789
   939    789
   940    789
   941    789
   942    789
   943    789
   944    789
   945    789
   946    789
   947    789
   948    789
   949    789
   711    790
   712    790
   713    790
   714    790
   715    790
   716    790
   717    790
   718    790
   719    790
   720    790
   721    790
   722    790
   723    790
   724    790
   725    790
   726    790
   727    790
   728    790
   729    790
   730    790
   731    790
   732    790
   733    790
   734    790
   735    790
   736    790
   737    790
   738    790
   739    790
   740    790
   741    790
   742    790
   743    790
   744    790
   745    790
   746    790
   747    790
   748    790
   749    790
   750    790
   751    790
   752    790
   753    790
   754    790
   755    790
   756    790
   908    790
   909    790
   910    790
   911    790
   912    790
   913    790
   914    790
   915    790
   916    790
   917    790
   918    790
   919    790
   920    790
   921    790
   922    790
   923    790
   924    790
   925    790
   926    790
   927    790
   928    790
   929    790
   930    790
   931    790
   932    790
   933    790
   934    790
   935    790
   936    790
   937    790
   938    790
   939    790
   940    790
   941    790
   942    790
   943    790
   944    790
   945    790
   946    790
   947    790
   948    790
   949    790
   950    790
   951    790
   952    790
   953    790
   954    790
   955    790
   956    790
   709    791
   710    791
   711    791
   712    791
   713    791
   714    791
   715    791
   716    791
   717    791
   718    791
   719    791
   720    791
   721    791
   722    791
   723    791
   724    791
   725    791
   726    791
   727    791
   728    791
   729    791
   730    791
   731    791
   732    791
   733    791
   734    791
   735    791
   736    791
   737    791
   738    791
   739    791
   740    791
   741    791
   742    791
   743    791
   744    791
   745    791
   746    791
   747    791
   748    791
   749    791
   750    791
   751    791
   752    791
   753    791
   754    791
   915    791
   916    791
   917    791
   918    791
   919    791
   920    791
   921    791
   922    791
   923    791
   924    791
   925    791
   926    791
   927    791
   928    791
   929    791
   930    791
   931    791
   932    791
   933    791
   934    791
   935    791
   936    791
   937    791
   938    791
   939    791
   940    791
   941    791
   942    791
   943    791
   944    791
   945    791
   946    791
   947    791
   948    791
   949    791
   950    791
   951    791
   952    791
   953    791
   954    791
   955    791
   956    791
   957    791
   958    791
   959    791
   960    791
   961    791
   962    791
   963    791
   707    792
   708    792
   709    792
   710    792
   711    792
   712    792
   713    792
   714    792
   715    792
   716    792
   717    792
   718    792
   719    792
   720    792
   721    792
   722    792
   723    792
   724    792
   725    792
   726    792
   727    792
   728    792
   729    792
   730    792
   731    792
   732    792
   733    792
   734    792
   735    792
   736    792
   737    792
   738    792
   739    792
   740    792
   741    792
   742    792
   743    792
   744    792
   745    792
   746    792
   747    792
   748    792
   749    792
   919    792
   920    792
   921    792
   922    792
   923    792
   924    792
   925    792
   926    792
   927    792
   928    792
   929    792
   930    792
   931    792
   932    792
   933    792
   934    792
   935    792
   936    792
   937    792
   938    792
   939    792
   940    792
   941    792
   942    792
   943    792
   944    792
   945    792
   946    792
   947    792
   948    792
   949    792
   950    792
   951    792
   952    792
   953    792
   954    792
   955    792
   956    792
   957    792
   958    792
   959    792
   960    792
   961    792
   962    792
   963    792
   964    792
   965    792
   966    792
   967    792
   968    792
   969    792
   705    793
   706    793
   707    793
   708    793
   709    793
   710    793
   711    793
   712    793
   713    793
   714    793
   715    793
   716    793
   717    793
   718    793
   719    793
   720    793
   721    793
   722    793
   723    793
   724    793
   725    793
   726    793
   727    793
   728    793
   729    793
   730    793
   731    793
   732    793
   733    793
   734    793
   735    793
   736    793
   737    793
   738    793
   739    793
   740    793
   741    793
   742    793
   743    793
   744    793
   745    793
   746    793
   747    793
   748    793
   924    793
   925    793
   926    793
   927    793
   928    793
   929    793
   930    793
   931    793
   932    793
   933    793
   934    793
   935    793
   936    793
   937    793
   938    793
   939    793
   940    793
   941    793
   942    793
   943    793
   944    793
   945    793
   946    793
   947    793
   948    793
   949    793
   950    793
   951    793
   952    793
   953    793
   954    793
   955    793
   956    793
   957    793
   958    793
   959    793
   960    793
   961    793
   962    793
   963    793
   964    793
   965    793
   966    793
   967    793
   968    793
   969    793
   970    793
   971    793
   972    793
   973    793
   974    793
   975    793
   703    794
   704    794
   705    794
   706    794
   707    794
   708    794
   709    794
   710    794
   711    794
   712    794
   713    794
   714    794
   715    794
   716    794
   717    794
   718    794
   719    794
   720    794
   721    794
   722    794
   723    794
   724    794
   725    794
   726    794
   727    794
   728    794
   729    794
   730    794
   731    794
   732    794
   733    794
   734    794
   735    794
   736    794
   737    794
   738    794
   739    794
   740    794
   741    794
   742    794
   743    794
   744    794
   745    794
   746    794
   747    794
   929    794
   930    794
   931    794
   932    794
   933    794
   934    794
   935    794
   936    794
   937    794
   938    794
   939    794
   940    794
   941    794
   942    794
   943    794
   944    794
   946    794
   947    794
   948    794
   949    794
   950    794
   951    794
   952    794
   953    794
   954    794
   955    794
   956    794
   957    794
   958    794
   959    794
   960    794
   961    794
   962    794
   963    794
   964    794
   965    794
   966    794
   967    794
   968    794
   969    794
   970    794
   971    794
   972    794
   973    794
   974    794
   975    794
   976    794
   977    794
   978    794
   979    794
   980    794
   701    795
   702    795
   703    795
   704    795
   705    795
   706    795
   707    795
   708    795
   709    795
   710    795
   711    795
   712    795
   713    795
   714    795
   715    795
   716    795
   717    795
   718    795
   719    795
   720    795
   721    795
   722    795
   723    795
   724    795
   725    795
   726    795
   727    795
   728    795
   729    795
   730    795
   731    795
   732    795
   733    795
   734    795
   735    795
   736    795
   737    795
   738    795
   739    795
   740    795
   741    795
   742    795
   743    795
   744    795
   745    795
   746    795
   938    795
   939    795
   940    795
   941    795
   942    795
   943    795
   944    795
   945    795
   946    795
   951    795
   952    795
   953    795
   954    795
   955    795
   956    795
   957    795
   958    795
   959    795
   960    795
   961    795
   962    795
   963    795
   964    795
   965    795
   966    795
   967    795
   968    795
   969    795
   970    795
   971    795
   972    795
   973    795
   974    795
   975    795
   976    795
   977    795
   978    795
   979    795
   980    795
   981    795
   982    795
   983    795
