   894    730
   895    730
   896    730
   897    730
   898    730
   899    730
   894    731
   895    731
   896    731
   897    731
   898    731
   899    731
   894    732
   895    732
   896    732
   897    732
   898    732
   899    732
   894    733
   895    733
   896    733
   897    733
   898    733
   899    733
   894    734
   895    734
   896    734
   897    734
   898    734
   899    734
   893    735
   894    735
   895    735
   896    735
   897    735
   898    735
   899    735
   893    736
   894    736
   895    736
   896    736
   897    736
   898    736
   899    736
   893    737
   894    737
   895    737
   896    737
   897    737
   898    737
   899    737
   892    738
   893    738
   894    738
   895    738
   896    738
   897    738
   898    738
   892    739
   893    739
   894    739
   895    739
   896    739
   897    739
   898    739
   892    740
   893    740
   894    740
   895    740
   896    740
   897    740
   898    740
   892    741
   893    741
   894    741
   895    741
   896    741
   897    741
   898    741
   892    742
   893    742
   894    742
   895    742
   896    742
   897    742
   898    742
   891    743
   892    743
   893    743
   894    743
   895    743
   896    743
   897    743
   898    743
   891    744
   892    744
   893    744
   894    744
   895    744
   896    744
   897    744
   898    744
   891    745
   892    745
   893    745
   894    745
   895    745
   896    745
   897    745
   891    746
   892    746
   893    746
   894    746
   895    746
   896    746
   897    746
   890    747
   891    747
   892    747
   893    747
   894    747
   895    747
   896    747
   897    747
   890    748
   891    748
   892    748
   893    748
   894    748
   895    748
   896    748
   897    748
   890    749
   891    749
   892    749
   893    749
   894    749
   895    749
   896    749
   897    749
   890    750
   891    750
   892    750
   893    750
   894    750
   895    750
   896    750
   897    750
   890    751
   891    751
   892    751
   893    751
   894    751
   895    751
   896    751
   897    751
   890    752
   891    752
   892    752
   893    752
   894    752
   895    752
   896    752
   897    752
   890    753
   891    753
   892    753
   893    753
   894    753
   895    753
   896    753
   897    753
   889    754
   890    754
   891    754
   892    754
   893    754
   894    754
   895    754
   896    754
   897    754
   889    755
   890    755
   891    755
   892    755
   893    755
   894    755
   895    755
   896    755
   897    755
   889    756
   890    756
   891    756
   892    756
   893    756
   894    756
   895    756
   896    756
   897    756
   889    757
   890    757
   891    757
   892    757
   893    757
   894    757
   895    757
   896    757
   897    757
   888    758
   889    758
   890    758
   891    758
   892    758
   893    758
   894    758
   895    758
   896    758
   888    759
   889    759
   890    759
   891    759
   892    759
   893    759
   894    759
   895    759
   896    759
   888    760
   889    760
   890    760
   891    760
   892    760
   893    760
   894    760
   895    760
   896    760
   887    761
   888    761
   889    761
   890    761
   891    761
   892    761
   893    761
   894    761
   895    761
   896    761
   887    762
   888    762
   889    762
   890    762
   891    762
   892    762
   893    762
   894    762
   895    762
   896    762
   887    763
   888    763
   889    763
   890    763
   891    763
   892    763
   893    763
   894    763
   895    763
   896    763
   887    764
   888    764
   889    764
   890    764
   891    764
   892    764
   893    764
   894    764
   895    764
   896    764
   887    765
   888    765
   889    765
   890    765
   891    765
   892    765
   893    765
   894    765
   895    765
   896    765
   887    766
   888    766
   889    766
   890    766
   891    766
   892    766
   893    766
   894    766
   895    766
   886    767
   887    767
   888    767
   889    767
   890    767
   891    767
   892    767
   893    767
   894    767
   895    767
   886    768
   887    768
   888    768
   889    768
   890    768
   891    768
   892    768
   893    768
   894    768
   895    768
   886    769
   887    769
   888    769
   889    769
   890    769
   891    769
   892    769
   893    769
   894    769
   895    769
   885    770
   886    770
   887    770
   888    770
   889    770
   890    770
   891    770
   892    770
   893    770
   894    770
   895    770
   885    771
   886    771
   887    771
   888    771
   889    771
   890    771
   891    771
   892    771
   893    771
   894    771
   884    772
   885    772
   886    772
   887    772
   888    772
   889    772
   890    772
   891    772
   892    772
   893    772
   894    772
   884    773
   885    773
   886    773
   887    773
   888    773
   889    773
   890    773
   891    773
   892    773
   893    773
   894    773
   884    774
   885    774
   886    774
   887    774
   888    774
   889    774
   890    774
   891    774
   892    774
   893    774
   894    774
   785    775
   786    775
   787    775
   788    775
   789    775
   791    775
   792    775
   793    775
   794    775
   795    775
   796    775
   797    775
   798    775
   799    775
   800    775
   801    775
   802    775
   803    775
   804    775
   805    775
   806    775
   807    775
   808    775
   809    775
   810    775
   811    775
   812    775
   813    775
   814    775
   815    775
   816    775
   817    775
   818    775
   819    775
   820    775
   821    775
   822    775
   823    775
   824    775
   884    775
   885    775
   886    775
   887    775
   888    775
   889    775
   890    775
   891    775
   892    775
   893    775
   894    775
   762    776
   763    776
   775    776
   776    776
   777    776
   778    776
   779    776
   780    776
   781    776
   782    776
   783    776
   784    776
   785    776
   786    776
   787    776
   788    776
   789    776
   790    776
   791    776
   792    776
   793    776
   794    776
   795    776
   796    776
   797    776
   798    776
   799    776
   800    776
   801    776
   802    776
   803    776
   804    776
   805    776
   806    776
   807    776
   808    776
   809    776
   810    776
   811    776
   812    776
   813    776
   814    776
   815    776
   816    776
   817    776
   818    776
   819    776
   820    776
   821    776
   822    776
   823    776
   824    776
   825    776
   826    776
   827    776
   828    776
   829    776
   830    776
   831    776
   832    776
   833    776
   834    776
   835    776
   836    776
   837    776
   838    776
   839    776
   840    776
   841    776
   842    776
   843    776
   844    776
   883    776
   884    776
   885    776
   886    776
   887    776
   888    776
   889    776
   890    776
   891    776
   892    776
   893    776
   894    776
   752    777
   775    777
   776    777
   777    777
   778    777
   779    777
   780    777
   781    777
   782    777
   783    777
   784    777
   785    777
   786    777
   787    777
   788    777
   789    777
   790    777
   791    777
   792    777
   793    777
   794    777
   795    777
   796    777
   797    777
   798    777
   799    777
   800    777
   801    777
   802    777
   803    777
   804    777
   805    777
   806    777
   807    777
   808    777
   809    777
   810    777
   811    777
   812    777
   813    777
   814    777
   815    777
   816    777
   817    777
   818    777
   819    777
   820    777
   821    777
   822    777
   823    777
   824    777
   825    777
   826    777
   827    777
   828    777
   829    777
   830    777
   831    777
   832    777
   833    777
   834    777
   835    777
   836    777
   837    777
   838    777
   839    777
   840    777
   841    777
   842    777
   843    777
   844    777
   845    777
   846    777
   847    777
   848    777
   849    777
   850    777
   851    777
   852    777
   853    777
   854    777
   855    777
   856    777
   857    777
   858    777
   883    777
   884    777
   885    777
   886    777
   887    777
   888    777
   889    777
   890    777
   891    777
   892    777
   893    777
   894    777
   764    778
   765    778
   766    778
   767    778
   768    778
   769    778
   770    778
   771    778
   772    778
   773    778
   774    778
   775    778
   776    778
   777    778
   778    778
   779    778
   780    778
   781    778
   782    778
   783    778
   784    778
   785    778
   786    778
   787    778
   788    778
   789    778
   790    778
   791    778
   792    778
   793    778
   794    778
   795    778
   796    778
   797    778
   798    778
   799    778
   800    778
   801    778
   802    778
   803    778
   804    778
   805    778
   806    778
   807    778
   808    778
   809    778
   810    778
   811    778
   812    778
   813    778
   814    778
   815    778
   816    778
   817    778
   818    778
   819    778
   820    778
   821    778
   822    778
   823    778
   824    778
   825    778
   826    778
   827    778
   828    778
   829    778
   830    778
   831    778
   832    778
   833    778
   834    778
   835    778
   836    778
   837    778
   838    778
   839    778
   840    778
   841    778
   842    778
   843    778
   844    778
   845    778
   846    778
   847    778
   848    778
   849    778
   850    778
   851    778
   852    778
   853    778
   854    778
   855    778
   856    778
   857    778
   858    778
   859    778
   860    778
   861    778
   862    778
   863    778
   864    778
   865    778
   866    778
   868    778
   883    778
   884    778
   885    778
   886    778
   887    778
   888    778
   889    778
   890    778
   891    778
   892    778
   893    778
   894    778
   744    779
   745    779
   746    779
   747    779
   748    779
   749    779
   750    779
   751    779
   752    779
   753    779
   754    779
   755    779
   756    779
   757    779
   758    779
   759    779
   760    779
   761    779
   762    779
   763    779
   764    779
   765    779
   766    779
   767    779
   768    779
   769    779
   770    779
   771    779
   772    779
   773    779
   774    779
   775    779
   776    779
   777    779
   778    779
   779    779
   780    779
   781    779
   782    779
   783    779
   784    779
   785    779
   786    779
   787    779
   788    779
   789    779
   790    779
   791    779
   792    779
   793    779
   794    779
   795    779
   796    779
   797    779
   798    779
   799    779
   800    779
   801    779
   802    779
   803    779
   804    779
   805    779
   806    779
   807    779
   808    779
   809    779
   810    779
   811    779
   812    779
   813    779
   814    779
   815    779
   816    779
   817    779
   818    779
   819    779
   820    779
   821    779
   822    779
   823    779
   824    779
   825    779
   826    779
   827    779
   828    779
   829    779
   830    779
   831    779
   832    779
   833    779
   834    779
   835    779
   836    779
   837    779
   838    779
   839    779
   840    779
   841    779
   842    779
   843    779
   844    779
   845    779
   846    779
   847    779
   848    779
   849    779
   850    779
   851    779
   852    779
   853    779
   854    779
   855    779
   856    779
   857    779
   858    779
   859    779
   860    779
   861    779
   862    779
   863    779
   864    779
   865    779
   866    779
   867    779
   868    779
   869    779
   870    779
   871    779
   872    779
   873    779
   874    779
   875    779
   883    779
   884    779
   885    779
   886    779
   887    779
   888    779
   889    779
   890    779
   891    779
   892    779
   893    779
   894    779
   731    780
   732    780
   733    780
   734    780
   735    780
   736    780
   737    780
   738    780
   739    780
   740    780
   741    780
   742    780
   743    780
   744    780
   745    780
   746    780
   747    780
   748    780
   749    780
   750    780
   751    780
   752    780
   753    780
   754    780
   755    780
   756    780
   757    780
   758    780
   759    780
   760    780
   761    780
   762    780
   763    780
   764    780
   765    780
   766    780
   767    780
   768    780
   769    780
   770    780
   771    780
   772    780
   773    780
   774    780
   775    780
   776    780
   777    780
   778    780
   779    780
   780    780
   781    780
   782    780
   783    780
   784    780
   785    780
   786    780
   787    780
   788    780
   789    780
   790    780
   791    780
   792    780
   793    780
   794    780
   795    780
   796    780
   797    780
   798    780
   799    780
   800    780
   801    780
   802    780
   803    780
   804    780
   805    780
   806    780
   807    780
   808    780
   809    780
   810    780
   811    780
   812    780
   813    780
   814    780
   815    780
   816    780
   817    780
   818    780
   819    780
   820    780
   821    780
   822    780
   823    780
   824    780
   825    780
   826    780
   827    780
   828    780
   829    780
   830    780
   831    780
   832    780
   833    780
   834    780
   835    780
   836    780
   837    780
   838    780
   839    780
   840    780
   841    780
   842    780
   843    780
   844    780
   845    780
   846    780
   847    780
   848    780
   849    780
   850    780
   851    780
   852    780
   853    780
   854    780
   855    780
   856    780
   857    780
   858    780
   859    780
   860    780
   861    780
   862    780
   863    780
   864    780
   865    780
   866    780
   867    780
   868    780
   869    780
   870    780
   871    780
   872    780
   873    780
   874    780
   875    780
   876    780
   877    780
   878    780
   879    780
   880    780
   881    780
   882    780
   883    780
   884    780
   885    780
   886    780
   887    780
   888    780
   889    780
   890    780
   891    780
   892    780
   893    780
   894    780
   729    781
   730    781
   731    781
   732    781
   733    781
   734    781
   735    781
   736    781
   737    781
   738    781
   739    781
   740    781
   741    781
   742    781
   743    781
   744    781
   745    781
   746    781
   747    781
   748    781
   749    781
   750    781
   751    781
   752    781
   753    781
   754    781
   755    781
   756    781
   757    781
   758    781
   759    781
   760    781
   761    781
   762    781
   763    781
   764    781
   765    781
   766    781
   767    781
   768    781
   769    781
   770    781
   771    781
   772    781
   773    781
   774    781
   775    781
   776    781
   777    781
   778    781
   779    781
   780    781
   781    781
   783    781
   784    781
   785    781
   786    781
   787    781
   788    781
   789    781
   790    781
   791    781
   792    781
   793    781
   794    781
   795    781
   796    781
   797    781
   798    781
   799    781
   800    781
   801    781
   802    781
   803    781
   804    781
   805    781
   806    781
   807    781
   808    781
   809    781
   810    781
   811    781
   812    781
   813    781
   814    781
   815    781
   816    781
   817    781
   818    781
   819    781
   820    781
   821    781
   822    781
   823    781
   824    781
   825    781
   826    781
   827    781
   828    781
   829    781
   830    781
   831    781
   832    781
   833    781
   834    781
   835    781
   836    781
   837    781
   838    781
   839    781
   840    781
   841    781
   842    781
   843    781
   844    781
   845    781
   846    781
   847    781
   848    781
   849    781
   850    781
   851    781
   852    781
   853    781
   854    781
   855    781
   856    781
   857    781
   858    781
   859    781
   860    781
   861    781
   862    781
   863    781
   864    781
   865    781
   866    781
   867    781
   868    781
   869    781
   870    781
   871    781
   872    781
   873    781
   874    781
   875    781
   876    781
   877    781
   878    781
   879    781
   880    781
   881    781
   882    781
   883    781
   884    781
   886    781
   887    781
   888    781
   889    781
   890    781
   891    781
   892    781
   893    781
   727    782
   728    782
   729    782
   730    782
   731    782
   732    782
   733    782
   734    782
   735    782
   736    782
   737    782
   738    782
   739    782
   740    782
   741    782
   742    782
   743    782
   744    782
   745    782
   746    782
   747    782
   748    782
   750    782
   751    782
   752    782
   753    782
   754    782
   755    782
   756    782
   757    782
   758    782
   759    782
   760    782
   761    782
   762    782
   763    782
   764    782
   765    782
   766    782
   767    782
   768    782
   769    782
   770    782
   771    782
   772    782
   773    782
   774    782
   775    782
   776    782
   777    782
   778    782
   779    782
   780    782
   781    782
   782    782
   783    782
   784    782
   785    782
   786    782
   787    782
   788    782
   789    782
   790    782
   791    782
   792    782
   793    782
   801    782
   802    782
   803    782
   804    782
   805    782
   806    782
   807    782
   808    782
   823    782
   824    782
   825    782
   826    782
   827    782
   828    782
   829    782
   830    782
   831    782
   832    782
   833    782
   834    782
   835    782
   836    782
   837    782
   838    782
   839    782
   840    782
   841    782
   842    782
   843    782
   844    782
   845    782
   846    782
   847    782
   848    782
   849    782
   850    782
   851    782
   852    782
   853    782
   854    782
   855    782
   856    782
   857    782
   858    782
   859    782
   860    782
   861    782
   862    782
   863    782
   864    782
   865    782
   866    782
   867    782
   868    782
   869    782
   870    782
   871    782
   872    782
   873    782
   874    782
   875    782
   876    782
   877    782
   878    782
   879    782
   880    782
   881    782
   882    782
   883    782
   884    782
   885    782
   887    782
   888    782
   889    782
   890    782
   891    782
   892    782
   893    782
   894    782
   725    783
   726    783
   727    783
   728    783
   729    783
   730    783
   731    783
   732    783
   733    783
   734    783
   735    783
   736    783
   737    783
   738    783
   739    783
   740    783
   741    783
   742    783
   743    783
   744    783
   745    783
   746    783
   747    783
   748    783
   749    783
   750    783
   751    783
   752    783
   753    783
   754    783
   755    783
   756    783
   757    783
   758    783
   759    783
   760    783
   761    783
   762    783
   763    783
   764    783
   765    783
   766    783
   767    783
   769    783
   770    783
   771    783
   829    783
   830    783
   831    783
   832    783
   833    783
   834    783
   835    783
   836    783
   837    783
   838    783
   839    783
   840    783
   841    783
   842    783
   843    783
   844    783
   845    783
   846    783
   847    783
   848    783
   849    783
   850    783
   854    783
   855    783
   856    783
   857    783
   858    783
   859    783
   860    783
   861    783
   862    783
   863    783
   864    783
   865    783
   866    783
   867    783
   868    783
   869    783
   870    783
   871    783
   872    783
   873    783
   874    783
   875    783
   876    783
   877    783
   878    783
   879    783
   880    783
   881    783
   882    783
   883    783
   884    783
   885    783
   886    783
   887    783
   888    783
   889    783
   890    783
   891    783
   892    783
   893    783
   894    783
   895    783
   896    783
   897    783
   898    783
   899    783
   900    783
   901    783
   902    783
   903    783
   723    784
   724    784
   725    784
   726    784
   727    784
   728    784
   729    784
   730    784
   731    784
   732    784
   733    784
   734    784
   735    784
   736    784
   737    784
   738    784
   739    784
   740    784
   741    784
   742    784
   743    784
   846    784
   847    784
   848    784
   849    784
   850    784
   851    784
   852    784
   853    784
   854    784
   855    784
   856    784
   857    784
   858    784
   859    784
   860    784
   861    784
   862    784
   863    784
   864    784
   865    784
   866    784
   867    784
   868    784
   869    784
   870    784
   871    784
   872    784
   873    784
   874    784
   875    784
   876    784
   877    784
   878    784
   879    784
   880    784
   881    784
   882    784
   883    784
   884    784
   885    784
   886    784
   887    784
   888    784
   889    784
   890    784
   891    784
   892    784
   893    784
   894    784
   895    784
   896    784
   897    784
   898    784
   899    784
   900    784
   901    784
   902    784
   903    784
   904    784
   905    784
   906    784
   907    784
   908    784
   909    784
   910    784
   911    784
   721    785
   722    785
   723    785
   733    785
   734    785
   735    785
   858    785
   859    785
   860    785
   861    785
   862    785
   863    785
   864    785
   865    785
   866    785
   867    785
   868    785
   869    785
   870    785
   871    785
   872    785
   873    785
   874    785
   875    785
   876    785
   877    785
   878    785
   879    785
   880    785
   881    785
   882    785
   883    785
   884    785
   885    785
   886    785
   887    785
   888    785
   889    785
   890    785
   891    785
   892    785
   893    785
   894    785
   895    785
   896    785
   897    785
   898    785
   899    785
   900    785
   901    785
   902    785
   903    785
   904    785
   905    785
   906    785
   907    785
   908    785
   909    785
   910    785
   911    785
   912    785
   913    785
   914    785
   915    785
   916    785
   917    785
   918    785
   732    786
   733    786
   734    786
   735    786
   863    786
   864    786
   865    786
   866    786
   867    786
   868    786
   869    786
   870    786
   871    786
   872    786
   873    786
   874    786
   875    786
   876    786
   877    786
   878    786
   879    786
   880    786
   881    786
   882    786
   883    786
   884    786
   885    786
   886    786
   887    786
   888    786
   889    786
   890    786
   891    786
   892    786
   893    786
   894    786
   895    786
   896    786
   897    786
   898    786
   899    786
   900    786
   901    786
   902    786
   903    786
   904    786
   905    786
   906    786
   907    786
   908    786
   909    786
   910    786
   911    786
   912    786
   913    786
   914    786
   915    786
   916    786
   917    786
   918    786
   919    786
   920    786
   921    786
   922    786
   923    786
   924    786
   733    787
   734    787
   735    787
   878    787
   879    787
   880    787
   881    787
   882    787
   883    787
   884    787
   885    787
   886    787
   887    787
   888    787
   889    787
   890    787
   891    787
   892    787
   893    787
   894    787
   895    787
   896    787
   897    787
   898    787
   899    787
   900    787
   901    787
   902    787
   903    787
   904    787
   905    787
   906    787
   907    787
   908    787
   909    787
   910    787
   911    787
   912    787
   913    787
   914    787
   915    787
   916    787
   917    787
   918    787
   919    787
   920    787
   921    787
   922    787
   923    787
   924    787
   925    787
   926    787
   927    787
   928    787
   929    787
   930    787
   931    787
   884    788
   885    788
   886    788
   887    788
   888    788
   889    788
   890    788
   891    788
   892    788
   893    788
   894    788
   895    788
   896    788
   897    788
   898    788
   899    788
   900    788
   901    788
   902    788
   903    788
   904    788
   905    788
   906    788
   907    788
   908    788
   909    788
   910    788
   911    788
   912    788
   913    788
   914    788
   915    788
   916    788
   917    788
   918    788
   919    788
   920    788
   921    788
   922    788
   923    788
   924    788
   925    788
   926    788
   927    788
   928    788
   929    788
   930    788
   931    788
   932    788
   933    788
   934    788
   935    788
   936    788
   886    789
   887    789
   888    789
   889    789
   890    789
   891    789
   892    789
   893    789
   894    789
   895    789
   896    789
   897    789
   898    789
   899    789
   900    789
   901    789
   902    789
   903    789
   904    789
   905    789
   906    789
   907    789
   908    789
   909    789
   910    789
   911    789
   912    789
   913    789
   914    789
   915    789
   916    789
   917    789
   918    789
   919    789
   920    789
   921    789
   922    789
   923    789
   924    789
   925    789
   926    789
   927    789
   928    789
   929    789
   930    789
   931    789
   932    789
   933    789
   934    789
   935    789
   936    789
   937    789
   938    789
   939    789
   940    789
   941    789
   942    789
   898    790
   899    790
   900    790
   901    790
   902    790
   903    790
   904    790
   905    790
   906    790
   907    790
   908    790
   909    790
   910    790
   911    790
   912    790
   913    790
   914    790
   915    790
   916    790
   917    790
   918    790
   919    790
   920    790
   921    790
   922    790
   923    790
   924    790
   925    790
   926    790
   927    790
   928    790
   929    790
   930    790
   931    790
   932    790
   933    790
   934    790
   935    790
   936    790
   937    790
   938    790
   939    790
   940    790
   941    790
   942    790
   943    790
   944    790
   945    790
   946    790
   947    790
   948    790
   949    790
   904    791
   905    791
   906    791
   907    791
   908    791
   909    791
   910    791
   911    791
   912    791
   913    791
   914    791
   915    791
   916    791
   917    791
   918    791
   919    791
   920    791
   921    791
   922    791
   923    791
   924    791
   925    791
   926    791
   927    791
   928    791
   929    791
   930    791
   931    791
   932    791
   933    791
   934    791
   935    791
   936    791
   937    791
   938    791
   939    791
   940    791
   941    791
   942    791
   943    791
   944    791
   945    791
   946    791
   947    791
   948    791
   949    791
   950    791
   951    791
   952    791
   953    791
   954    791
   913    792
   914    792
   915    792
   916    792
   917    792
   918    792
   919    792
   920    792
   921    792
   922    792
   923    792
   924    792
   925    792
   926    792
   927    792
   928    792
   929    792
   930    792
   931    792
   932    792
   933    792
   934    792
   935    792
   936    792
   937    792
   938    792
   939    792
   940    792
   941    792
   942    792
   943    792
   944    792
   945    792
   946    792
   947    792
   948    792
   949    792
   950    792
   951    792
   952    792
   953    792
   954    792
   955    792
   956    792
   957    792
   958    792
   959    792
   920    793
   921    793
   922    793
   923    793
   924    793
   925    793
   926    793
   927    793
   928    793
   929    793
   930    793
   931    793
   932    793
   933    793
   934    793
   935    793
   936    793
   937    793
   938    793
   939    793
   940    793
   941    793
   942    793
   943    793
   944    793
   945    793
   946    793
   947    793
   948    793
   949    793
   950    793
   951    793
   952    793
   953    793
   954    793
   955    793
   956    793
   957    793
   958    793
   959    793
   960    793
   961    793
   962    793
   963    793
   964    793
   965    793
   966    793
   967    793
   927    794
   928    794
   929    794
   930    794
   931    794
   932    794
   933    794
   934    794
   935    794
   936    794
   937    794
   938    794
   939    794
   940    794
   941    794
   942    794
   943    794
   944    794
   945    794
   946    794
   947    794
   948    794
   949    794
   950    794
   951    794
   952    794
   953    794
   954    794
   955    794
   956    794
   957    794
   958    794
   959    794
   960    794
   961    794
   962    794
   963    794
   964    794
   965    794
   966    794
   967    794
   968    794
   969    794
   970    794
   971    794
   972    794
   973    794
   930    795
   931    795
   932    795
   933    795
   934    795
   935    795
   936    795
   937    795
   938    795
   939    795
   940    795
   941    795
   942    795
   943    795
   944    795
   945    795
   946    795
   947    795
   948    795
   949    795
   950    795
   951    795
   952    795
   953    795
   954    795
   955    795
   956    795
   957    795
   958    795
   959    795
   960    795
   961    795
   962    795
   963    795
   964    795
   965    795
   966    795
   967    795
   968    795
   969    795
   970    795
   971    795
   972    795
   973    795
   974    795
   975    795
