   894    730
   895    730
   896    730
   897    730
   898    730
   899    730
   894    731
   895    731
   896    731
   897    731
   898    731
   894    732
   895    732
   896    732
   897    732
   898    732
   893    733
   894    733
   895    733
   896    733
   897    733
   898    733
   893    734
   894    734
   895    734
   896    734
   897    734
   898    734
   893    735
   894    735
   895    735
   896    735
   897    735
   898    735
   893    736
   894    736
   895    736
   896    736
   897    736
   898    736
   893    737
   894    737
   895    737
   896    737
   897    737
   898    737
   893    738
   894    738
   895    738
   896    738
   897    738
   898    738
   892    739
   893    739
   894    739
   895    739
   896    739
   897    739
   898    739
   892    740
   893    740
   894    740
   895    740
   896    740
   897    740
   898    740
   892    741
   893    741
   894    741
   895    741
   896    741
   897    741
   898    741
   891    742
   892    742
   893    742
   894    742
   895    742
   896    742
   897    742
   891    743
   892    743
   893    743
   894    743
   895    743
   896    743
   897    743
   891    744
   892    744
   893    744
   894    744
   895    744
   896    744
   897    744
   891    745
   892    745
   893    745
   894    745
   895    745
   896    745
   897    745
   891    746
   892    746
   893    746
   894    746
   895    746
   896    746
   897    746
   890    747
   891    747
   892    747
   893    747
   894    747
   895    747
   896    747
   897    747
   890    748
   891    748
   892    748
   893    748
   894    748
   895    748
   896    748
   897    748
   890    749
   891    749
   892    749
   893    749
   894    749
   895    749
   896    749
   897    749
   890    750
   891    750
   892    750
   893    750
   894    750
   895    750
   896    750
   897    750
   889    751
   890    751
   891    751
   892    751
   893    751
   894    751
   895    751
   896    751
   889    752
   890    752
   891    752
   892    752
   893    752
   894    752
   895    752
   896    752
   889    753
   890    753
   891    753
   892    753
   893    753
   894    753
   895    753
   896    753
   889    754
   890    754
   891    754
   892    754
   893    754
   894    754
   895    754
   896    754
   889    755
   890    755
   891    755
   892    755
   893    755
   894    755
   895    755
   896    755
   889    756
   890    756
   891    756
   892    756
   893    756
   894    756
   895    756
   896    756
   889    757
   890    757
   891    757
   892    757
   893    757
   894    757
   895    757
   896    757
   888    758
   889    758
   890    758
   891    758
   892    758
   893    758
   894    758
   895    758
   896    758
   888    759
   889    759
   890    759
   891    759
   892    759
   893    759
   894    759
   895    759
   896    759
   888    760
   889    760
   890    760
   891    760
   892    760
   893    760
   894    760
   895    760
   896    760
   888    761
   889    761
   890    761
   891    761
   892    761
   893    761
   894    761
   895    761
   896    761
   888    762
   889    762
   890    762
   891    762
   892    762
   893    762
   894    762
   895    762
   896    762
   887    763
   888    763
   889    763
   890    763
   891    763
   892    763
   893    763
   894    763
   895    763
   896    763
   887    764
   888    764
   889    764
   890    764
   891    764
   892    764
   893    764
   894    764
   895    764
   896    764
   887    765
   888    765
   889    765
   890    765
   891    765
   892    765
   893    765
   894    765
   895    765
   896    765
   887    766
   888    766
   889    766
   890    766
   891    766
   892    766
   893    766
   894    766
   895    766
   886    767
   887    767
   888    767
   889    767
   890    767
   891    767
   892    767
   893    767
   894    767
   895    767
   886    768
   887    768
   888    768
   889    768
   890    768
   891    768
   892    768
   893    768
   894    768
   895    768
   886    769
   887    769
   888    769
   889    769
   890    769
   891    769
   892    769
   893    769
   894    769
   895    769
   885    770
   886    770
   887    770
   888    770
   889    770
   890    770
   891    770
   892    770
   893    770
   894    770
   895    770
   885    771
   886    771
   887    771
   888    771
   889    771
   890    771
   891    771
   892    771
   893    771
   894    771
   798    772
   799    772
   800    772
   801    772
   802    772
   803    772
   804    772
   805    772
   806    772
   807    772
   808    772
   809    772
   810    772
   811    772
   812    772
   813    772
   815    772
   816    772
   817    772
   818    772
   819    772
   820    772
   821    772
   822    772
   824    772
   825    772
   826    772
   885    772
   886    772
   887    772
   888    772
   889    772
   890    772
   891    772
   892    772
   893    772
   894    772
   787    773
   788    773
   789    773
   790    773
   791    773
   792    773
   793    773
   794    773
   795    773
   796    773
   797    773
   798    773
   799    773
   800    773
   801    773
   802    773
   803    773
   804    773
   805    773
   806    773
   807    773
   808    773
   809    773
   810    773
   811    773
   812    773
   813    773
   814    773
   815    773
   816    773
   817    773
   818    773
   819    773
   820    773
   821    773
   822    773
   823    773
   824    773
   825    773
   826    773
   827    773
   828    773
   829    773
   830    773
   831    773
   832    773
   833    773
   834    773
   835    773
   836    773
   837    773
   838    773
   839    773
   840    773
   841    773
   842    773
   843    773
   844    773
   845    773
   884    773
   885    773
   886    773
   887    773
   888    773
   889    773
   890    773
   891    773
   892    773
   893    773
   894    773
   781    774
   782    774
   783    774
   784    774
   785    774
   786    774
   787    774
   788    774
   789    774
   790    774
   791    774
   792    774
   793    774
   794    774
   795    774
   796    774
   797    774
   798    774
   799    774
   800    774
   801    774
   802    774
   803    774
   804    774
   805    774
   806    774
   807    774
   808    774
   809    774
   810    774
   811    774
   812    774
   813    774
   814    774
   815    774
   816    774
   817    774
   818    774
   819    774
   820    774
   821    774
   822    774
   823    774
   824    774
   825    774
   826    774
   827    774
   828    774
   829    774
   830    774
   831    774
   832    774
   833    774
   834    774
   835    774
   836    774
   837    774
   838    774
   839    774
   840    774
   841    774
   842    774
   843    774
   844    774
   845    774
   846    774
   847    774
   848    774
   849    774
   850    774
   851    774
   852    774
   853    774
   854    774
   855    774
   856    774
   857    774
   884    774
   885    774
   886    774
   887    774
   888    774
   889    774
   890    774
   891    774
   892    774
   893    774
   894    774
   765    775
   766    775
   767    775
   768    775
   769    775
   770    775
   771    775
   772    775
   773    775
   774    775
   775    775
   776    775
   777    775
   778    775
   779    775
   780    775
   781    775
   782    775
   783    775
   784    775
   785    775
   786    775
   787    775
   788    775
   789    775
   790    775
   791    775
   792    775
   793    775
   794    775
   795    775
   796    775
   797    775
   798    775
   799    775
   800    775
   801    775
   802    775
   803    775
   804    775
   805    775
   806    775
   807    775
   808    775
   809    775
   810    775
   818    775
   819    775
   820    775
   821    775
   822    775
   823    775
   824    775
   825    775
   826    775
   827    775
   828    775
   829    775
   830    775
   831    775
   832    775
   833    775
   834    775
   835    775
   836    775
   837    775
   838    775
   839    775
   840    775
   841    775
   842    775
   843    775
   844    775
   845    775
   846    775
   847    775
   848    775
   849    775
   850    775
   851    775
   852    775
   853    775
   854    775
   855    775
   856    775
   857    775
   858    775
   859    775
   860    775
   861    775
   862    775
   863    775
   864    775
   865    775
   866    775
   884    775
   885    775
   886    775
   887    775
   888    775
   889    775
   890    775
   891    775
   892    775
   893    775
   894    775
   747    776
   748    776
   749    776
   750    776
   751    776
   752    776
   753    776
   754    776
   755    776
   756    776
   757    776
   758    776
   759    776
   760    776
   761    776
   762    776
   763    776
   764    776
   765    776
   766    776
   767    776
   768    776
   769    776
   770    776
   771    776
   772    776
   773    776
   774    776
   775    776
   776    776
   777    776
   778    776
   779    776
   780    776
   781    776
   782    776
   783    776
   784    776
   785    776
   786    776
   787    776
   788    776
   789    776
   790    776
   791    776
   792    776
   793    776
   794    776
   795    776
   796    776
   797    776
   798    776
   799    776
   800    776
   801    776
   802    776
   803    776
   804    776
   805    776
   806    776
   807    776
   808    776
   809    776
   810    776
   811    776
   812    776
   813    776
   814    776
   815    776
   816    776
   817    776
   818    776
   819    776
   822    776
   823    776
   824    776
   825    776
   826    776
   827    776
   828    776
   829    776
   830    776
   831    776
   832    776
   833    776
   834    776
   835    776
   836    776
   837    776
   838    776
   839    776
   840    776
   841    776
   842    776
   843    776
   844    776
   845    776
   846    776
   847    776
   848    776
   849    776
   850    776
   851    776
   852    776
   853    776
   854    776
   855    776
   856    776
   857    776
   858    776
   859    776
   860    776
   861    776
   862    776
   863    776
   864    776
   865    776
   866    776
   867    776
   868    776
   869    776
   870    776
   871    776
   872    776
   873    776
   874    776
   875    776
   884    776
   885    776
   886    776
   887    776
   888    776
   889    776
   890    776
   891    776
   892    776
   893    776
   894    776
   737    777
   738    777
   739    777
   740    777
   741    777
   742    777
   743    777
   744    777
   745    777
   746    777
   747    777
   748    777
   749    777
   750    777
   751    777
   752    777
   753    777
   754    777
   755    777
   756    777
   757    777
   758    777
   759    777
   760    777
   761    777
   762    777
   763    777
   764    777
   765    777
   766    777
   767    777
   768    777
   769    777
   770    777
   771    777
   772    777
   773    777
   774    777
   775    777
   776    777
   777    777
   778    777
   779    777
   780    777
   781    777
   782    777
   783    777
   784    777
   785    777
   786    777
   789    777
   790    777
   791    777
   792    777
   793    777
   794    777
   795    777
   796    777
   797    777
   798    777
   799    777
   800    777
   801    777
   802    777
   803    777
   804    777
   805    777
   806    777
   808    777
   809    777
   810    777
   811    777
   812    777
   813    777
   814    777
   815    777
   816    777
   817    777
   818    777
   819    777
   820    777
   821    777
   822    777
   823    777
   824    777
   825    777
   826    777
   827    777
   828    777
   829    777
   830    777
   831    777
   832    777
   839    777
   840    777
   841    777
   842    777
   843    777
   844    777
   845    777
   846    777
   847    777
   848    777
   849    777
   850    777
   851    777
   852    777
   853    777
   854    777
   855    777
   856    777
   857    777
   858    777
   859    777
   860    777
   861    777
   862    777
   863    777
   864    777
   865    777
   866    777
   867    777
   868    777
   869    777
   870    777
   871    777
   872    777
   873    777
   874    777
   875    777
   876    777
   877    777
   878    777
   879    777
   880    777
   881    777
   885    777
   886    777
   887    777
   888    777
   889    777
   890    777
   891    777
   892    777
   893    777
   894    777
   735    778
   736    778
   737    778
   738    778
   739    778
   740    778
   741    778
   742    778
   743    778
   744    778
   745    778
   746    778
   747    778
   748    778
   749    778
   750    778
   751    778
   752    778
   753    778
   754    778
   755    778
   756    778
   757    778
   758    778
   759    778
   760    778
   761    778
   762    778
   763    778
   765    778
   766    778
   780    778
   781    778
   782    778
   785    778
   786    778
   787    778
   788    778
   789    778
   790    778
   791    778
   792    778
   793    778
   794    778
   795    778
   796    778
   797    778
   798    778
   799    778
   802    778
   803    778
   804    778
   805    778
   806    778
   807    778
   808    778
   809    778
   810    778
   811    778
   812    778
   821    778
   822    778
   823    778
   824    778
   825    778
   826    778
   827    778
   828    778
   829    778
   830    778
   831    778
   832    778
   833    778
   834    778
   835    778
   836    778
   837    778
   838    778
   839    778
   840    778
   841    778
   842    778
   843    778
   844    778
   845    778
   846    778
   847    778
   848    778
   849    778
   850    778
   851    778
   852    778
   853    778
   854    778
   855    778
   856    778
   857    778
   858    778
   859    778
   860    778
   861    778
   862    778
   863    778
   864    778
   865    778
   866    778
   867    778
   868    778
   869    778
   870    778
   871    778
   872    778
   873    778
   874    778
   875    778
   876    778
   877    778
   878    778
   879    778
   880    778
   881    778
   882    778
   883    778
   884    778
   887    778
   888    778
   889    778
   890    778
   891    778
   892    778
   893    778
   894    778
   750    779
   751    779
   752    779
   755    779
   756    779
   757    779
   758    779
   759    779
   760    779
   761    779
   762    779
   763    779
   764    779
   765    779
   766    779
   767    779
   768    779
   769    779
   770    779
   771    779
   772    779
   773    779
   774    779
   775    779
   776    779
   777    779
   778    779
   779    779
   780    779
   781    779
   834    779
   835    779
   836    779
   837    779
   838    779
   839    779
   840    779
   841    779
   842    779
   843    779
   844    779
   845    779
   846    779
   858    779
   859    779
   860    779
   861    779
   862    779
   863    779
   864    779
   865    779
   866    779
   867    779
   868    779
   869    779
   870    779
   871    779
   872    779
   873    779
   874    779
   875    779
   876    779
   877    779
   878    779
   879    779
   880    779
   881    779
   882    779
   883    779
   884    779
   885    779
   886    779
   889    779
   890    779
   891    779
   892    779
   893    779
   894    779
   895    779
   731    780
   732    780
   733    780
   734    780
   735    780
   736    780
   737    780
   738    780
   739    780
   740    780
   741    780
   742    780
   743    780
   744    780
   745    780
   746    780
   747    780
   748    780
   749    780
   750    780
   751    780
   752    780
   753    780
   754    780
   755    780
   756    780
   757    780
   758    780
   759    780
   760    780
   761    780
   762    780
   841    780
   842    780
   843    780
   844    780
   845    780
   846    780
   847    780
   848    780
   849    780
   850    780
   851    780
   852    780
   853    780
   854    780
   855    780
   856    780
   862    780
   863    780
   864    780
   865    780
   866    780
   867    780
   868    780
   869    780
   870    780
   871    780
   872    780
   873    780
   874    780
   875    780
   876    780
   877    780
   878    780
   879    780
   880    780
   881    780
   882    780
   883    780
   884    780
   885    780
   886    780
   887    780
   888    780
   889    780
   890    780
   891    780
   892    780
   893    780
   894    780
   895    780
   896    780
   897    780
   898    780
   899    780
   900    780
   901    780
   902    780
   903    780
   904    780
   905    780
   729    781
   730    781
   731    781
   732    781
   733    781
   734    781
   735    781
   854    781
   855    781
   856    781
   857    781
   858    781
   859    781
   860    781
   861    781
   862    781
   865    781
   866    781
   867    781
   868    781
   869    781
   870    781
   871    781
   872    781
   873    781
   874    781
   875    781
   876    781
   877    781
   878    781
   879    781
   880    781
   881    781
   882    781
   883    781
   884    781
   885    781
   886    781
   887    781
   888    781
   889    781
   890    781
   891    781
   892    781
   893    781
   894    781
   895    781
   896    781
   897    781
   898    781
   899    781
   900    781
   901    781
   902    781
   903    781
   904    781
   905    781
   906    781
   907    781
   908    781
   909    781
   910    781
   911    781
   912    781
   861    782
   862    782
   863    782
   864    782
   865    782
   866    782
   867    782
   868    782
   869    782
   870    782
   871    782
   872    782
   873    782
   874    782
   875    782
   876    782
   878    782
   879    782
   880    782
   881    782
   882    782
   883    782
   884    782
   885    782
   886    782
   887    782
   888    782
   889    782
   890    782
   891    782
   892    782
   893    782
   894    782
   895    782
   896    782
   897    782
   898    782
   899    782
   900    782
   901    782
   902    782
   903    782
   904    782
   905    782
   906    782
   907    782
   908    782
   909    782
   910    782
   911    782
   912    782
   913    782
   914    782
   915    782
   916    782
   917    782
   918    782
   869    783
   870    783
   871    783
   872    783
   873    783
   874    783
   875    783
   876    783
   877    783
   878    783
   879    783
   880    783
   881    783
   882    783
   883    783
   884    783
   885    783
   886    783
   887    783
   888    783
   889    783
   890    783
   891    783
   892    783
   893    783
   894    783
   895    783
   896    783
   897    783
   898    783
   899    783
   900    783
   901    783
   902    783
   903    783
   904    783
   905    783
   906    783
   907    783
   908    783
   909    783
   910    783
   911    783
   912    783
   913    783
   914    783
   915    783
   916    783
   917    783
   918    783
   919    783
   920    783
   921    783
   922    783
   923    783
   924    783
   925    783
   882    784
   883    784
   884    784
   885    784
   886    784
   887    784
   888    784
   889    784
   890    784
   891    784
   892    784
   893    784
   894    784
   895    784
   896    784
   897    784
   898    784
   899    784
   900    784
   901    784
   902    784
   903    784
   904    784
   905    784
   906    784
   907    784
   908    784
   909    784
   910    784
   911    784
   912    784
   913    784
   914    784
   915    784
   916    784
   917    784
   918    784
   919    784
   920    784
   921    784
   922    784
   923    784
   924    784
   925    784
   926    784
   927    784
   928    784
   929    784
   930    784
   931    784
   932    784
   933    784
   892    785
   893    785
   894    785
   895    785
   896    785
   897    785
   898    785
   899    785
   900    785
   901    785
   902    785
   903    785
   904    785
   905    785
   906    785
   907    785
   908    785
   909    785
   910    785
   911    785
   912    785
   913    785
   914    785
   915    785
   916    785
   917    785
   918    785
   919    785
   920    785
   921    785
   922    785
   923    785
   924    785
   925    785
   926    785
   927    785
   928    785
   929    785
   930    785
   931    785
   932    785
   933    785
   934    785
   935    785
   936    785
   937    785
   895    786
   896    786
   897    786
   898    786
   899    786
   900    786
   901    786
   902    786
   903    786
   904    786
   905    786
   906    786
   907    786
   908    786
   909    786
   910    786
   911    786
   912    786
   913    786
   914    786
   915    786
   916    786
   917    786
   918    786
   919    786
   920    786
   921    786
   922    786
   923    786
   924    786
   925    786
   926    786
   927    786
   928    786
   929    786
   930    786
   931    786
   932    786
   933    786
   934    786
   935    786
   936    786
   937    786
   938    786
   939    786
   940    786
   941    786
   942    786
   894    787
   905    787
   906    787
   907    787
   908    787
   909    787
   910    787
   911    787
   912    787
   913    787
   914    787
   915    787
   916    787
   917    787
   918    787
   919    787
   920    787
   921    787
   922    787
   923    787
   924    787
   925    787
   926    787
   927    787
   928    787
   929    787
   930    787
   931    787
   932    787
   933    787
   934    787
   935    787
   936    787
   937    787
   938    787
   939    787
   940    787
   941    787
   942    787
   943    787
   944    787
   945    787
   946    787
   947    787
   948    787
   894    788
   895    788
   913    788
   914    788
   915    788
   916    788
   917    788
   918    788
   919    788
   920    788
   921    788
   922    788
   923    788
   924    788
   925    788
   926    788
   927    788
   928    788
   929    788
   930    788
   931    788
   932    788
   933    788
   934    788
   935    788
   936    788
   937    788
   938    788
   939    788
   940    788
   941    788
   942    788
   943    788
   944    788
   945    788
   946    788
   947    788
   948    788
   949    788
   950    788
   951    788
   952    788
   953    788
   920    789
   921    789
   922    789
   923    789
   924    789
   925    789
   926    789
   927    789
   928    789
   929    789
   930    789
   931    789
   932    789
   933    789
   934    789
   935    789
   936    789
   937    789
   938    789
   939    789
   940    789
   941    789
   942    789
   943    789
   944    789
   945    789
   946    789
   947    789
   950    789
   951    789
   952    789
   953    789
   954    789
   955    789
   956    789
   926    790
   927    790
   928    790
   929    790
   930    790
   931    790
   932    790
   933    790
   934    790
   935    790
   936    790
   937    790
   938    790
   939    790
   940    790
   941    790
   942    790
   943    790
   944    790
   945    790
   946    790
   947    790
   955    790
   956    790
   957    790
   958    790
   959    790
   960    790
   961    790
   962    790
   963    790
   964    790
   965    790
   966    790
   967    790
   929    791
   930    791
   931    791
   932    791
   933    791
   934    791
   935    791
   936    791
   937    791
   938    791
   939    791
   940    791
   941    791
   942    791
   943    791
   944    791
   945    791
   946    791
   947    791
   948    791
   949    791
   950    791
   951    791
   963    791
   964    791
   965    791
   966    791
   967    791
   968    791
   969    791
   970    791
   971    791
   972    791
   973    791
   935    792
   936    792
   937    792
   938    792
   939    792
   940    792
   941    792
   942    792
   943    792
   945    792
   946    792
   947    792
   948    792
   949    792
   950    792
   951    792
   952    792
   953    792
   954    792
   955    792
   970    792
   971    792
   972    792
   973    792
   974    792
   975    792
   976    792
   977    792
   978    792
   942    793
   943    793
   944    793
   945    793
   946    793
   947    793
   948    793
   949    793
   950    793
   951    793
   952    793
   953    793
   954    793
   955    793
   956    793
   957    793
   977    793
   978    793
   979    793
   980    793
   981    793
   982    793
   948    794
   949    794
   950    794
   951    794
   952    794
   953    794
   954    794
   955    794
   956    794
   957    794
   958    794
   959    794
   960    794
   986    794
   987    794
   988    794
   956    795
   957    795
   958    795
   959    795
   960    795
   961    795
   962    795
