   894    730
   895    730
   896    730
   897    730
   898    730
   899    730
   894    731
   895    731
   896    731
   897    731
   898    731
   899    731
   894    732
   895    732
   896    732
   897    732
   898    732
   899    732
   893    733
   894    733
   895    733
   896    733
   897    733
   898    733
   899    733
   894    734
   895    734
   896    734
   897    734
   898    734
   893    735
   894    735
   895    735
   896    735
   897    735
   898    735
   893    736
   894    736
   895    736
   896    736
   897    736
   898    736
   893    737
   894    737
   895    737
   896    737
   897    737
   898    737
   893    738
   894    738
   895    738
   896    738
   897    738
   898    738
   892    739
   893    739
   894    739
   895    739
   896    739
   897    739
   898    739
   892    740
   893    740
   894    740
   895    740
   896    740
   897    740
   898    740
   892    741
   893    741
   894    741
   895    741
   896    741
   897    741
   898    741
   892    742
   893    742
   894    742
   895    742
   896    742
   897    742
   891    743
   892    743
   893    743
   894    743
   895    743
   896    743
   897    743
   891    744
   892    744
   893    744
   894    744
   895    744
   896    744
   897    744
   891    745
   892    745
   893    745
   894    745
   895    745
   896    745
   897    745
   891    746
   892    746
   893    746
   894    746
   895    746
   896    746
   897    746
   890    747
   891    747
   892    747
   893    747
   894    747
   895    747
   896    747
   897    747
   890    748
   891    748
   892    748
   893    748
   894    748
   895    748
   896    748
   897    748
   890    749
   891    749
   892    749
   893    749
   894    749
   895    749
   896    749
   897    749
   890    750
   891    750
   892    750
   893    750
   894    750
   895    750
   896    750
   897    750
   890    751
   891    751
   892    751
   893    751
   894    751
   895    751
   896    751
   889    752
   890    752
   891    752
   892    752
   893    752
   894    752
   895    752
   896    752
   889    753
   890    753
   891    753
   892    753
   893    753
   894    753
   895    753
   896    753
   889    754
   890    754
   891    754
   892    754
   893    754
   894    754
   895    754
   896    754
   889    755
   890    755
   891    755
   892    755
   893    755
   894    755
   895    755
   896    755
   889    756
   890    756
   891    756
   892    756
   893    756
   894    756
   895    756
   896    756
   889    757
   890    757
   891    757
   892    757
   893    757
   894    757
   895    757
   896    757
   889    758
   890    758
   891    758
   892    758
   893    758
   894    758
   895    758
   896    758
   888    759
   889    759
   890    759
   891    759
   892    759
   893    759
   894    759
   895    759
   896    759
   888    760
   889    760
   890    760
   891    760
   892    760
   893    760
   894    760
   895    760
   896    760
   888    761
   889    761
   890    761
   891    761
   892    761
   893    761
   894    761
   895    761
   896    761
   888    762
   889    762
   890    762
   891    762
   892    762
   893    762
   894    762
   895    762
   896    762
   887    763
   888    763
   889    763
   890    763
   891    763
   892    763
   893    763
   894    763
   895    763
   896    763
   887    764
   888    764
   889    764
   890    764
   891    764
   892    764
   893    764
   894    764
   895    764
   896    764
   887    765
   888    765
   889    765
   890    765
   891    765
   892    765
   893    765
   894    765
   895    765
   896    765
   887    766
   888    766
   889    766
   890    766
   891    766
   892    766
   893    766
   894    766
   895    766
   886    767
   887    767
   888    767
   889    767
   890    767
   891    767
   892    767
   893    767
   894    767
   895    767
   886    768
   887    768
   888    768
   889    768
   890    768
   891    768
   892    768
   893    768
   894    768
   895    768
   886    769
   887    769
   888    769
   889    769
   890    769
   891    769
   892    769
   893    769
   894    769
   895    769
   885    770
   886    770
   887    770
   888    770
   889    770
   890    770
   891    770
   892    770
   893    770
   894    770
   895    770
   885    771
   886    771
   887    771
   888    771
   889    771
   890    771
   891    771
   892    771
   893    771
   894    771
   885    772
   886    772
   887    772
   888    772
   889    772
   890    772
   891    772
   892    772
   893    772
   894    772
   885    773
   886    773
   887    773
   888    773
   889    773
   890    773
   891    773
   892    773
   893    773
   894    773
   885    774
   886    774
   887    774
   888    774
   889    774
   890    774
   891    774
   892    774
   893    774
   884    775
   885    775
   886    775
   887    775
   888    775
   889    775
   890    775
   891    775
   892    775
   893    775
   884    776
   885    776
   886    776
   887    776
   888    776
   889    776
   890    776
   891    776
   892    776
   893    776
   894    776
   884    777
   885    777
   886    777
   887    777
   888    777
   889    777
   890    777
   891    777
   892    777
   893    777
   885    778
   886    778
   887    778
   888    778
   889    778
   890    778
   891    778
   892    778
   893    778
   887    779
   888    779
   889    779
   890    779
   891    779
   892    779
   893    779
   894    779
   885    780
   889    780
   890    780
   891    780
   892    780
   893    780
   894    780
   886    781
   887    781
   888    781
   889    781
   890    781
   891    781
   892    781
   893    781
   894    781
   895    781
   888    782
   889    782
   890    782
   892    782
   893    782
   894    782
