   894    732
   895    732
   896    732
   897    732
   898    732
   894    733
   895    733
   896    733
   897    733
   898    733
   894    734
   895    734
   896    734
   897    734
   898    734
   894    735
   895    735
   896    735
   897    735
   898    735
   893    736
   894    736
   895    736
   896    736
   897    736
   893    737
   894    737
   895    737
   896    737
   897    737
   893    738
   894    738
   895    738
   896    738
   893    739
   894    739
   895    739
   896    739
   892    740
   893    740
   894    740
   895    740
   892    741
   893    741
   894    741
   892    742
   893    742
   894    742
   891    743
   892    743
   893    743
   891    744
   892    744
   893    744
   891    745
   892    745
   893    745
