  1047    739
  1032    740
  1041    740
  1042    740
  1030    741
  1031    741
  1032    741
  1033    741
  1034    741
  1035    741
  1036    741
  1037    741
  1038    741
  1039    741
  1040    741
  1041    741
  1042    741
  1043    741
  1044    741
  1045    741
  1024    742
  1025    742
  1026    742
  1027    742
  1028    742
  1029    742
  1030    742
  1031    742
  1032    742
  1033    742
  1034    742
  1035    742
  1036    742
  1038    742
  1039    742
  1040    742
  1022    743
  1023    743
  1024    743
  1025    743
  1026    743
  1027    743
  1028    743
  1029    743
  1030    743
  1031    743
  1032    743
  1033    743
  1034    743
  1035    743
  1036    743
  1037    743
  1038    743
  1017    744
  1018    744
  1019    744
  1020    744
  1021    744
  1022    744
  1023    744
  1024    744
  1025    744
  1026    744
  1027    744
  1028    744
  1029    744
  1030    744
  1031    744
  1032    744
  1033    744
  1034    744
  1012    745
  1015    745
  1016    745
  1017    745
  1018    745
  1019    745
  1020    745
  1021    745
  1022    745
  1024    745
  1026    745
  1027    745
  1028    745
  1029    745
  1030    745
  1037    745
  1038    745
  1039    745
  1040    745
  1008    746
  1009    746
  1010    746
  1011    746
  1012    746
  1013    746
  1014    746
  1015    746
  1016    746
  1017    746
  1018    746
  1019    746
  1020    746
  1021    746
  1022    746
  1023    746
  1024    746
  1025    746
  1026    746
  1027    746
  1028    746
  1033    746
  1034    746
  1035    746
  1036    746
  1037    746
  1006    747
  1007    747
  1008    747
  1009    747
  1010    747
  1011    747
  1012    747
  1013    747
  1014    747
  1015    747
  1016    747
  1017    747
  1018    747
  1019    747
  1020    747
  1021    747
  1022    747
  1023    747
  1024    747
  1025    747
  1026    747
  1027    747
  1028    747
  1029    747
  1030    747
  1031    747
  1032    747
  1033    747
  1002    748
  1003    748
  1004    748
  1005    748
  1006    748
  1007    748
  1008    748
  1009    748
  1010    748
  1011    748
  1012    748
  1013    748
  1014    748
  1015    748
  1016    748
  1017    748
  1018    748
  1019    748
  1020    748
  1023    748
  1024    748
  1025    748
  1026    748
  1027    748
  1028    748
  1029    748
  1030    748
  1031    748
  1001    749
  1002    749
  1003    749
  1004    749
  1005    749
  1006    749
  1007    749
  1008    749
  1009    749
  1010    749
  1011    749
  1012    749
  1013    749
  1014    749
  1015    749
  1016    749
  1017    749
  1018    749
  1019    749
  1020    749
  1021    749
  1022    749
  1023    749
  1024    749
  1025    749
  1026    749
  1027    749
  1028    749
  1029    749
   998    750
   999    750
  1000    750
  1001    750
  1002    750
  1003    750
  1004    750
  1005    750
  1006    750
  1007    750
  1008    750
  1009    750
  1010    750
  1011    750
  1012    750
  1013    750
  1014    750
  1015    750
  1016    750
  1017    750
  1018    750
  1019    750
  1020    750
  1021    750
  1022    750
  1023    750
  1024    750
   996    751
   997    751
   998    751
   999    751
  1000    751
  1001    751
  1002    751
  1003    751
  1004    751
  1005    751
  1006    751
  1007    751
  1008    751
  1009    751
  1010    751
  1011    751
  1012    751
  1013    751
  1014    751
  1015    751
  1016    751
  1017    751
  1018    751
  1019    751
  1020    751
  1021    751
   989    752
   990    752
   991    752
   992    752
   993    752
   994    752
   995    752
   996    752
   997    752
   998    752
   999    752
  1000    752
  1001    752
  1002    752
  1003    752
  1004    752
  1005    752
  1006    752
  1007    752
  1008    752
  1010    752
  1011    752
  1012    752
  1013    752
  1014    752
  1015    752
  1016    752
  1017    752
   988    753
   989    753
   990    753
   991    753
   992    753
   993    753
   994    753
   995    753
   996    753
   997    753
   998    753
   999    753
  1000    753
  1001    753
  1002    753
  1003    753
  1004    753
  1005    753
  1006    753
  1007    753
  1008    753
  1009    753
  1010    753
  1011    753
  1012    753
  1013    753
   983    754
   984    754
   985    754
   986    754
   987    754
   988    754
   989    754
   990    754
   991    754
   992    754
   993    754
   994    754
   995    754
   996    754
   997    754
   998    754
   999    754
  1000    754
  1001    754
  1002    754
  1003    754
  1004    754
  1005    754
  1006    754
  1007    754
  1008    754
  1009    754
   980    755
   981    755
   982    755
   983    755
   984    755
   985    755
   986    755
   987    755
   989    755
   990    755
   991    755
   992    755
   993    755
   994    755
   995    755
   996    755
   997    755
   998    755
   999    755
  1000    755
  1001    755
  1002    755
  1003    755
  1004    755
  1005    755
  1006    755
  1007    755
  1008    755
   977    756
   978    756
   979    756
   980    756
   981    756
   982    756
   983    756
   984    756
   985    756
   986    756
   987    756
   988    756
   989    756
   990    756
   991    756
   992    756
   993    756
   994    756
   995    756
   996    756
   997    756
   998    756
   999    756
  1000    756
  1001    756
  1002    756
  1003    756
  1004    756
   974    757
   975    757
   976    757
   977    757
   978    757
   979    757
   980    757
   981    757
   982    757
   983    757
   984    757
   985    757
   986    757
   987    757
   988    757
   989    757
   990    757
   991    757
   992    757
   993    757
   994    757
   995    757
   996    757
   997    757
   998    757
   999    757
  1000    757
  1001    757
  1002    757
   971    758
   972    758
   973    758
   974    758
   975    758
   976    758
   977    758
   978    758
   979    758
   980    758
   981    758
   982    758
   983    758
   984    758
   985    758
   986    758
   987    758
   988    758
   989    758
   990    758
   991    758
   992    758
   993    758
   994    758
   995    758
   996    758
   997    758
   998    758
   999    758
   970    759
   971    759
   972    759
   973    759
   974    759
   975    759
   976    759
   977    759
   978    759
   979    759
   980    759
   981    759
   982    759
   983    759
   984    759
   985    759
   986    759
   987    759
   988    759
   989    759
   990    759
   991    759
   992    759
   993    759
   994    759
   995    759
   968    760
   969    760
   970    760
   971    760
   972    760
   974    760
   975    760
   976    760
   977    760
   978    760
   979    760
   980    760
   981    760
   982    760
   983    760
   984    760
   985    760
   986    760
   987    760
   988    760
   989    760
   990    760
   991    760
   992    760
   966    761
   967    761
   968    761
   969    761
   970    761
   971    761
   972    761
   973    761
   974    761
   975    761
   976    761
   977    761
   978    761
   979    761
   980    761
   981    761
   982    761
   983    761
   984    761
   985    761
   986    761
   987    761
   989    761
   990    761
   991    761
   961    762
   962    762
   963    762
   964    762
   965    762
   966    762
   967    762
   968    762
   969    762
   970    762
   971    762
   972    762
   973    762
   974    762
   975    762
   976    762
   977    762
   978    762
   979    762
   980    762
   981    762
   982    762
   983    762
   984    762
   985    762
   986    762
   987    762
   959    763
   960    763
   961    763
   962    763
   963    763
   964    763
   965    763
   966    763
   967    763
   968    763
   969    763
   970    763
   971    763
   972    763
   973    763
   974    763
   975    763
   976    763
   977    763
   978    763
   979    763
   980    763
   981    763
   982    763
   984    763
   985    763
   955    764
   956    764
   957    764
   958    764
   959    764
   960    764
   961    764
   962    764
   963    764
   964    764
   965    764
   966    764
   967    764
   968    764
   969    764
   970    764
   971    764
   972    764
   973    764
   974    764
   975    764
   976    764
   977    764
   978    764
   979    764
   981    764
   982    764
   983    764
   954    765
   955    765
   956    765
   957    765
   958    765
   959    765
   960    765
   961    765
   962    765
   963    765
   964    765
   965    765
   966    765
   967    765
   968    765
   969    765
   970    765
   971    765
   972    765
   973    765
   974    765
   975    765
   976    765
   977    765
   979    765
   980    765
   981    765
   953    766
   954    766
   955    766
   956    766
   957    766
   958    766
   959    766
   960    766
   961    766
   962    766
   963    766
   964    766
   965    766
   966    766
   967    766
   968    766
   969    766
   970    766
   971    766
   972    766
   973    766
   974    766
   975    766
   978    766
   952    767
   953    767
   954    767
   955    767
   956    767
   957    767
   958    767
   959    767
   960    767
   961    767
   962    767
   963    767
   964    767
   965    767
   966    767
   967    767
   968    767
   969    767
   970    767
   971    767
   972    767
   973    767
   975    767
   976    767
   946    768
   947    768
   948    768
   949    768
   950    768
   951    768
   952    768
   953    768
   954    768
   955    768
   956    768
   957    768
   958    768
   959    768
   960    768
   961    768
   962    768
   963    768
   964    768
   965    768
   966    768
   967    768
   968    768
   969    768
   970    768
   973    768
   974    768
   975    768
   945    769
   946    769
   947    769
   948    769
   949    769
   951    769
   952    769
   953    769
   954    769
   955    769
   956    769
   957    769
   958    769
   959    769
   960    769
   961    769
   962    769
   963    769
   964    769
   965    769
   966    769
   967    769
   968    769
   945    770
   946    770
   947    770
   948    770
   949    770
   950    770
   951    770
   952    770
   953    770
   954    770
   955    770
   956    770
   957    770
   958    770
   959    770
   960    770
   961    770
   962    770
   963    770
   964    770
   965    770
   966    770
   967    770
   944    771
   945    771
   946    771
   947    771
   948    771
   949    771
   950    771
   951    771
   952    771
   953    771
   954    771
   955    771
   956    771
   957    771
   958    771
   959    771
   960    771
   961    771
   962    771
   963    771
   964    771
   966    771
   940    772
   941    772
   942    772
   943    772
   944    772
   945    772
   946    772
   947    772
   948    772
   949    772
   950    772
   951    772
   952    772
   953    772
   954    772
   955    772
   956    772
   957    772
   958    772
   959    772
   960    772
   961    772
   962    772
   963    772
   964    772
   938    773
   939    773
   940    773
   941    773
   942    773
   943    773
   944    773
   945    773
   946    773
   947    773
   948    773
   949    773
   950    773
   951    773
   952    773
   953    773
   954    773
   955    773
   956    773
   957    773
   958    773
   959    773
   936    774
   937    774
   938    774
   939    774
   940    774
   941    774
   942    774
   943    774
   944    774
   945    774
   946    774
   947    774
   948    774
   949    774
   950    774
   951    774
   952    774
   953    774
   954    774
   955    774
   956    774
   957    774
   960    774
   961    774
   934    775
   935    775
   936    775
   937    775
   938    775
   939    775
   940    775
   941    775
   942    775
   943    775
   944    775
   945    775
   946    775
   947    775
   948    775
   949    775
   950    775
   951    775
   952    775
   953    775
   954    775
   955    775
   932    776
   933    776
   934    776
   935    776
   936    776
   937    776
   938    776
   939    776
   940    776
   941    776
   942    776
   943    776
   944    776
   945    776
   946    776
   947    776
   948    776
   949    776
   950    776
   951    776
   952    776
   953    776
   954    776
   930    777
   931    777
   932    777
   933    777
   934    777
   935    777
   936    777
   937    777
   938    777
   939    777
   940    777
   941    777
   942    777
   943    777
   944    777
   945    777
   946    777
   947    777
   948    777
   949    777
   950    777
   951    777
   952    777
   929    778
   930    778
   931    778
   932    778
   933    778
   934    778
   935    778
   936    778
   937    778
   938    778
   939    778
   940    778
   941    778
   942    778
   943    778
   944    778
   945    778
   946    778
   947    778
   948    778
   949    778
   950    778
   951    778
   928    779
   929    779
   930    779
   931    779
   932    779
   933    779
   934    779
   935    779
   936    779
   937    779
   938    779
   939    779
   940    779
   941    779
   942    779
   943    779
   944    779
   945    779
   946    779
   947    779
   948    779
   949    779
   925    780
   926    780
   927    780
   928    780
   929    780
   930    780
   931    780
   932    780
   933    780
   934    780
   935    780
   936    780
   937    780
   938    780
   939    780
   940    780
   941    780
   942    780
   943    780
   944    780
   945    780
   946    780
   923    781
   924    781
   925    781
   926    781
   927    781
   928    781
   929    781
   930    781
   931    781
   932    781
   933    781
   934    781
   935    781
   936    781
   937    781
   938    781
   939    781
   940    781
   941    781
   942    781
   943    781
   944    781
   945    781
   922    782
   923    782
   924    782
   925    782
   926    782
   927    782
   928    782
   929    782
   930    782
   931    782
   932    782
   933    782
   934    782
   935    782
   936    782
   937    782
   938    782
   939    782
   940    782
   941    782
   942    782
   943    782
   922    783
   923    783
   924    783
   925    783
   926    783
   927    783
   928    783
   929    783
   930    783
   931    783
   932    783
   933    783
   934    783
   935    783
   936    783
   937    783
   938    783
   939    783
   940    783
   941    783
   942    783
   921    784
   922    784
   923    784
   924    784
   925    784
   926    784
   927    784
   928    784
   929    784
   930    784
   931    784
   932    784
   933    784
   934    784
   935    784
   936    784
   937    784
   938    784
   939    784
   940    784
   921    785
   922    785
   923    785
   924    785
   925    785
   926    785
   927    785
   928    785
   929    785
   930    785
   931    785
   932    785
   933    785
   934    785
   935    785
   936    785
   937    785
   938    785
   941    785
   923    786
   924    786
   925    786
   926    786
   927    786
   928    786
   929    786
   930    786
   931    786
   932    786
   933    786
   934    786
   935    786
   936    786
   937    786
   938    786
   939    786
   940    786
   924    787
   925    787
   926    787
   927    787
   928    787
   929    787
   930    787
   931    787
   932    787
   933    787
   934    787
   935    787
   936    787
   937    787
   938    787
