   890    751
   891    751
   892    751
   893    751
   894    751
   895    751
   890    752
   891    752
   892    752
   893    752
   894    752
   895    752
   890    753
   891    753
   892    753
   893    753
   894    753
   895    753
   889    754
   890    754
   891    754
   892    754
   893    754
   894    754
   895    754
   889    755
   890    755
   891    755
   892    755
   893    755
   894    755
   895    755
   889    756
   890    756
   891    756
   892    756
   893    756
   894    756
   895    756
   889    757
   890    757
   891    757
   892    757
   893    757
   894    757
   895    757
   889    758
   890    758
   891    758
   892    758
   893    758
   894    758
   895    758
   889    759
   890    759
   891    759
   892    759
   893    759
   894    759
   895    759
   889    760
   890    760
   891    760
   892    760
   893    760
   894    760
   895    760
   889    761
   890    761
   891    761
   892    761
   893    761
   894    761
   895    761
   888    762
   889    762
   890    762
   891    762
   892    762
   893    762
   894    762
   895    762
   888    763
   889    763
   890    763
   891    763
   892    763
   893    763
   894    763
   895    763
   888    764
   889    764
   890    764
   891    764
   892    764
   893    764
   894    764
   895    764
   888    765
   889    765
   890    765
   891    765
   892    765
   893    765
   894    765
   895    765
   887    766
   888    766
   889    766
   890    766
   891    766
   892    766
   893    766
   894    766
   895    766
   887    767
   888    767
   889    767
   890    767
   891    767
   892    767
   893    767
   894    767
   895    767
   887    768
   888    768
   889    768
   890    768
   891    768
   892    768
   893    768
   894    768
   886    769
   887    769
   888    769
   889    769
   890    769
   891    769
   892    769
   893    769
   894    769
   886    770
   887    770
   888    770
   889    770
   890    770
   891    770
   892    770
   893    770
   894    770
   886    771
   887    771
   888    771
   889    771
   890    771
   891    771
   892    771
   893    771
   894    771
   885    772
   886    772
   887    772
   888    772
   889    772
   890    772
   891    772
   892    772
   893    772
   894    772
   885    773
   886    773
   887    773
   888    773
   889    773
   890    773
   891    773
   892    773
   893    773
   885    774
   886    774
   887    774
   888    774
   889    774
   890    774
   891    774
   892    774
   893    774
   885    775
   886    775
   887    775
   888    775
   889    775
   890    775
   891    775
   892    775
   893    775
   885    776
   886    776
   887    776
   888    776
   889    776
   890    776
   891    776
   892    776
   885    777
   886    777
   887    777
   888    777
   889    777
   890    777
   891    777
   892    777
   888    778
   889    778
   890    778
   891    778
