  1278    721
  1279    721
  1280    721
  1291    721
  1292    721
  1293    721
  1294    721
  1295    721
  1296    721
  1297    721
  1298    721
  1299    721
  1300    721
  1301    721
  1275    722
  1276    722
  1277    722
  1282    722
  1283    722
  1284    722
  1285    722
  1286    722
  1287    722
  1288    722
  1293    722
  1294    722
  1300    722
  1269    723
  1275    723
  1276    723
  1277    723
  1278    723
  1279    723
  1280    723
  1281    723
  1282    723
  1283    723
  1284    723
  1285    723
  1286    723
  1287    723
  1295    723
  1296    723
  1297    723
  1298    723
  1299    723
  1302    723
  1287    724
  1288    724
  1277    725
  1278    725
  1279    725
  1280    725
  1281    725
  1284    725
  1285    725
  1258    726
  1259    726
  1260    726
  1261    726
  1262    726
  1263    726
  1264    726
  1265    726
  1270    726
  1271    726
  1276    726
  1277    726
  1281    726
  1282    726
  1283    726
  1284    726
  1285    726
  1286    726
  1251    727
  1252    727
  1253    727
  1254    727
  1255    727
  1256    727
  1257    727
  1258    727
  1265    727
  1266    727
  1267    727
  1268    727
  1269    727
  1270    727
  1271    727
  1278    727
  1280    727
  1281    727
  1282    727
  1283    727
  1244    728
  1245    728
  1246    728
  1247    728
  1248    728
  1249    728
  1250    728
  1251    728
  1256    728
  1257    728
  1258    728
  1259    728
  1260    728
  1261    728
  1262    728
  1263    728
  1271    728
  1241    729
  1242    729
  1243    729
  1244    729
  1245    729
  1251    729
  1252    729
  1253    729
  1254    729
  1255    729
  1256    729
  1257    729
  1258    729
  1264    729
  1265    729
  1231    730
  1232    730
  1245    730
  1246    730
  1248    730
  1249    730
  1250    730
  1251    730
  1252    730
  1259    730
  1260    730
  1225    731
  1226    731
  1231    731
  1253    731
  1254    731
  1259    731
  1260    731
  1223    732
  1224    732
  1225    732
  1226    732
  1227    733
  1228    733
  1229    733
  1230    733
  1231    733
  1222    734
  1223    734
  1224    734
  1225    734
  1226    734
  1227    734
  1228    734
  1202    735
  1203    735
  1204    735
  1205    735
  1206    735
  1207    735
  1208    735
  1209    735
  1210    735
  1216    735
  1217    735
  1218    735
  1219    735
  1220    735
  1221    735
  1222    735
  1223    735
  1197    736
  1198    736
  1199    736
  1200    736
  1201    736
  1202    736
  1203    736
  1204    736
  1205    736
  1211    736
  1212    736
  1213    736
  1214    736
  1215    736
  1216    736
  1217    736
  1218    736
  1226    736
  1227    736
  1228    736
  1229    736
  1193    737
  1194    737
  1195    737
  1196    737
  1197    737
  1198    737
  1199    737
  1200    737
  1207    737
  1208    737
  1209    737
  1210    737
  1211    737
  1212    737
  1213    737
  1214    737
  1221    737
  1222    737
  1223    737
  1227    737
  1228    737
  1187    738
  1188    738
  1189    738
  1190    738
  1191    738
  1192    738
  1193    738
  1194    738
  1203    738
  1204    738
  1205    738
  1206    738
  1207    738
  1208    738
  1216    738
  1217    738
  1218    738
  1221    738
  1222    738
  1223    738
  1181    739
  1182    739
  1183    739
  1184    739
  1185    739
  1186    739
  1187    739
  1188    739
  1189    739
  1197    739
  1198    739
  1199    739
  1200    739
  1201    739
  1202    739
  1203    739
  1204    739
  1211    739
  1212    739
  1213    739
  1214    739
  1217    739
  1218    739
  1219    739
  1177    740
  1178    740
  1179    740
  1180    740
  1181    740
  1182    740
  1183    740
  1184    740
  1185    740
  1193    740
  1194    740
  1195    740
  1196    740
  1197    740
  1198    740
  1199    740
  1200    740
  1207    740
  1208    740
  1209    740
  1214    740
  1172    741
  1173    741
  1174    741
  1175    741
  1177    741
  1178    741
  1179    741
  1189    741
  1190    741
  1191    741
  1192    741
  1193    741
  1194    741
  1195    741
  1203    741
  1204    741
  1210    741
  1168    742
  1169    742
  1170    742
  1171    742
  1172    742
  1173    742
  1174    742
  1175    742
  1184    742
  1185    742
  1186    742
  1187    742
  1189    742
  1190    742
  1199    742
  1200    742
  1201    742
  1205    742
  1206    742
  1165    743
  1166    743
  1167    743
  1168    743
  1169    743
  1170    743
  1171    743
  1180    743
  1181    743
  1182    743
  1186    743
  1187    743
  1195    743
  1196    743
  1197    743
  1198    743
  1202    743
  1175    744
  1176    744
  1177    744
  1180    744
  1181    744
  1182    744
  1197    744
  1198    744
  1172    745
  1173    745
  1174    745
  1175    745
  1176    745
  1177    745
  1178    745
  1179    745
  1168    746
  1169    746
  1170    746
  1171    746
  1172    746
  1173    746
  1174    746
  1164    747
  1165    747
  1166    747
  1167    747
  1168    747
  1169    747
  1170    747
  1171    747
  1144    748
  1145    748
  1146    748
  1151    748
  1160    748
  1161    748
  1164    748
  1165    748
  1166    748
  1167    748
  1168    748
  1169    748
  1140    749
  1141    749
  1142    749
  1143    749
  1144    749
  1145    749
  1147    749
  1148    749
  1156    749
  1157    749
  1158    749
  1162    749
  1163    749
  1164    749
  1137    750
  1138    750
  1139    750
  1140    750
  1141    750
  1142    750
  1143    750
  1144    750
  1145    750
  1154    750
  1155    750
  1156    750
  1157    750
  1158    750
  1159    750
  1160    750
  1161    750
  1134    751
  1135    751
  1136    751
  1137    751
  1138    751
  1139    751
  1140    751
  1141    751
  1142    751
  1151    751
  1152    751
  1155    751
  1156    751
  1157    751
  1158    751
  1159    751
  1130    752
  1131    752
  1132    752
  1133    752
  1134    752
  1135    752
  1136    752
  1137    752
  1138    752
  1139    752
  1148    752
  1149    752
  1150    752
  1151    752
  1152    752
  1153    752
  1154    752
  1155    752
  1127    753
  1128    753
  1129    753
  1130    753
  1131    753
  1132    753
  1133    753
  1134    753
  1135    753
  1136    753
  1144    753
  1145    753
  1146    753
  1147    753
  1148    753
  1149    753
  1150    753
  1151    753
  1152    753
  1124    754
  1125    754
  1126    754
  1127    754
  1128    754
  1129    754
  1130    754
  1131    754
  1132    754
  1133    754
  1141    754
  1142    754
  1143    754
  1144    754
  1145    754
  1146    754
  1147    754
  1148    754
  1149    754
  1150    754
  1121    755
  1122    755
  1123    755
  1124    755
  1125    755
  1126    755
  1127    755
  1128    755
  1129    755
  1130    755
  1131    755
  1139    755
  1140    755
  1141    755
  1142    755
  1145    755
  1146    755
  1147    755
  1118    756
  1119    756
  1120    756
  1121    756
  1122    756
  1123    756
  1124    756
  1125    756
  1126    756
  1127    756
  1128    756
  1136    756
  1137    756
  1138    756
  1143    756
  1115    757
  1116    757
  1117    757
  1118    757
  1119    757
  1120    757
  1121    757
  1122    757
  1123    757
  1124    757
  1133    757
  1134    757
  1135    757
  1136    757
  1137    757
  1112    758
  1113    758
  1114    758
  1115    758
  1116    758
  1117    758
  1118    758
  1119    758
  1120    758
  1121    758
  1122    758
  1130    758
  1131    758
  1132    758
  1133    758
  1134    758
  1135    758
  1136    758
  1114    759
  1115    759
  1116    759
  1117    759
  1118    759
  1119    759
  1128    759
  1129    759
  1130    759
  1131    759
  1132    759
  1133    759
  1134    759
  1135    759
  1136    759
  1126    760
  1127    760
  1128    760
  1129    760
  1130    760
  1131    760
  1132    760
  1133    760
  1134    760
  1123    761
  1124    761
  1125    761
  1126    761
  1127    761
  1128    761
  1129    761
  1130    761
  1131    761
  1132    761
  1122    762
  1123    762
  1124    762
  1125    762
  1126    762
  1127    762
  1128    762
  1129    762
  1119    763
  1120    763
  1121    763
  1122    763
  1123    763
  1124    763
  1125    763
  1126    763
  1127    763
  1117    764
  1118    764
  1119    764
  1120    764
  1121    764
  1122    764
  1123    764
  1124    764
  1125    764
  1114    765
  1115    765
  1116    765
  1117    765
  1118    765
  1119    765
  1120    765
  1121    765
  1122    765
  1123    765
  1112    766
  1113    766
  1114    766
  1115    766
  1116    766
  1117    766
  1118    766
  1119    766
  1120    766
  1121    766
  1109    767
  1110    767
  1111    767
  1112    767
  1113    767
  1114    767
  1115    767
  1116    767
  1117    767
  1118    767
  1107    768
  1108    768
  1109    768
  1110    768
  1111    768
  1112    768
  1113    768
  1114    768
  1115    768
  1116    768
  1105    769
  1106    769
  1107    769
  1108    769
  1109    769
  1110    769
  1111    769
  1112    769
  1113    769
  1114    769
  1103    770
  1104    770
  1105    770
  1106    770
  1107    770
  1108    770
  1109    770
  1110    770
  1111    770
  1112    770
  1101    771
  1102    771
  1103    771
  1104    771
  1105    771
  1106    771
  1107    771
  1108    771
  1109    771
  1110    771
  1098    772
  1099    772
  1100    772
  1101    772
  1102    772
  1103    772
  1104    772
  1105    772
  1106    772
  1107    772
  1108    772
  1096    773
  1097    773
  1098    773
  1099    773
  1100    773
  1101    773
  1102    773
  1103    773
  1104    773
  1105    773
  1106    773
  1094    774
  1095    774
  1096    774
  1097    774
  1098    774
  1099    774
  1100    774
  1101    774
  1102    774
  1103    774
  1104    774
  1105    774
  1092    775
  1093    775
  1094    775
  1095    775
  1096    775
  1097    775
  1098    775
  1099    775
  1100    775
  1101    775
  1102    775
  1103    775
  1090    776
  1091    776
  1092    776
  1093    776
  1094    776
  1095    776
  1096    776
  1097    776
  1098    776
  1099    776
  1100    776
  1101    776
  1089    777
  1090    777
  1091    777
  1092    777
  1093    777
  1094    777
  1095    777
  1096    777
  1097    777
  1098    777
  1099    777
  1087    778
  1088    778
  1089    778
  1090    778
  1091    778
  1092    778
  1093    778
  1094    778
  1095    778
  1096    778
  1097    778
  1085    779
  1086    779
  1087    779
  1088    779
  1089    779
  1090    779
  1091    779
  1092    779
  1093    779
  1094    779
  1095    779
  1083    780
  1084    780
  1085    780
  1086    780
  1087    780
  1088    780
  1089    780
  1090    780
  1091    780
  1092    780
  1093    780
  1081    781
  1082    781
  1083    781
  1084    781
  1085    781
  1086    781
  1087    781
  1088    781
  1089    781
  1090    781
  1091    781
  1092    781
  1080    782
  1081    782
  1082    782
  1083    782
  1084    782
  1085    782
  1086    782
  1087    782
  1088    782
  1089    782
  1090    782
  1078    783
  1079    783
  1080    783
  1081    783
  1082    783
  1083    783
  1084    783
  1085    783
  1086    783
  1087    783
  1088    783
  1076    784
  1077    784
  1078    784
  1079    784
  1080    784
  1081    784
  1082    784
  1083    784
  1084    784
  1085    784
  1086    784
  1074    785
  1075    785
  1076    785
  1077    785
  1078    785
  1079    785
  1080    785
  1081    785
  1082    785
  1083    785
  1084    785
  1085    785
  1072    786
  1073    786
  1074    786
  1075    786
  1076    786
  1077    786
  1078    786
  1079    786
  1080    786
  1081    786
  1082    786
  1083    786
  1084    786
  1071    787
  1072    787
  1073    787
  1074    787
  1075    787
  1076    787
  1077    787
  1078    787
  1079    787
  1080    787
  1081    787
  1069    788
  1070    788
  1071    788
  1072    788
  1073    788
  1074    788
  1075    788
  1076    788
  1077    788
  1078    788
  1079    788
  1068    789
  1069    789
  1070    789
  1071    789
  1072    789
  1073    789
  1074    789
  1075    789
  1076    789
  1077    789
  1067    790
  1068    790
  1069    790
  1070    790
  1071    790
  1072    790
  1073    790
  1074    790
  1075    790
  1076    790
  1065    791
  1066    791
  1067    791
  1068    791
  1069    791
  1070    791
  1071    791
  1072    791
  1073    791
  1074    791
  1075    791
  1076    791
  1063    792
  1064    792
  1065    792
  1066    792
  1067    792
  1068    792
  1069    792
  1070    792
  1071    792
  1072    792
  1073    792
  1074    792
  1061    793
  1062    793
  1063    793
  1064    793
  1065    793
  1066    793
  1067    793
  1068    793
  1069    793
  1070    793
  1071    793
  1072    793
  1060    794
  1061    794
  1062    794
  1063    794
  1064    794
  1065    794
  1066    794
  1067    794
  1068    794
  1069    794
  1070    794
  1071    794
  1059    795
  1060    795
  1061    795
  1062    795
  1063    795
  1064    795
  1065    795
  1066    795
  1067    795
  1068    795
  1069    795
  1070    795
  1058    796
  1059    796
  1060    796
  1061    796
  1062    796
  1063    796
  1064    796
  1065    796
  1066    796
  1067    796
  1068    796
  1055    797
  1056    797
  1057    797
  1058    797
  1059    797
  1060    797
  1061    797
  1062    797
  1063    797
  1064    797
  1065    797
  1066    797
  1067    797
  1054    798
  1055    798
  1056    798
  1057    798
  1058    798
  1059    798
  1060    798
  1061    798
  1062    798
  1063    798
  1064    798
  1065    798
  1066    798
  1053    799
  1054    799
  1055    799
  1056    799
  1057    799
  1058    799
  1059    799
  1060    799
  1061    799
  1063    799
  1064    799
  1065    799
  1051    800
  1052    800
  1053    800
  1054    800
  1055    800
  1056    800
  1057    800
  1058    800
  1059    800
  1050    801
  1051    801
  1052    801
  1053    801
  1054    801
  1055    801
  1056    801
  1057    801
  1059    801
  1060    801
  1061    801
  1049    802
  1050    802
  1051    802
  1052    802
  1053    802
  1054    802
  1055    802
  1056    802
  1057    802
  1058    802
  1059    802
  1060    802
  1048    803
  1049    803
  1050    803
  1051    803
  1052    803
  1053    803
  1054    803
  1055    803
  1056    803
  1057    803
  1058    803
  1059    803
  1046    804
  1047    804
  1048    804
  1049    804
  1050    804
  1051    804
  1052    804
  1053    804
  1054    804
  1055    804
  1046    805
  1047    805
  1048    805
  1049    805
  1050    805
  1051    805
  1052    805
  1053    805
  1054    805
  1055    805
  1056    805
  1044    806
  1045    806
  1046    806
  1047    806
  1048    806
  1049    806
  1050    806
  1051    806
  1052    806
  1053    806
  1054    806
  1055    806
  1044    807
  1045    807
  1046    807
  1047    807
  1048    807
  1049    807
  1050    807
  1051    807
  1052    807
  1053    807
  1054    807
  1042    808
  1043    808
  1046    808
  1047    808
  1048    808
  1049    808
  1050    808
  1051    808
  1040    809
  1041    809
  1042    809
  1043    809
  1044    809
  1045    809
  1046    809
  1047    809
  1048    809
  1049    809
  1050    809
  1039    810
  1040    810
  1041    810
  1042    810
  1043    810
  1044    810
  1045    810
  1046    810
  1047    810
  1048    810
  1049    810
  1050    810
  1038    811
  1039    811
  1040    811
  1041    811
  1042    811
  1043    811
  1044    811
  1045    811
  1046    811
  1047    811
  1048    811
  1049    811
  1050    811
  1037    812
  1038    812
  1039    812
  1041    812
  1042    812
  1043    812
  1044    812
  1045    812
  1046    812
  1047    812
  1048    812
  1049    812
  1036    813
  1037    813
  1038    813
  1039    813
  1040    813
  1041    813
  1042    813
  1043    813
  1044    813
  1045    813
  1046    813
  1047    813
  1048    813
  1049    813
  1036    814
  1037    814
  1038    814
  1039    814
  1040    814
  1041    814
  1042    814
  1043    814
  1044    814
  1045    814
  1047    814
  1040    815
  1041    815
  1042    815
  1043    815
  1044    815
  1045    815
