  1290    721
  1293    721
  1294    721
  1295    721
  1296    721
  1297    721
  1298    721
  1299    721
  1300    721
  1301    721
  1302    721
  1303    721
  1312    721
  1274    722
  1275    722
  1276    722
  1277    722
  1278    722
  1279    722
  1280    722
  1282    722
  1283    722
  1284    722
  1285    722
  1286    722
  1287    722
  1288    722
  1289    722
  1290    722
  1294    722
  1295    722
  1296    722
  1297    722
  1298    722
  1304    722
  1305    722
  1306    722
  1307    722
  1308    722
  1309    722
  1274    723
  1275    723
  1277    723
  1278    723
  1279    723
  1280    723
  1281    723
  1282    723
  1283    723
  1284    723
  1285    723
  1286    723
  1287    723
  1288    723
  1298    723
  1299    723
  1300    723
  1301    723
  1302    723
  1303    723
  1304    723
  1305    723
  1306    723
  1287    724
  1288    724
  1289    724
  1281    725
  1282    725
  1283    725
  1284    725
  1285    725
  1286    725
  1261    726
  1262    726
  1263    726
  1264    726
  1265    726
  1275    726
  1276    726
  1277    726
  1278    726
  1279    726
  1280    726
  1254    727
  1255    727
  1256    727
  1257    727
  1258    727
  1259    727
  1260    727
  1261    727
  1263    727
  1265    727
  1266    727
  1267    727
  1268    727
  1269    727
  1270    727
  1271    727
  1272    727
  1273    727
  1278    727
  1279    727
  1280    727
  1281    727
  1282    727
  1285    727
  1286    727
  1248    728
  1249    728
  1250    728
  1251    728
  1252    728
  1253    728
  1254    728
  1255    728
  1261    728
  1262    728
  1263    728
  1264    728
  1265    728
  1266    728
  1267    728
  1273    728
  1274    728
  1241    729
  1242    729
  1245    729
  1246    729
  1254    729
  1255    729
  1256    729
  1257    729
  1258    729
  1259    729
  1260    729
  1261    729
  1268    729
  1269    729
  1233    730
  1234    730
  1235    730
  1236    730
  1247    730
  1248    730
  1249    730
  1250    730
  1251    730
  1252    730
  1253    730
  1262    730
  1263    730
  1267    730
  1268    730
  1227    731
  1228    731
  1229    731
  1230    731
  1231    731
  1232    731
  1233    731
  1234    731
  1235    731
  1247    731
  1254    731
  1255    731
  1256    731
  1257    731
  1222    732
  1223    732
  1224    732
  1225    732
  1226    732
  1227    732
  1228    732
  1229    732
  1236    732
  1256    732
  1231    733
  1232    733
  1233    733
  1234    733
  1235    733
  1236    733
  1224    734
  1225    734
  1226    734
  1227    734
  1228    734
  1229    734
  1230    734
  1205    735
  1206    735
  1207    735
  1210    735
  1211    735
  1219    735
  1220    735
  1221    735
  1222    735
  1223    735
  1224    735
  1225    735
  1226    735
  1199    736
  1200    736
  1201    736
  1202    736
  1203    736
  1204    736
  1205    736
  1206    736
  1207    736
  1214    736
  1215    736
  1216    736
  1217    736
  1218    736
  1219    736
  1220    736
  1228    736
  1229    736
  1230    736
  1231    736
  1194    737
  1195    737
  1196    737
  1197    737
  1198    737
  1199    737
  1200    737
  1201    737
  1202    737
  1209    737
  1210    737
  1211    737
  1212    737
  1213    737
  1214    737
  1215    737
  1224    737
  1225    737
  1229    737
  1230    737
  1189    738
  1190    738
  1191    738
  1192    738
  1193    738
  1194    738
  1195    738
  1196    738
  1197    738
  1204    738
  1205    738
  1206    738
  1207    738
  1208    738
  1209    738
  1210    738
  1211    738
  1219    738
  1220    738
  1221    738
  1225    738
  1226    738
  1184    739
  1185    739
  1186    739
  1187    739
  1188    739
  1189    739
  1190    739
  1191    739
  1192    739
  1193    739
  1200    739
  1201    739
  1202    739
  1203    739
  1204    739
  1205    739
  1206    739
  1207    739
  1214    739
  1215    739
  1216    739
  1217    739
  1220    739
  1221    739
  1222    739
  1179    740
  1180    740
  1181    740
  1182    740
  1183    740
  1184    740
  1185    740
  1186    740
  1187    740
  1196    740
  1197    740
  1198    740
  1199    740
  1200    740
  1201    740
  1202    740
  1211    740
  1212    740
  1175    741
  1176    741
  1177    741
  1178    741
  1179    741
  1180    741
  1181    741
  1182    741
  1183    741
  1191    741
  1192    741
  1193    741
  1194    741
  1195    741
  1196    741
  1197    741
  1198    741
  1206    741
  1207    741
  1208    741
  1212    741
  1170    742
  1171    742
  1172    742
  1173    742
  1174    742
  1175    742
  1176    742
  1177    742
  1186    742
  1187    742
  1188    742
  1189    742
  1190    742
  1191    742
  1192    742
  1193    742
  1202    742
  1203    742
  1204    742
  1205    742
  1207    742
  1208    742
  1209    742
  1168    743
  1169    743
  1170    743
  1171    743
  1172    743
  1173    743
  1174    743
  1182    743
  1183    743
  1184    743
  1185    743
  1186    743
  1187    743
  1188    743
  1189    743
  1198    743
  1199    743
  1204    743
  1205    743
  1167    744
  1168    744
  1177    744
  1178    744
  1179    744
  1180    744
  1181    744
  1183    744
  1184    744
  1185    744
  1186    744
  1201    744
  1174    745
  1175    745
  1176    745
  1177    745
  1178    745
  1179    745
  1180    745
  1181    745
  1170    746
  1171    746
  1172    746
  1173    746
  1174    746
  1175    746
  1176    746
  1177    746
  1178    746
  1167    747
  1168    747
  1169    747
  1170    747
  1171    747
  1172    747
  1173    747
  1174    747
  1148    748
  1149    748
  1150    748
  1151    748
  1152    748
  1154    748
  1163    748
  1164    748
  1165    748
  1168    748
  1169    748
  1170    748
  1171    748
  1143    749
  1144    749
  1145    749
  1146    749
  1147    749
  1148    749
  1149    749
  1150    749
  1151    749
  1152    749
  1160    749
  1161    749
  1162    749
  1163    749
  1164    749
  1165    749
  1166    749
  1167    749
  1176    749
  1177    749
  1178    749
  1141    750
  1142    750
  1143    750
  1144    750
  1145    750
  1146    750
  1147    750
  1148    750
  1156    750
  1157    750
  1161    750
  1162    750
  1163    750
  1164    750
  1173    750
  1174    750
  1175    750
  1176    750
  1181    750
  1137    751
  1138    751
  1139    751
  1140    751
  1141    751
  1142    751
  1143    751
  1144    751
  1145    751
  1153    751
  1154    751
  1155    751
  1156    751
  1158    751
  1159    751
  1160    751
  1161    751
  1170    751
  1171    751
  1172    751
  1173    751
  1174    751
  1176    751
  1177    751
  1178    751
  1179    751
  1133    752
  1134    752
  1135    752
  1136    752
  1137    752
  1138    752
  1139    752
  1140    752
  1141    752
  1142    752
  1149    752
  1150    752
  1151    752
  1152    752
  1156    752
  1157    752
  1158    752
  1167    752
  1168    752
  1169    752
  1170    752
  1171    752
  1172    752
  1173    752
  1174    752
  1175    752
  1130    753
  1131    753
  1132    753
  1133    753
  1134    753
  1135    753
  1136    753
  1137    753
  1138    753
  1139    753
  1147    753
  1148    753
  1149    753
  1150    753
  1151    753
  1154    753
  1155    753
  1164    753
  1165    753
  1166    753
  1167    753
  1168    753
  1169    753
  1170    753
  1171    753
  1172    753
  1173    753
  1127    754
  1128    754
  1129    754
  1130    754
  1131    754
  1132    754
  1133    754
  1134    754
  1135    754
  1144    754
  1145    754
  1146    754
  1147    754
  1148    754
  1150    754
  1151    754
  1152    754
  1161    754
  1162    754
  1163    754
  1164    754
  1165    754
  1166    754
  1167    754
  1168    754
  1169    754
  1170    754
  1124    755
  1125    755
  1126    755
  1127    755
  1128    755
  1129    755
  1130    755
  1131    755
  1132    755
  1133    755
  1141    755
  1142    755
  1143    755
  1144    755
  1148    755
  1149    755
  1158    755
  1159    755
  1160    755
  1161    755
  1162    755
  1163    755
  1164    755
  1165    755
  1166    755
  1167    755
  1168    755
  1120    756
  1121    756
  1122    756
  1123    756
  1124    756
  1125    756
  1126    756
  1127    756
  1128    756
  1129    756
  1130    756
  1138    756
  1139    756
  1140    756
  1141    756
  1145    756
  1146    756
  1156    756
  1157    756
  1158    756
  1159    756
  1160    756
  1161    756
  1164    756
  1165    756
  1118    757
  1119    757
  1120    757
  1121    757
  1122    757
  1123    757
  1124    757
  1125    757
  1126    757
  1127    757
  1136    757
  1137    757
  1138    757
  1139    757
  1143    757
  1144    757
  1154    757
  1155    757
  1156    757
  1157    757
  1158    757
  1159    757
  1160    757
  1161    757
  1162    757
  1163    757
  1115    758
  1116    758
  1117    758
  1118    758
  1119    758
  1120    758
  1121    758
  1122    758
  1123    758
  1124    758
  1125    758
  1133    758
  1134    758
  1135    758
  1136    758
  1140    758
  1141    758
  1151    758
  1152    758
  1153    758
  1154    758
  1155    758
  1156    758
  1157    758
  1158    758
  1159    758
  1160    758
  1161    758
  1113    759
  1115    759
  1116    759
  1117    759
  1118    759
  1119    759
  1120    759
  1121    759
  1122    759
  1131    759
  1132    759
  1133    759
  1134    759
  1150    759
  1151    759
  1152    759
  1153    759
  1154    759
  1155    759
  1156    759
  1157    759
  1158    759
  1115    760
  1116    760
  1117    760
  1118    760
  1119    760
  1128    760
  1129    760
  1130    760
  1131    760
  1132    760
  1153    760
  1154    760
  1155    760
  1156    760
  1126    761
  1127    761
  1128    761
  1129    761
  1130    761
  1131    761
  1132    761
  1133    761
  1134    761
  1152    761
  1153    761
  1124    762
  1125    762
  1126    762
  1127    762
  1128    762
  1129    762
  1130    762
  1131    762
  1132    762
  1122    763
  1123    763
  1124    763
  1125    763
  1126    763
  1127    763
  1128    763
  1129    763
  1130    763
  1119    764
  1120    764
  1121    764
  1122    764
  1123    764
  1124    764
  1125    764
  1126    764
  1127    764
  1128    764
  1116    765
  1117    765
  1118    765
  1119    765
  1120    765
  1121    765
  1122    765
  1123    765
  1124    765
  1125    765
  1126    765
  1114    766
  1115    766
  1116    766
  1117    766
  1118    766
  1119    766
  1120    766
  1121    766
  1122    766
  1123    766
  1112    767
  1113    767
  1114    767
  1115    767
  1116    767
  1117    767
  1118    767
  1119    767
  1120    767
  1121    767
  1109    768
  1110    768
  1111    768
  1112    768
  1113    768
  1114    768
  1115    768
  1116    768
  1117    768
  1118    768
  1119    768
  1108    769
  1109    769
  1110    769
  1111    769
  1112    769
  1113    769
  1114    769
  1115    769
  1116    769
  1117    769
  1106    770
  1107    770
  1108    770
  1109    770
  1110    770
  1111    770
  1112    770
  1113    770
  1114    770
  1115    770
  1103    771
  1104    771
  1105    771
  1106    771
  1107    771
  1108    771
  1109    771
  1110    771
  1111    771
  1112    771
  1113    771
  1101    772
  1102    772
  1103    772
  1104    772
  1105    772
  1106    772
  1107    772
  1108    772
  1109    772
  1110    772
  1111    772
  1099    773
  1100    773
  1101    773
  1102    773
  1103    773
  1104    773
  1105    773
  1106    773
  1107    773
  1108    773
  1109    773
  1097    774
  1098    774
  1099    774
  1100    774
  1101    774
  1102    774
  1103    774
  1104    774
  1105    774
  1106    774
  1107    774
  1108    774
  1095    775
  1096    775
  1097    775
  1098    775
  1099    775
  1100    775
  1101    775
  1102    775
  1103    775
  1104    775
  1105    775
  1106    775
  1093    776
  1094    776
  1095    776
  1096    776
  1097    776
  1098    776
  1099    776
  1100    776
  1101    776
  1102    776
  1103    776
  1104    776
  1091    777
  1092    777
  1093    777
  1094    777
  1095    777
  1096    777
  1097    777
  1098    777
  1099    777
  1100    777
  1101    777
  1102    777
  1089    778
  1090    778
  1091    778
  1092    778
  1093    778
  1094    778
  1095    778
  1096    778
  1097    778
  1098    778
  1099    778
  1100    778
  1088    779
  1089    779
  1090    779
  1091    779
  1092    779
  1093    779
  1094    779
  1095    779
  1096    779
  1097    779
  1098    779
  1086    780
  1087    780
  1088    780
  1089    780
  1090    780
  1091    780
  1092    780
  1093    780
  1094    780
  1095    780
  1096    780
  1084    781
  1085    781
  1086    781
  1087    781
  1088    781
  1089    781
  1090    781
  1091    781
  1092    781
  1093    781
  1094    781
  1095    781
  1082    782
  1083    782
  1084    782
  1085    782
  1086    782
  1087    782
  1088    782
  1089    782
  1090    782
  1091    782
  1092    782
  1093    782
  1081    783
  1082    783
  1083    783
  1084    783
  1085    783
  1086    783
  1087    783
  1088    783
  1089    783
  1090    783
  1091    783
  1079    784
  1080    784
  1081    784
  1082    784
  1083    784
  1084    784
  1085    784
  1086    784
  1087    784
  1088    784
  1077    785
  1078    785
  1079    785
  1080    785
  1081    785
  1082    785
  1083    785
  1084    785
  1085    785
  1086    785
  1087    785
  1075    786
  1076    786
  1077    786
  1078    786
  1079    786
  1080    786
  1081    786
  1082    786
  1083    786
  1084    786
  1085    786
  1086    786
  1074    787
  1075    787
  1076    787
  1077    787
  1078    787
  1079    787
  1080    787
  1081    787
  1082    787
  1083    787
  1084    787
  1085    787
  1072    788
  1073    788
  1074    788
  1075    788
  1076    788
  1077    788
  1078    788
  1079    788
  1080    788
  1081    788
  1082    788
  1083    788
  1071    789
  1072    789
  1073    789
  1074    789
  1075    789
  1076    789
  1077    789
  1078    789
  1079    789
  1080    789
  1081    789
  1082    789
  1069    790
  1070    790
  1071    790
  1072    790
  1073    790
  1074    790
  1075    790
  1076    790
  1077    790
  1078    790
  1079    790
  1080    790
  1067    791
  1068    791
  1069    791
  1070    791
  1071    791
  1072    791
  1073    791
  1074    791
  1075    791
  1076    791
  1077    791
  1078    791
  1079    791
  1066    792
  1067    792
  1068    792
  1069    792
  1070    792
  1071    792
  1072    792
  1073    792
  1074    792
  1075    792
  1076    792
  1077    792
  1065    793
  1066    793
  1067    793
  1068    793
  1069    793
  1070    793
  1071    793
  1072    793
  1073    793
  1074    793
  1075    793
  1076    793
  1063    794
  1064    794
  1065    794
  1066    794
  1067    794
  1068    794
  1069    794
  1070    794
  1071    794
  1072    794
  1073    794
  1061    795
  1062    795
  1063    795
  1064    795
  1065    795
  1066    795
  1067    795
  1068    795
  1069    795
  1070    795
  1071    795
  1072    795
  1073    795
  1060    796
  1061    796
  1062    796
  1063    796
  1064    796
  1065    796
  1066    796
  1067    796
  1068    796
  1069    796
  1070    796
  1071    796
  1058    797
  1059    797
  1060    797
  1061    797
  1062    797
  1063    797
  1064    797
  1065    797
  1066    797
  1067    797
  1068    797
  1069    797
  1070    797
  1057    798
  1058    798
  1059    798
  1060    798
  1061    798
  1062    798
  1063    798
  1064    798
  1065    798
  1066    798
  1067    798
  1068    798
  1069    798
  1056    799
  1057    799
  1058    799
  1059    799
  1060    799
  1061    799
  1062    799
  1063    799
  1064    799
  1065    799
  1066    799
  1067    799
  1068    799
  1055    800
  1056    800
  1057    800
  1058    800
  1059    800
  1060    800
  1061    800
  1062    800
  1063    800
  1064    800
  1065    800
  1053    801
  1054    801
  1055    801
  1056    801
  1057    801
  1058    801
  1059    801
  1060    801
  1061    801
  1062    801
  1063    801
  1064    801
  1052    802
  1053    802
  1054    802
  1055    802
  1056    802
  1057    802
  1058    802
  1059    802
  1060    802
  1061    802
  1062    802
  1063    802
  1050    803
  1051    803
  1052    803
  1053    803
  1054    803
  1055    803
  1056    803
  1057    803
  1058    803
  1059    803
  1060    803
  1061    803
  1062    803
  1049    804
  1050    804
  1051    804
  1052    804
  1053    804
  1054    804
  1055    804
  1056    804
  1057    804
  1059    804
  1060    804
  1048    805
  1049    805
  1050    805
  1051    805
  1052    805
  1053    805
  1054    805
  1055    805
  1056    805
  1057    805
  1058    805
  1059    805
  1047    806
  1048    806
  1049    806
  1050    806
  1051    806
  1052    806
  1053    806
  1054    806
  1055    806
  1056    806
  1046    807
  1047    807
  1048    807
  1049    807
  1050    807
  1051    807
  1052    807
  1053    807
  1054    807
  1055    807
  1056    807
  1057    807
  1045    808
  1046    808
  1047    808
  1048    808
  1049    808
  1050    808
  1051    808
  1052    808
  1053    808
  1054    808
  1055    808
  1056    808
  1043    809
  1044    809
  1045    809
  1046    809
  1047    809
  1048    809
  1049    809
  1050    809
  1051    809
  1052    809
  1053    809
  1054    809
  1055    809
  1042    810
  1043    810
  1044    810
  1045    810
  1046    810
  1047    810
  1048    810
  1049    810
  1050    810
  1051    810
  1052    810
  1053    810
  1054    810
  1041    811
  1042    811
  1043    811
  1044    811
  1045    811
  1046    811
  1047    811
  1048    811
  1049    811
  1050    811
  1051    811
  1052    811
  1053    811
  1040    812
  1041    812
  1042    812
  1043    812
  1044    812
  1045    812
  1046    812
  1047    812
  1048    812
  1049    812
  1050    812
  1051    812
  1052    812
  1040    813
  1044    813
  1045    813
  1046    813
  1047    813
  1048    813
  1049    813
  1050    813
  1051    813
  1042    814
  1043    814
  1044    814
  1045    814
  1046    814
  1047    814
  1048    814
