  1177    743
  1178    743
  1173    744
  1174    744
  1175    744
  1176    744
  1177    744
  1178    744
  1169    745
  1170    745
  1171    745
  1172    745
  1173    745
  1174    745
  1165    746
  1166    746
  1167    746
  1169    746
  1170    746
  1161    747
  1164    747
  1165    747
  1166    747
  1167    747
  1162    748
  1163    748
  1164    748
  1159    749
  1160    749
  1151    750
  1152    750
  1157    750
  1148    751
  1149    751
  1150    751
  1151    751
  1153    751
  1154    751
  1155    751
  1145    752
  1146    752
  1149    752
  1150    752
  1151    752
  1142    753
  1143    753
  1148    753
  1139    754
  1140    754
  1144    754
  1145    754
  1146    754
  1136    755
  1137    755
  1134    756
  1135    756
  1131    757
  1132    757
  1133    757
  1134    757
  1128    758
  1129    758
  1130    758
  1131    758
  1132    758
  1135    758
  1126    759
  1127    759
  1128    759
  1129    759
  1130    759
  1131    759
  1133    759
  1123    760
  1124    760
  1128    760
  1129    760
  1130    760
  1122    761
  1123    761
  1124    761
  1127    761
  1119    762
  1120    762
  1121    762
  1122    762
  1123    762
  1125    762
  1116    763
  1117    763
  1118    763
  1119    763
  1120    763
  1121    763
  1122    763
  1123    763
  1114    764
  1115    764
  1116    764
  1117    764
  1118    764
  1119    764
  1120    764
  1121    764
  1111    765
  1112    765
  1113    765
  1114    765
  1115    765
  1116    765
  1117    765
  1118    765
  1109    766
  1110    766
  1111    766
  1112    766
  1113    766
  1114    766
  1115    766
  1116    766
  1106    767
  1107    767
  1108    767
  1109    767
  1110    767
  1111    767
  1112    767
  1113    767
  1114    767
  1115    767
  1105    768
  1106    768
  1107    768
  1108    768
  1109    768
  1110    768
  1111    768
  1112    768
  1102    769
  1103    769
  1104    769
  1105    769
  1106    769
  1107    769
  1108    769
  1109    769
  1110    769
  1100    770
  1101    770
  1102    770
  1103    770
  1104    770
  1105    770
  1106    770
  1107    770
  1108    770
  1098    771
  1099    771
  1100    771
  1101    771
  1102    771
  1103    771
  1104    771
  1105    771
  1106    771
  1096    772
  1097    772
  1098    772
  1099    772
  1100    772
  1101    772
  1102    772
  1103    772
  1104    772
  1094    773
  1095    773
  1096    773
  1097    773
  1098    773
  1099    773
  1100    773
  1101    773
  1102    773
  1103    773
  1092    774
  1093    774
  1094    774
  1095    774
  1096    774
  1097    774
  1098    774
  1099    774
  1100    774
  1101    774
  1090    775
  1091    775
  1092    775
  1093    775
  1094    775
  1095    775
  1096    775
  1097    775
  1098    775
  1099    775
  1088    776
  1089    776
  1090    776
  1091    776
  1092    776
  1093    776
  1094    776
  1095    776
  1096    776
  1097    776
  1086    777
  1087    777
  1088    777
  1089    777
  1090    777
  1091    777
  1092    777
  1093    777
  1094    777
  1095    777
  1085    778
  1086    778
  1087    778
  1088    778
  1089    778
  1090    778
  1091    778
  1092    778
  1093    778
  1083    779
  1084    779
  1085    779
  1086    779
  1087    779
  1088    779
  1089    779
  1090    779
  1091    779
  1080    780
  1081    780
  1082    780
  1083    780
  1084    780
  1085    780
  1086    780
  1087    780
  1088    780
  1089    780
  1079    781
  1080    781
  1081    781
  1082    781
  1083    781
  1084    781
  1085    781
  1086    781
  1087    781
  1088    781
  1077    782
  1078    782
  1079    782
  1080    782
  1081    782
  1082    782
  1083    782
  1084    782
  1085    782
  1086    782
  1075    783
  1076    783
  1077    783
  1078    783
  1079    783
  1080    783
  1081    783
  1082    783
  1083    783
  1084    783
  1073    784
  1074    784
  1075    784
  1076    784
  1077    784
  1078    784
  1079    784
  1080    784
  1081    784
  1072    785
  1073    785
  1074    785
  1075    785
  1076    785
  1077    785
  1078    785
  1079    785
  1080    785
  1071    786
  1072    786
  1073    786
  1074    786
  1077    786
  1078    786
  1079    786
  1069    787
  1070    787
  1071    787
  1072    787
  1073    787
  1074    787
  1075    787
  1076    787
  1077    787
  1078    787
  1068    788
  1069    788
  1070    788
  1074    788
  1075    788
  1076    788
  1066    789
  1067    789
  1068    789
  1069    789
  1073    789
  1074    789
  1064    790
  1065    790
  1066    790
  1067    790
  1068    790
  1069    790
  1070    790
  1072    790
  1073    790
  1063    791
  1064    791
  1065    791
  1066    791
  1067    791
  1068    791
  1069    791
  1071    791
  1072    791
  1061    792
  1062    792
  1063    792
  1064    792
  1065    792
  1066    792
  1067    792
  1069    792
  1070    792
  1059    793
  1060    793
  1061    793
  1062    793
  1063    793
  1064    793
  1065    793
  1067    793
  1068    793
  1058    794
  1059    794
  1060    794
  1061    794
  1062    794
  1063    794
  1064    794
  1066    794
  1067    794
  1056    795
  1057    795
  1058    795
  1059    795
  1060    795
  1061    795
  1065    795
  1066    795
  1055    796
  1056    796
  1057    796
  1058    796
  1059    796
  1060    796
  1061    796
  1062    796
  1063    796
  1064    796
  1054    797
  1055    797
  1057    797
  1058    797
  1052    798
  1053    798
  1050    799
  1051    799
  1052    799
  1050    800
  1051    800
  1048    801
  1049    801
