  1233    734
  1234    734
  1235    734
  1236    734
  1237    734
  1226    735
  1227    735
  1228    735
  1229    735
  1230    735
  1231    735
  1232    735
  1221    736
  1222    736
  1223    736
  1224    736
  1225    736
  1226    736
  1227    736
  1216    737
  1217    737
  1220    737
  1221    737
  1222    737
  1223    737
  1213    738
  1214    738
  1216    738
  1217    738
  1218    738
  1208    739
  1209    739
  1210    739
  1211    739
  1212    739
  1213    739
  1203    740
  1204    740
  1205    740
  1206    740
  1207    740
  1208    740
  1209    740
  1198    741
  1199    741
  1200    741
  1201    741
  1202    741
  1203    741
  1204    741
  1205    741
  1195    742
  1196    742
  1197    742
  1198    742
  1199    742
  1200    742
  1190    743
  1191    743
  1192    743
  1195    743
  1186    744
  1187    744
  1182    745
  1183    745
  1178    746
  1179    746
  1180    746
  1182    746
  1183    746
  1184    746
  1175    747
  1176    747
  1177    747
  1178    747
  1179    747
  1180    747
  1181    747
  1170    748
  1171    748
  1172    748
  1173    748
  1175    748
  1176    748
  1177    748
  1167    749
  1168    749
  1172    749
  1173    749
  1163    750
  1164    750
  1165    750
  1167    750
  1168    750
  1169    750
  1170    750
  1159    751
  1160    751
  1165    751
  1166    751
  1167    751
  1157    752
  1158    752
  1159    752
  1162    752
  1163    752
  1164    752
  1154    753
  1155    753
  1156    753
  1157    753
  1158    753
  1159    753
  1160    753
  1161    753
  1151    754
  1152    754
  1153    754
  1154    754
  1155    754
  1156    754
  1157    754
  1158    754
  1148    755
  1149    755
  1150    755
  1154    755
  1155    755
  1145    756
  1146    756
  1147    756
  1152    756
  1153    756
  1143    757
  1144    757
  1145    757
  1150    757
  1140    758
  1141    758
  1142    758
  1147    758
  1137    759
  1138    759
  1139    759
  1140    759
  1141    759
  1142    759
  1144    759
  1145    759
  1135    760
  1136    760
  1137    760
  1138    760
  1139    760
  1132    761
  1133    761
  1134    761
  1135    761
  1136    761
  1137    761
  1139    761
  1140    761
  1141    761
  1131    762
  1132    762
  1137    762
  1138    762
  1128    763
  1129    763
  1130    763
  1131    763
  1135    763
  1126    764
  1127    764
  1128    764
  1129    764
  1130    764
  1131    764
  1132    764
  1133    764
  1124    765
  1125    765
  1126    765
  1127    765
  1128    765
  1129    765
  1130    765
  1131    765
  1121    766
  1122    766
  1123    766
  1124    766
  1125    766
  1126    766
  1127    766
  1128    766
  1129    766
  1118    767
  1119    767
  1120    767
  1121    767
  1122    767
  1123    767
  1124    767
  1125    767
  1126    767
  1127    767
  1116    768
  1117    768
  1118    768
  1119    768
  1120    768
  1121    768
  1122    768
  1123    768
  1124    768
  1125    768
  1114    769
  1115    769
  1116    769
  1117    769
  1118    769
  1119    769
  1120    769
  1121    769
  1122    769
  1123    769
  1112    770
  1113    770
  1114    770
  1115    770
  1116    770
  1117    770
  1118    770
  1119    770
  1120    770
  1121    770
  1110    771
  1111    771
  1112    771
  1113    771
  1114    771
  1115    771
  1116    771
  1117    771
  1118    771
  1119    771
  1108    772
  1109    772
  1110    772
  1111    772
  1112    772
  1113    772
  1114    772
  1115    772
  1116    772
  1117    772
  1106    773
  1107    773
  1108    773
  1109    773
  1110    773
  1111    773
  1112    773
  1113    773
  1114    773
  1115    773
  1104    774
  1105    774
  1106    774
  1107    774
  1108    774
  1109    774
  1110    774
  1111    774
  1112    774
  1113    774
  1102    775
  1103    775
  1104    775
  1105    775
  1106    775
  1107    775
  1108    775
  1109    775
  1110    775
  1111    775
  1112    775
  1100    776
  1101    776
  1102    776
  1103    776
  1104    776
  1105    776
  1106    776
  1107    776
  1108    776
  1109    776
  1110    776
  1099    777
  1100    777
  1101    777
  1102    777
  1103    777
  1104    777
  1105    777
  1106    777
  1107    777
  1108    777
  1096    778
  1097    778
  1098    778
  1099    778
  1100    778
  1101    778
  1102    778
  1103    778
  1104    778
  1105    778
  1106    778
  1107    778
  1094    779
  1095    779
  1096    779
  1097    779
  1098    779
  1099    779
  1100    779
  1101    779
  1102    779
  1103    779
  1104    779
  1093    780
  1094    780
  1095    780
  1096    780
  1097    780
  1098    780
  1099    780
  1100    780
  1101    780
  1102    780
  1091    781
  1092    781
  1093    781
  1094    781
  1095    781
  1096    781
  1097    781
  1098    781
  1099    781
  1100    781
  1101    781
  1089    782
  1090    782
  1091    782
  1092    782
  1093    782
  1094    782
  1095    782
  1096    782
  1097    782
  1098    782
  1099    782
  1087    783
  1088    783
  1089    783
  1090    783
  1091    783
  1092    783
  1093    783
  1094    783
  1095    783
  1096    783
  1097    783
  1086    784
  1087    784
  1088    784
  1089    784
  1090    784
  1091    784
  1092    784
  1093    784
  1094    784
  1084    785
  1085    785
  1086    785
  1087    785
  1088    785
  1089    785
  1090    785
  1091    785
  1092    785
  1093    785
  1094    785
  1082    786
  1083    786
  1084    786
  1085    786
  1086    786
  1087    786
  1088    786
  1089    786
  1090    786
  1091    786
  1092    786
  1080    787
  1081    787
  1082    787
  1083    787
  1084    787
  1085    787
  1086    787
  1087    787
  1088    787
  1089    787
  1090    787
  1091    787
  1079    788
  1080    788
  1081    788
  1082    788
  1083    788
  1084    788
  1085    788
  1086    788
  1087    788
  1088    788
  1089    788
  1077    789
  1078    789
  1079    789
  1080    789
  1081    789
  1082    789
  1083    789
  1084    789
  1085    789
  1086    789
  1087    789
  1088    789
  1076    790
  1077    790
  1078    790
  1079    790
  1080    790
  1081    790
  1082    790
  1083    790
  1084    790
  1085    790
  1086    790
  1087    790
  1075    791
  1076    791
  1077    791
  1078    791
  1079    791
  1080    791
  1081    791
  1082    791
  1083    791
  1084    791
  1085    791
  1073    792
  1074    792
  1075    792
  1076    792
  1077    792
  1078    792
  1079    792
  1080    792
  1081    792
  1082    792
  1083    792
  1072    793
  1073    793
  1074    793
  1075    793
  1076    793
  1077    793
  1078    793
  1079    793
  1080    793
  1081    793
  1082    793
  1070    794
  1071    794
  1072    794
  1073    794
  1074    794
  1075    794
  1076    794
  1077    794
  1078    794
  1079    794
  1080    794
  1081    794
  1069    795
  1070    795
  1071    795
  1072    795
  1073    795
  1074    795
  1075    795
  1076    795
  1077    795
  1078    795
  1079    795
  1067    796
  1068    796
  1069    796
  1070    796
  1071    796
  1072    796
  1073    796
  1074    796
  1075    796
  1076    796
  1077    796
  1078    796
  1065    797
  1066    797
  1067    797
  1068    797
  1069    797
  1070    797
  1071    797
  1072    797
  1073    797
  1074    797
  1075    797
  1076    797
  1077    797
  1064    798
  1065    798
  1066    798
  1067    798
  1068    798
  1069    798
  1070    798
  1071    798
  1072    798
  1073    798
  1074    798
  1075    798
  1062    799
  1063    799
  1064    799
  1065    799
  1066    799
  1067    799
  1068    799
  1069    799
  1070    799
  1071    799
  1072    799
  1061    800
  1062    800
  1063    800
  1064    800
  1065    800
  1066    800
  1067    800
  1068    800
  1069    800
  1070    800
  1071    800
  1072    800
  1060    801
  1061    801
  1062    801
  1063    801
  1064    801
  1065    801
  1066    801
  1067    801
  1068    801
  1069    801
  1070    801
  1071    801
  1058    802
  1059    802
  1060    802
  1061    802
  1062    802
  1063    802
  1064    802
  1065    802
  1066    802
  1067    802
  1069    802
  1070    802
  1071    802
  1059    803
  1060    803
  1061    803
  1062    803
  1063    803
  1064    803
  1065    803
  1068    803
  1061    804
  1062    804
  1063    804
  1064    804
  1055    805
  1056    805
  1058    805
  1059    805
  1060    805
  1061    805
  1062    805
  1063    805
  1064    805
  1065    805
  1054    806
  1055    806
  1056    806
  1057    806
  1058    806
  1059    806
  1060    806
  1061    806
  1063    806
  1064    806
  1056    807
  1057    807
  1058    807
  1059    807
  1060    807
  1061    807
  1062    807
  1063    807
  1052    808
  1053    808
  1055    808
  1056    808
  1057    808
  1058    808
  1059    808
  1061    808
  1062    808
  1063    808
  1052    809
  1053    809
  1054    809
  1055    809
  1056    809
  1057    809
  1058    809
  1059    809
  1060    809
  1061    809
  1062    809
  1050    810
  1051    810
  1054    810
  1055    810
  1056    810
  1057    810
  1059    810
  1060    810
  1048    811
  1049    811
  1050    811
  1052    811
  1053    811
  1054    811
  1055    811
  1056    811
  1053    812
  1054    812
  1055    812
