   804    665
   805    665
   806    665
   807    665
   808    665
   809    665
   810    665
   811    665
   812    665
   813    665
   814    665
   815    665
   816    665
   817    665
   818    665
   819    665
   820    665
   821    665
   822    665
   823    665
   824    665
   825    665
   826    665
   827    665
   828    665
   829    665
   830    665
   831    665
   832    665
   833    665
   834    665
   835    665
   836    665
   837    665
   838    665
   839    665
   840    665
   841    665
   842    665
   843    665
   844    665
   845    665
   846    665
   847    665
   848    665
   802    666
   803    666
   804    666
   805    666
   806    666
   807    666
   808    666
   809    666
   810    666
   811    666
   812    666
   813    666
   814    666
   815    666
   816    666
   817    666
   818    666
   819    666
   820    666
   821    666
   822    666
   823    666
   824    666
   825    666
   826    666
   827    666
   828    666
   829    666
   830    666
   831    666
   832    666
   833    666
   834    666
   835    666
   836    666
   837    666
   838    666
   839    666
   840    666
   841    666
   842    666
   843    666
   844    666
   845    666
   846    666
   847    666
   848    666
   800    667
   801    667
   802    667
   803    667
   804    667
   805    667
   806    667
   807    667
   808    667
   809    667
   810    667
   811    667
   812    667
   813    667
   814    667
   815    667
   816    667
   817    667
   818    667
   819    667
   820    667
   821    667
   822    667
   823    667
   824    667
   825    667
   826    667
   827    667
   828    667
   829    667
   830    667
   831    667
   832    667
   833    667
   834    667
   835    667
   836    667
   837    667
   838    667
   839    667
   840    667
   841    667
   842    667
   843    667
   844    667
   845    667
   846    667
   847    667
   797    668
   798    668
   799    668
   800    668
   801    668
   802    668
   803    668
   804    668
   805    668
   806    668
   807    668
   808    668
   809    668
   810    668
   811    668
   812    668
   813    668
   814    668
   815    668
   816    668
   817    668
   818    668
   819    668
   820    668
   821    668
   822    668
   823    668
   824    668
   825    668
   826    668
   827    668
   828    668
   829    668
   830    668
   831    668
   832    668
   833    668
   834    668
   835    668
   836    668
   837    668
   838    668
   839    668
   840    668
   841    668
   842    668
   843    668
   844    668
   845    668
   846    668
   847    668
   795    669
   796    669
   797    669
   798    669
   799    669
   800    669
   801    669
   802    669
   803    669
   804    669
   805    669
   806    669
   807    669
   808    669
   809    669
   810    669
   811    669
   812    669
   813    669
   814    669
   815    669
   816    669
   817    669
   818    669
   819    669
   820    669
   821    669
   822    669
   823    669
   824    669
   825    669
   826    669
   827    669
   828    669
   829    669
   830    669
   831    669
   832    669
   833    669
   834    669
   835    669
   836    669
   837    669
   838    669
   839    669
   840    669
   841    669
   842    669
   843    669
   844    669
   845    669
   846    669
   793    670
   794    670
   795    670
   796    670
   797    670
   798    670
   799    670
   800    670
   801    670
   802    670
   803    670
   804    670
   805    670
   806    670
   807    670
   808    670
   809    670
   810    670
   811    670
   812    670
   813    670
   814    670
   815    670
   816    670
   817    670
   818    670
   819    670
   820    670
   821    670
   822    670
   823    670
   824    670
   825    670
   826    670
   827    670
   828    670
   829    670
   830    670
   831    670
   832    670
   833    670
   834    670
   835    670
   836    670
   837    670
   838    670
   839    670
   840    670
   841    670
   842    670
   843    670
   844    670
   845    670
   846    670
   791    671
   792    671
   793    671
   794    671
   795    671
   796    671
   797    671
   798    671
   799    671
   800    671
   801    671
   802    671
   803    671
   804    671
   805    671
   806    671
   807    671
   808    671
   809    671
   810    671
   811    671
   812    671
   813    671
   814    671
   815    671
   816    671
   817    671
   818    671
   819    671
   820    671
   821    671
   822    671
   823    671
   824    671
   825    671
   826    671
   827    671
   828    671
   829    671
   830    671
   831    671
   832    671
   833    671
   834    671
   835    671
   836    671
   837    671
   838    671
   839    671
   840    671
   841    671
   842    671
   843    671
   844    671
   845    671
   789    672
   790    672
   791    672
   792    672
   793    672
   794    672
   795    672
   796    672
   797    672
   798    672
   799    672
   800    672
   801    672
   802    672
   803    672
   804    672
   805    672
   806    672
   807    672
   808    672
   809    672
   810    672
   811    672
   812    672
   813    672
   814    672
   815    672
   816    672
   817    672
   818    672
   819    672
   820    672
   821    672
   822    672
   823    672
   824    672
   825    672
   826    672
   827    672
   828    672
   829    672
   830    672
   831    672
   832    672
   833    672
   834    672
   835    672
   836    672
   837    672
   838    672
   839    672
   840    672
   841    672
   842    672
   843    672
   844    672
   845    672
   786    673
   787    673
   788    673
   789    673
   790    673
   791    673
   792    673
   793    673
   794    673
   795    673
   796    673
   797    673
   798    673
   799    673
   800    673
   801    673
   802    673
   803    673
   804    673
   805    673
   806    673
   807    673
   808    673
   809    673
   810    673
   811    673
   812    673
   813    673
   814    673
   815    673
   816    673
   817    673
   818    673
   819    673
   820    673
   821    673
   822    673
   823    673
   824    673
   825    673
   826    673
   827    673
   828    673
   829    673
   830    673
   831    673
   832    673
   833    673
   834    673
   835    673
   836    673
   837    673
   838    673
   839    673
   840    673
   841    673
   842    673
   843    673
   844    673
   845    673
   784    674
   785    674
   786    674
   787    674
   788    674
   789    674
   790    674
   791    674
   792    674
   793    674
   794    674
   795    674
   796    674
   797    674
   798    674
   799    674
   800    674
   801    674
   802    674
   803    674
   804    674
   805    674
   806    674
   807    674
   808    674
   809    674
   810    674
   811    674
   812    674
   813    674
   814    674
   815    674
   816    674
   817    674
   818    674
   819    674
   820    674
   821    674
   822    674
   823    674
   824    674
   825    674
   826    674
   827    674
   828    674
   829    674
   830    674
   831    674
   832    674
   833    674
   834    674
   835    674
   836    674
   837    674
   838    674
   839    674
   840    674
   841    674
   842    674
   843    674
   844    674
   782    675
   783    675
   784    675
   785    675
   786    675
   787    675
   788    675
   789    675
   790    675
   791    675
   792    675
   793    675
   794    675
   795    675
   796    675
   797    675
   798    675
   799    675
   800    675
   801    675
   802    675
   803    675
   804    675
   805    675
   806    675
   807    675
   808    675
   809    675
   810    675
   811    675
   812    675
   813    675
   814    675
   815    675
   816    675
   817    675
   818    675
   819    675
   820    675
   821    675
   822    675
   823    675
   824    675
   825    675
   826    675
   827    675
   828    675
   829    675
   830    675
   831    675
   832    675
   833    675
   834    675
   835    675
   836    675
   837    675
   838    675
   839    675
   840    675
   841    675
   842    675
   843    675
   844    675
   780    676
   781    676
   782    676
   783    676
   784    676
   785    676
   786    676
   787    676
   788    676
   789    676
   790    676
   791    676
   792    676
   793    676
   794    676
   795    676
   796    676
   797    676
   798    676
   799    676
   800    676
   801    676
   802    676
   803    676
   804    676
   805    676
   806    676
   807    676
   808    676
   809    676
   810    676
   811    676
   812    676
   813    676
   814    676
   815    676
   816    676
   817    676
   818    676
   819    676
   820    676
   821    676
   822    676
   823    676
   824    676
   825    676
   826    676
   827    676
   828    676
   829    676
   830    676
   831    676
   832    676
   833    676
   834    676
   835    676
   836    676
   837    676
   838    676
   839    676
   840    676
   841    676
   842    676
   843    676
   777    677
   778    677
   779    677
   780    677
   781    677
   782    677
   783    677
   784    677
   785    677
   786    677
   787    677
   788    677
   789    677
   790    677
   791    677
   792    677
   793    677
   794    677
   795    677
   796    677
   797    677
   798    677
   799    677
   800    677
   801    677
   802    677
   803    677
   804    677
   805    677
   806    677
   807    677
   808    677
   809    677
   810    677
   811    677
   812    677
   813    677
   814    677
   815    677
   816    677
   817    677
   818    677
   819    677
   820    677
   821    677
   822    677
   823    677
   824    677
   825    677
   826    677
   827    677
   828    677
   829    677
   830    677
   831    677
   832    677
   833    677
   834    677
   835    677
   836    677
   837    677
   838    677
   839    677
   840    677
   841    677
   842    677
   843    677
   775    678
   776    678
   777    678
   778    678
   779    678
   780    678
   781    678
   782    678
   783    678
   784    678
   785    678
   786    678
   787    678
   788    678
   789    678
   790    678
   791    678
   792    678
   793    678
   794    678
   795    678
   796    678
   797    678
   798    678
   799    678
   800    678
   801    678
   802    678
   803    678
   804    678
   805    678
   806    678
   807    678
   808    678
   809    678
   810    678
   811    678
   812    678
   813    678
   814    678
   815    678
   816    678
   817    678
   818    678
   819    678
   820    678
   821    678
   822    678
   823    678
   824    678
   825    678
   826    678
   827    678
   828    678
   829    678
   830    678
   831    678
   832    678
   833    678
   834    678
   835    678
   836    678
   837    678
   838    678
   839    678
   840    678
   841    678
   842    678
   773    679
   774    679
   775    679
   776    679
   777    679
   778    679
   779    679
   780    679
   781    679
   782    679
   783    679
   784    679
   785    679
   786    679
   787    679
   788    679
   789    679
   790    679
   791    679
   792    679
   793    679
   794    679
   795    679
   796    679
   797    679
   798    679
   799    679
   800    679
   801    679
   802    679
   803    679
   804    679
   805    679
   806    679
   807    679
   808    679
   809    679
   810    679
   811    679
   812    679
   813    679
   814    679
   815    679
   816    679
   817    679
   818    679
   819    679
   820    679
   821    679
   822    679
   823    679
   824    679
   825    679
   826    679
   827    679
   828    679
   829    679
   830    679
   831    679
   832    679
   833    679
   834    679
   835    679
   836    679
   837    679
   838    679
   839    679
   840    679
   841    679
   842    679
   771    680
   772    680
   773    680
   774    680
   775    680
   776    680
   777    680
   778    680
   779    680
   780    680
   781    680
   782    680
   783    680
   784    680
   785    680
   786    680
   787    680
   788    680
   789    680
   790    680
   791    680
   792    680
   793    680
   794    680
   795    680
   796    680
   797    680
   798    680
   799    680
   800    680
   801    680
   802    680
   803    680
   804    680
   805    680
   806    680
   807    680
   808    680
   809    680
   810    680
   811    680
   812    680
   813    680
   814    680
   815    680
   816    680
   817    680
   818    680
   819    680
   820    680
   821    680
   822    680
   823    680
   824    680
   825    680
   826    680
   827    680
   828    680
   829    680
   830    680
   831    680
   832    680
   833    680
   834    680
   835    680
   836    680
   837    680
   838    680
   839    680
   840    680
   841    680
   769    681
   770    681
   771    681
   772    681
   773    681
   774    681
   775    681
   776    681
   777    681
   778    681
   779    681
   780    681
   781    681
   782    681
   783    681
   784    681
   785    681
   786    681
   787    681
   788    681
   789    681
   790    681
   791    681
   792    681
   793    681
   794    681
   795    681
   796    681
   797    681
   798    681
   799    681
   800    681
   801    681
   802    681
   803    681
   804    681
   805    681
   806    681
   807    681
   808    681
   809    681
   810    681
   811    681
   812    681
   813    681
   814    681
   815    681
   816    681
   817    681
   818    681
   819    681
   820    681
   821    681
   822    681
   823    681
   824    681
   825    681
   826    681
   827    681
   828    681
   829    681
   830    681
   831    681
   832    681
   833    681
   834    681
   835    681
   836    681
   837    681
   838    681
   839    681
   840    681
   841    681
   766    682
   767    682
   768    682
   769    682
   770    682
   771    682
   772    682
   773    682
   774    682
   775    682
   776    682
   777    682
   778    682
   779    682
   780    682
   781    682
   782    682
   783    682
   784    682
   785    682
   786    682
   787    682
   788    682
   789    682
   790    682
   791    682
   792    682
   793    682
   794    682
   795    682
   796    682
   797    682
   798    682
   799    682
   800    682
   801    682
   802    682
   803    682
   804    682
   805    682
   806    682
   807    682
   808    682
   809    682
   810    682
   811    682
   812    682
   813    682
   814    682
   815    682
   816    682
   817    682
   818    682
   819    682
   820    682
   821    682
   822    682
   823    682
   824    682
   825    682
   826    682
   827    682
   828    682
   829    682
   830    682
   831    682
   832    682
   833    682
   834    682
   835    682
   836    682
   837    682
   838    682
   839    682
   840    682
   841    682
   764    683
   765    683
   766    683
   767    683
   768    683
   769    683
   770    683
   771    683
   772    683
   773    683
   774    683
   775    683
   776    683
   777    683
   778    683
   779    683
   780    683
   781    683
   782    683
   783    683
   784    683
   785    683
   786    683
   787    683
   788    683
   789    683
   790    683
   791    683
   792    683
   793    683
   794    683
   795    683
   796    683
   797    683
   798    683
   799    683
   800    683
   801    683
   802    683
   803    683
   804    683
   805    683
   806    683
   807    683
   808    683
   809    683
   810    683
   811    683
   812    683
   813    683
   814    683
   815    683
   816    683
   817    683
   818    683
   819    683
   820    683
   821    683
   822    683
   823    683
   824    683
   825    683
   826    683
   827    683
   828    683
   829    683
   830    683
   831    683
   832    683
   833    683
   834    683
   835    683
   836    683
   837    683
   838    683
   839    683
   840    683
   762    684
   763    684
   764    684
   765    684
   766    684
   767    684
   768    684
   769    684
   770    684
   771    684
   772    684
   773    684
   774    684
   775    684
   776    684
   777    684
   778    684
   779    684
   780    684
   781    684
   782    684
   783    684
   784    684
   785    684
   786    684
   787    684
   788    684
   789    684
   790    684
   791    684
   792    684
   793    684
   794    684
   795    684
   796    684
   797    684
   798    684
   799    684
   800    684
   801    684
   802    684
   803    684
   804    684
   805    684
   806    684
   807    684
   808    684
   809    684
   810    684
   811    684
   812    684
   813    684
   814    684
   815    684
   816    684
   817    684
   818    684
   819    684
   820    684
   821    684
   822    684
   823    684
   824    684
   825    684
   826    684
   827    684
   828    684
   829    684
   830    684
   831    684
   832    684
   833    684
   834    684
   835    684
   836    684
   837    684
   838    684
   839    684
   840    684
   760    685
   761    685
   762    685
   763    685
   764    685
   765    685
   766    685
   767    685
   768    685
   769    685
   770    685
   771    685
   772    685
   773    685
   774    685
   775    685
   776    685
   777    685
   778    685
   779    685
   780    685
   781    685
   782    685
   783    685
   784    685
   785    685
   786    685
   787    685
   788    685
   789    685
   790    685
   791    685
   792    685
   793    685
   794    685
   795    685
   796    685
   797    685
   798    685
   799    685
   800    685
   801    685
   802    685
   803    685
   804    685
   805    685
   806    685
   807    685
   808    685
   809    685
   810    685
   811    685
   812    685
   813    685
   814    685
   815    685
   816    685
   817    685
   818    685
   819    685
   820    685
   821    685
   822    685
   823    685
   824    685
   825    685
   826    685
   827    685
   828    685
   829    685
   830    685
   831    685
   832    685
   833    685
   834    685
   835    685
   836    685
   837    685
   838    685
   839    685
   757    686
   758    686
   759    686
   760    686
   761    686
   762    686
   763    686
   764    686
   765    686
   766    686
   767    686
   768    686
   769    686
   770    686
   771    686
   772    686
   773    686
   774    686
   775    686
   776    686
   777    686
   778    686
   779    686
   780    686
   781    686
   782    686
   783    686
   784    686
   785    686
   786    686
   787    686
   788    686
   789    686
   790    686
   791    686
   792    686
   793    686
   794    686
   795    686
   796    686
   797    686
   798    686
   799    686
   800    686
   801    686
   802    686
   803    686
   804    686
   805    686
   806    686
   807    686
   808    686
   809    686
   810    686
   811    686
   812    686
   813    686
   814    686
   815    686
   816    686
   817    686
   818    686
   819    686
   820    686
   821    686
   822    686
   823    686
   824    686
   825    686
   826    686
   827    686
   828    686
   829    686
   830    686
   831    686
   832    686
   833    686
   834    686
   835    686
   836    686
   837    686
   838    686
   839    686
   755    687
   756    687
   757    687
   758    687
   759    687
   760    687
   761    687
   762    687
   763    687
   764    687
   765    687
   766    687
   767    687
   768    687
   769    687
   770    687
   771    687
   772    687
   773    687
   774    687
   775    687
   776    687
   777    687
   778    687
   779    687
   780    687
   781    687
   782    687
   783    687
   784    687
   785    687
   786    687
   787    687
   788    687
   789    687
   790    687
   791    687
   792    687
   793    687
   794    687
   795    687
   796    687
   797    687
   798    687
   799    687
   800    687
   801    687
   802    687
   803    687
   804    687
   805    687
   806    687
   807    687
   808    687
   809    687
   810    687
   811    687
   812    687
   813    687
   814    687
   815    687
   816    687
   817    687
   818    687
   819    687
   820    687
   821    687
   822    687
   823    687
   824    687
   825    687
   826    687
   827    687
   828    687
   829    687
   830    687
   831    687
   832    687
   833    687
   834    687
   835    687
   836    687
   837    687
   838    687
   753    688
   754    688
   755    688
   756    688
   757    688
   758    688
   759    688
   760    688
   761    688
   762    688
   763    688
   764    688
   765    688
   766    688
   767    688
   768    688
   769    688
   770    688
   771    688
   772    688
   773    688
   774    688
   775    688
   776    688
   777    688
   778    688
   779    688
   780    688
   781    688
   782    688
   783    688
   784    688
   785    688
   786    688
   787    688
   788    688
   789    688
   790    688
   791    688
   792    688
   793    688
   794    688
   795    688
   796    688
   797    688
   798    688
   799    688
   800    688
   801    688
   802    688
   803    688
   804    688
   805    688
   806    688
   807    688
   808    688
   809    688
   810    688
   811    688
   812    688
   813    688
   814    688
   815    688
   816    688
   817    688
   818    688
   819    688
   820    688
   821    688
   822    688
   823    688
   824    688
   825    688
   826    688
   827    688
   828    688
   829    688
   830    688
   831    688
   832    688
   833    688
   834    688
   835    688
   836    688
   837    688
   838    688
   751    689
   752    689
   753    689
   754    689
   755    689
   756    689
   757    689
   758    689
   759    689
   760    689
   761    689
   762    689
   763    689
   764    689
   765    689
   766    689
   767    689
   768    689
   769    689
   770    689
   771    689
   772    689
   773    689
   774    689
   775    689
   776    689
   777    689
   778    689
   779    689
   780    689
   781    689
   782    689
   783    689
   784    689
   785    689
   786    689
   787    689
   788    689
   789    689
   790    689
   791    689
   792    689
   793    689
   794    689
   795    689
   796    689
   797    689
   798    689
   799    689
   800    689
   801    689
   802    689
   803    689
   804    689
   805    689
   806    689
   807    689
   808    689
   809    689
   810    689
   811    689
   812    689
   813    689
   814    689
   815    689
   816    689
   817    689
   818    689
   819    689
   820    689
   821    689
   822    689
   823    689
   824    689
   825    689
   826    689
   827    689
   828    689
   829    689
   830    689
   831    689
   832    689
   833    689
   834    689
   835    689
   836    689
   837    689
   838    689
   749    690
   750    690
   751    690
   752    690
   753    690
   754    690
   755    690
   756    690
   757    690
   758    690
   759    690
   760    690
   761    690
   762    690
   763    690
   764    690
   765    690
   766    690
   767    690
   768    690
   769    690
   770    690
   771    690
   772    690
   773    690
   774    690
   775    690
   776    690
   777    690
   778    690
   779    690
   780    690
   781    690
   782    690
   783    690
   784    690
   785    690
   786    690
   787    690
   788    690
   789    690
   790    690
   791    690
   792    690
   793    690
   794    690
   795    690
   796    690
   797    690
   798    690
   799    690
   800    690
   801    690
   802    690
   803    690
   804    690
   805    690
   806    690
   807    690
   808    690
   809    690
   810    690
   811    690
   812    690
   813    690
   814    690
   815    690
   816    690
   817    690
   818    690
   819    690
   820    690
   821    690
   822    690
   823    690
   824    690
   825    690
   826    690
   827    690
   828    690
   829    690
   830    690
   831    690
   832    690
   833    690
   834    690
   835    690
   836    690
   837    690
   746    691
   747    691
   748    691
   749    691
   750    691
   751    691
   752    691
   753    691
   754    691
   755    691
   756    691
   757    691
   758    691
   759    691
   760    691
   761    691
   762    691
   763    691
   764    691
   765    691
   766    691
   767    691
   768    691
   769    691
   770    691
   771    691
   772    691
   773    691
   774    691
   775    691
   776    691
   777    691
   778    691
   779    691
   780    691
   781    691
   782    691
   783    691
   784    691
   785    691
   786    691
   787    691
   788    691
   789    691
   790    691
   791    691
   792    691
   793    691
   794    691
   795    691
   796    691
   797    691
   798    691
   799    691
   800    691
   801    691
   802    691
   803    691
   804    691
   805    691
   806    691
   807    691
   808    691
   809    691
   810    691
   811    691
   812    691
   813    691
   814    691
   815    691
   816    691
   817    691
   818    691
   819    691
   820    691
   821    691
   822    691
   823    691
   824    691
   825    691
   826    691
   827    691
   828    691
   829    691
   830    691
   831    691
   832    691
   833    691
   834    691
   835    691
   836    691
   744    692
   745    692
   746    692
   747    692
   748    692
   749    692
   750    692
   751    692
   752    692
   753    692
   754    692
   755    692
   756    692
   757    692
   758    692
   759    692
   760    692
   761    692
   762    692
   763    692
   764    692
   765    692
   766    692
   767    692
   768    692
   769    692
   770    692
   771    692
   772    692
   773    692
   774    692
   775    692
   776    692
   777    692
   778    692
   779    692
   780    692
   781    692
   782    692
   783    692
   784    692
   785    692
   786    692
   787    692
   788    692
   789    692
   790    692
   791    692
   792    692
   793    692
   794    692
   795    692
   796    692
   797    692
   798    692
   799    692
   800    692
   801    692
   802    692
   803    692
   804    692
   805    692
   806    692
   807    692
   808    692
   809    692
   810    692
   811    692
   812    692
   813    692
   814    692
   815    692
   816    692
   817    692
   818    692
   819    692
   820    692
   821    692
   822    692
   823    692
   824    692
   825    692
   826    692
   827    692
   828    692
   829    692
   830    692
   831    692
   832    692
   833    692
   834    692
   835    692
   836    692
   742    693
   743    693
   744    693
   745    693
   746    693
   747    693
   748    693
   749    693
   750    693
   751    693
   752    693
   753    693
   754    693
   755    693
   756    693
   757    693
   758    693
   759    693
   760    693
   761    693
   762    693
   763    693
   764    693
   765    693
   766    693
   767    693
   768    693
   769    693
   770    693
   771    693
   772    693
   773    693
   774    693
   775    693
   776    693
   777    693
   778    693
   779    693
   780    693
   781    693
   782    693
   783    693
   784    693
   785    693
   786    693
   787    693
   788    693
   789    693
   790    693
   791    693
   792    693
   793    693
   794    693
   795    693
   796    693
   797    693
   798    693
   799    693
   800    693
   801    693
   802    693
   803    693
   804    693
   805    693
   806    693
   807    693
   808    693
   809    693
   810    693
   811    693
   812    693
   813    693
   814    693
   815    693
   816    693
   817    693
   818    693
   819    693
   820    693
   821    693
   822    693
   823    693
   824    693
   825    693
   826    693
   827    693
   828    693
   829    693
   830    693
   831    693
   832    693
   833    693
   834    693
   835    693
   836    693
   740    694
   741    694
   742    694
   743    694
   744    694
   745    694
   746    694
   747    694
   748    694
   749    694
   750    694
   751    694
   752    694
   753    694
   754    694
   755    694
   756    694
   757    694
   758    694
   759    694
   760    694
   761    694
   762    694
   763    694
   764    694
   765    694
   766    694
   767    694
   768    694
   769    694
   770    694
   771    694
   772    694
   773    694
   774    694
   775    694
   776    694
   777    694
   778    694
   779    694
   780    694
   781    694
   782    694
   783    694
   784    694
   785    694
   786    694
   787    694
   788    694
   789    694
   790    694
   791    694
   792    694
   793    694
   794    694
   795    694
   796    694
   797    694
   798    694
   799    694
   800    694
   801    694
   802    694
   803    694
   804    694
   805    694
   806    694
   807    694
   808    694
   809    694
   810    694
   811    694
   812    694
   813    694
   814    694
   815    694
   816    694
   817    694
   818    694
   819    694
   820    694
   821    694
   822    694
   823    694
   824    694
   825    694
   826    694
   827    694
   828    694
   829    694
   830    694
   831    694
   832    694
   833    694
   834    694
   835    694
   836    694
   737    695
   738    695
   739    695
   740    695
   741    695
   742    695
   743    695
   744    695
   745    695
   746    695
   747    695
   748    695
   749    695
   750    695
   751    695
   752    695
   753    695
   754    695
   755    695
   756    695
   757    695
   758    695
   759    695
   760    695
   761    695
   762    695
   763    695
   764    695
   765    695
   766    695
   767    695
   768    695
   769    695
   770    695
   771    695
   772    695
   773    695
   774    695
   775    695
   776    695
   777    695
   778    695
   779    695
   780    695
   781    695
   782    695
   783    695
   784    695
   785    695
   786    695
   787    695
   788    695
   789    695
   790    695
   791    695
   792    695
   793    695
   794    695
   795    695
   796    695
   797    695
   798    695
   799    695
   800    695
   801    695
   802    695
   803    695
   804    695
   805    695
   806    695
   807    695
   808    695
   809    695
   810    695
   811    695
   812    695
   813    695
   814    695
   815    695
   816    695
   817    695
   818    695
   819    695
   820    695
   821    695
   822    695
   823    695
   824    695
   825    695
   826    695
   827    695
   828    695
   829    695
   830    695
   831    695
   832    695
   833    695
   834    695
   835    695
   735    696
   736    696
   737    696
   738    696
   739    696
   740    696
   741    696
   742    696
   743    696
   744    696
   745    696
   746    696
   747    696
   748    696
   749    696
   750    696
   751    696
   752    696
   753    696
   754    696
   755    696
   756    696
   757    696
   758    696
   759    696
   760    696
   761    696
   762    696
   763    696
   764    696
   765    696
   766    696
   767    696
   768    696
   769    696
   770    696
   771    696
   772    696
   773    696
   774    696
   775    696
   776    696
   777    696
   778    696
   779    696
   780    696
   781    696
   782    696
   783    696
   784    696
   785    696
   786    696
   787    696
   788    696
   789    696
   790    696
   791    696
   792    696
   793    696
   794    696
   795    696
   796    696
   797    696
   798    696
   799    696
   800    696
   801    696
   802    696
   803    696
   804    696
   805    696
   806    696
   807    696
   808    696
   809    696
   810    696
   811    696
   812    696
   813    696
   814    696
   815    696
   816    696
   817    696
   818    696
   819    696
   820    696
   821    696
   822    696
   823    696
   824    696
   825    696
   826    696
   827    696
   828    696
   829    696
   830    696
   831    696
   832    696
   833    696
   834    696
   733    697
   734    697
   735    697
   736    697
   737    697
   738    697
   739    697
   740    697
   741    697
   742    697
   743    697
   744    697
   745    697
   746    697
   747    697
   748    697
   749    697
   750    697
   751    697
   752    697
   753    697
   754    697
   755    697
   756    697
   757    697
   758    697
   759    697
   760    697
   761    697
   762    697
   763    697
   764    697
   765    697
   766    697
   767    697
   768    697
   769    697
   770    697
   771    697
   772    697
   773    697
   774    697
   775    697
   776    697
   777    697
   778    697
   779    697
   780    697
   781    697
   782    697
   783    697
   784    697
   785    697
   786    697
   787    697
   788    697
   789    697
   790    697
   791    697
   792    697
   793    697
   794    697
   795    697
   796    697
   797    697
   798    697
   799    697
   800    697
   801    697
   802    697
   803    697
   804    697
   805    697
   806    697
   807    697
   808    697
   809    697
   810    697
   811    697
   812    697
   813    697
   814    697
   815    697
   816    697
   817    697
   818    697
   819    697
   820    697
   821    697
   822    697
   823    697
   824    697
   825    697
   826    697
   827    697
   828    697
   829    697
   830    697
   831    697
   832    697
   833    697
   834    697
   731    698
   732    698
   733    698
   734    698
   735    698
   736    698
   737    698
   738    698
   739    698
   740    698
   741    698
   742    698
   743    698
   744    698
   745    698
   746    698
   747    698
   748    698
   749    698
   750    698
   751    698
   752    698
   753    698
   754    698
   755    698
   756    698
   757    698
   758    698
   759    698
   760    698
   761    698
   762    698
   763    698
   764    698
   765    698
   766    698
   767    698
   768    698
   769    698
   770    698
   771    698
   772    698
   773    698
   774    698
   775    698
   776    698
   777    698
   778    698
   779    698
   780    698
   781    698
   782    698
   783    698
   784    698
   785    698
   786    698
   787    698
   788    698
   789    698
   790    698
   791    698
   792    698
   793    698
   794    698
   795    698
   796    698
   797    698
   798    698
   799    698
   800    698
   801    698
   802    698
   803    698
   804    698
   805    698
   806    698
   807    698
   808    698
   809    698
   810    698
   811    698
   812    698
   813    698
   814    698
   815    698
   816    698
   817    698
   818    698
   819    698
   820    698
   821    698
   822    698
   823    698
   824    698
   825    698
   826    698
   827    698
   828    698
   829    698
   830    698
   831    698
   832    698
   833    698
   729    699
   730    699
   731    699
   732    699
   733    699
   734    699
   735    699
   736    699
   737    699
   738    699
   739    699
   740    699
   741    699
   742    699
   743    699
   744    699
   745    699
   746    699
   747    699
   748    699
   749    699
   750    699
   751    699
   752    699
   753    699
   754    699
   755    699
   756    699
   757    699
   758    699
   759    699
   760    699
   761    699
   762    699
   763    699
   764    699
   765    699
   766    699
   767    699
   768    699
   769    699
   770    699
   771    699
   772    699
   773    699
   774    699
   775    699
   776    699
   777    699
   778    699
   779    699
   780    699
   781    699
   782    699
   783    699
   784    699
   785    699
   786    699
   787    699
   788    699
   789    699
   790    699
   791    699
   792    699
   793    699
   794    699
   795    699
   796    699
   797    699
   798    699
   799    699
   800    699
   801    699
   802    699
   803    699
   804    699
   805    699
   806    699
   807    699
   808    699
   809    699
   810    699
   811    699
   812    699
   813    699
   814    699
   815    699
   816    699
   817    699
   818    699
   819    699
   820    699
   821    699
   822    699
   823    699
   824    699
   825    699
   826    699
   827    699
   828    699
   829    699
   830    699
   831    699
   832    699
   833    699
   726    700
   727    700
   728    700
   729    700
   730    700
   731    700
   732    700
   733    700
   734    700
   735    700
   736    700
   737    700
   738    700
   739    700
   740    700
   741    700
   742    700
   743    700
   744    700
   745    700
   746    700
   747    700
   748    700
   749    700
   750    700
   751    700
   752    700
   753    700
   754    700
   755    700
   756    700
   757    700
   758    700
   759    700
   760    700
   761    700
   762    700
   763    700
   764    700
   765    700
   766    700
   767    700
   768    700
   769    700
   770    700
   771    700
   772    700
   773    700
   774    700
   775    700
   776    700
   777    700
   778    700
   779    700
   780    700
   781    700
   782    700
   783    700
   784    700
   785    700
   786    700
   787    700
   788    700
   789    700
   790    700
   791    700
   792    700
   793    700
   794    700
   795    700
   796    700
   797    700
   798    700
   799    700
   800    700
   801    700
   802    700
   803    700
   804    700
   805    700
   806    700
   807    700
   808    700
   809    700
   810    700
   811    700
   812    700
   813    700
   814    700
   815    700
   816    700
   817    700
   818    700
   819    700
   820    700
   821    700
   822    700
   823    700
   824    700
   825    700
   826    700
   827    700
   828    700
   829    700
   830    700
   831    700
   832    700
   833    700
   724    701
   725    701
   726    701
   727    701
   728    701
   729    701
   730    701
   731    701
   732    701
   733    701
   734    701
   735    701
   736    701
   737    701
   738    701
   739    701
   740    701
   741    701
   742    701
   743    701
   744    701
   745    701
   746    701
   747    701
   748    701
   749    701
   750    701
   751    701
   752    701
   753    701
   754    701
   755    701
   756    701
   757    701
   758    701
   759    701
   760    701
   761    701
   762    701
   763    701
   764    701
   765    701
   766    701
   767    701
   768    701
   769    701
   770    701
   771    701
   772    701
   773    701
   774    701
   775    701
   776    701
   777    701
   778    701
   779    701
   780    701
   781    701
   782    701
   783    701
   784    701
   785    701
   786    701
   787    701
   788    701
   789    701
   790    701
   791    701
   792    701
   793    701
   794    701
   795    701
   796    701
   797    701
   798    701
   799    701
   800    701
   801    701
   802    701
   803    701
   804    701
   805    701
   806    701
   807    701
   808    701
   809    701
   810    701
   811    701
   812    701
   813    701
   814    701
   815    701
   816    701
   817    701
   818    701
   819    701
   820    701
   821    701
   822    701
   823    701
   824    701
   825    701
   826    701
   827    701
   828    701
   829    701
   830    701
   831    701
   832    701
   722    702
   723    702
   724    702
   725    702
   726    702
   727    702
   728    702
   729    702
   730    702
   731    702
   732    702
   733    702
   734    702
   735    702
   736    702
   737    702
   738    702
   739    702
   740    702
   741    702
   742    702
   743    702
   744    702
   745    702
   746    702
   747    702
   748    702
   749    702
   750    702
   751    702
   752    702
   753    702
   754    702
   755    702
   756    702
   757    702
   758    702
   759    702
   760    702
   761    702
   762    702
   763    702
   764    702
   765    702
   766    702
   767    702
   768    702
   769    702
   770    702
   771    702
   772    702
   773    702
   774    702
   775    702
   776    702
   777    702
   778    702
   779    702
   780    702
   781    702
   782    702
   783    702
   784    702
   785    702
   786    702
   787    702
   788    702
   789    702
   790    702
   791    702
   792    702
   793    702
   794    702
   795    702
   796    702
   797    702
   798    702
   799    702
   800    702
   801    702
   802    702
   803    702
   804    702
   805    702
   806    702
   807    702
   808    702
   809    702
   810    702
   811    702
   812    702
   813    702
   814    702
   815    702
   816    702
   817    702
   818    702
   819    702
   820    702
   821    702
   822    702
   823    702
   824    702
   825    702
   826    702
   827    702
   828    702
   829    702
   830    702
   831    702
   832    702
   720    703
   721    703
   722    703
   723    703
   724    703
   725    703
   726    703
   727    703
   728    703
   729    703
   730    703
   731    703
   732    703
   733    703
   734    703
   735    703
   736    703
   737    703
   738    703
   739    703
   740    703
   741    703
   742    703
   743    703
   744    703
   745    703
   746    703
   747    703
   748    703
   749    703
   750    703
   751    703
   752    703
   753    703
   754    703
   755    703
   756    703
   757    703
   758    703
   759    703
   760    703
   761    703
   762    703
   763    703
   764    703
   765    703
   766    703
   767    703
   768    703
   769    703
   770    703
   771    703
   772    703
   773    703
   774    703
   775    703
   776    703
   777    703
   778    703
   779    703
   780    703
   781    703
   782    703
   783    703
   784    703
   785    703
   786    703
   787    703
   788    703
   789    703
   790    703
   791    703
   792    703
   793    703
   794    703
   795    703
   796    703
   797    703
   798    703
   799    703
   800    703
   801    703
   802    703
   803    703
   804    703
   805    703
   806    703
   807    703
   808    703
   809    703
   810    703
   811    703
   812    703
   813    703
   814    703
   815    703
   816    703
   817    703
   818    703
   819    703
   820    703
   821    703
   822    703
   823    703
   824    703
   825    703
   826    703
   827    703
   828    703
   829    703
   830    703
   831    703
   717    704
   718    704
   719    704
   720    704
   721    704
   722    704
   723    704
   724    704
   725    704
   726    704
   727    704
   728    704
   729    704
   730    704
   731    704
   732    704
   733    704
   734    704
   735    704
   736    704
   737    704
   738    704
   739    704
   740    704
   741    704
   742    704
   743    704
   744    704
   745    704
   746    704
   747    704
   748    704
   749    704
   750    704
   751    704
   752    704
   753    704
   754    704
   755    704
   756    704
   757    704
   758    704
   759    704
   760    704
   761    704
   762    704
   763    704
   764    704
   765    704
   766    704
   767    704
   768    704
   769    704
   770    704
   771    704
   772    704
   773    704
   774    704
   775    704
   776    704
   777    704
   778    704
   779    704
   780    704
   781    704
   782    704
   783    704
   784    704
   785    704
   786    704
   787    704
   788    704
   789    704
   790    704
   791    704
   792    704
   793    704
   794    704
   795    704
   796    704
   797    704
   798    704
   799    704
   800    704
   801    704
   802    704
   803    704
   804    704
   805    704
   806    704
   807    704
   808    704
   809    704
   810    704
   811    704
   812    704
   813    704
   814    704
   815    704
   816    704
   817    704
   818    704
   819    704
   820    704
   821    704
   822    704
   823    704
   824    704
   825    704
   826    704
   827    704
   828    704
   829    704
   830    704
   831    704
   715    705
   716    705
   717    705
   718    705
   719    705
   720    705
   721    705
   722    705
   723    705
   724    705
   725    705
   726    705
   727    705
   728    705
   729    705
   730    705
   731    705
   732    705
   733    705
   734    705
   735    705
   736    705
   737    705
   738    705
   739    705
   740    705
   741    705
   742    705
   743    705
   744    705
   745    705
   746    705
   747    705
   748    705
   749    705
   750    705
   751    705
   752    705
   753    705
   754    705
   755    705
   756    705
   757    705
   758    705
   759    705
   760    705
   761    705
   762    705
   763    705
   764    705
   765    705
   766    705
   767    705
   768    705
   769    705
   770    705
   771    705
   772    705
   773    705
   774    705
   775    705
   776    705
   777    705
   778    705
   779    705
   780    705
   781    705
   782    705
   783    705
   784    705
   785    705
   786    705
   787    705
   788    705
   789    705
   790    705
   791    705
   792    705
   793    705
   794    705
   795    705
   796    705
   797    705
   798    705
   799    705
   800    705
   801    705
   802    705
   803    705
   804    705
   805    705
   806    705
   807    705
   808    705
   809    705
   810    705
   811    705
   812    705
   813    705
   814    705
   815    705
   816    705
   817    705
   818    705
   819    705
   820    705
   821    705
   822    705
   823    705
   824    705
   825    705
   826    705
   827    705
   828    705
   829    705
   830    705
   713    706
   714    706
   715    706
   716    706
   717    706
   718    706
   719    706
   720    706
   721    706
   722    706
   723    706
   724    706
   725    706
   726    706
   727    706
   728    706
   729    706
   730    706
   731    706
   732    706
   733    706
   734    706
   735    706
   736    706
   737    706
   738    706
   739    706
   740    706
   741    706
   742    706
   743    706
   744    706
   745    706
   746    706
   747    706
   748    706
   749    706
   750    706
   751    706
   752    706
   753    706
   754    706
   755    706
   756    706
   757    706
   758    706
   759    706
   760    706
   761    706
   762    706
   763    706
   764    706
   765    706
   766    706
   767    706
   768    706
   769    706
   770    706
   771    706
   772    706
   773    706
   774    706
   775    706
   776    706
   777    706
   778    706
   779    706
   780    706
   781    706
   782    706
   783    706
   784    706
   785    706
   786    706
   787    706
   788    706
   789    706
   790    706
   791    706
   792    706
   793    706
   794    706
   795    706
   796    706
   797    706
   798    706
   799    706
   800    706
   801    706
   802    706
   803    706
   804    706
   805    706
   806    706
   807    706
   808    706
   809    706
   810    706
   811    706
   812    706
   813    706
   814    706
   815    706
   816    706
   817    706
   818    706
   819    706
   820    706
   821    706
   822    706
   823    706
   824    706
   825    706
   826    706
   827    706
   828    706
   829    706
   830    706
   711    707
   712    707
   713    707
   714    707
   715    707
   716    707
   717    707
   718    707
   719    707
   720    707
   721    707
   722    707
   723    707
   724    707
   725    707
   726    707
   727    707
   728    707
   729    707
   730    707
   731    707
   732    707
   733    707
   734    707
   735    707
   736    707
   737    707
   738    707
   739    707
   740    707
   741    707
   742    707
   743    707
   744    707
   745    707
   746    707
   747    707
   748    707
   749    707
   750    707
   751    707
   752    707
   753    707
   754    707
   755    707
   756    707
   757    707
   758    707
   759    707
   760    707
   761    707
   762    707
   763    707
   764    707
   765    707
   766    707
   767    707
   768    707
   769    707
   770    707
   771    707
   772    707
   773    707
   774    707
   775    707
   776    707
   777    707
   778    707
   779    707
   780    707
   781    707
   782    707
   783    707
   784    707
   785    707
   786    707
   787    707
   788    707
   789    707
   790    707
   791    707
   792    707
   793    707
   794    707
   795    707
   796    707
   797    707
   798    707
   799    707
   800    707
   801    707
   802    707
   803    707
   804    707
   805    707
   806    707
   807    707
   808    707
   809    707
   810    707
   811    707
   812    707
   813    707
   814    707
   815    707
   816    707
   817    707
   818    707
   819    707
   820    707
   821    707
   822    707
   823    707
   824    707
   825    707
   826    707
   827    707
   828    707
   829    707
   709    708
   710    708
   711    708
   712    708
   713    708
   714    708
   715    708
   716    708
   717    708
   718    708
   719    708
   720    708
   721    708
   722    708
   723    708
   724    708
   725    708
   726    708
   727    708
   728    708
   729    708
   730    708
   731    708
   732    708
   733    708
   734    708
   735    708
   736    708
   737    708
   738    708
   739    708
   740    708
   741    708
   742    708
   743    708
   744    708
   745    708
   746    708
   747    708
   748    708
   749    708
   750    708
   751    708
   752    708
   753    708
   754    708
   755    708
   756    708
   757    708
   758    708
   759    708
   760    708
   761    708
   762    708
   763    708
   764    708
   765    708
   766    708
   767    708
   768    708
   769    708
   770    708
   771    708
   772    708
   773    708
   774    708
   775    708
   776    708
   777    708
   778    708
   779    708
   780    708
   781    708
   782    708
   783    708
   784    708
   785    708
   786    708
   787    708
   788    708
   789    708
   790    708
   791    708
   792    708
   793    708
   794    708
   795    708
   796    708
   797    708
   798    708
   799    708
   800    708
   801    708
   802    708
   803    708
   804    708
   805    708
   806    708
   807    708
   808    708
   809    708
   810    708
   811    708
   812    708
   813    708
   814    708
   815    708
   816    708
   817    708
   818    708
   819    708
   820    708
   821    708
   822    708
   823    708
   824    708
   825    708
   826    708
   827    708
   828    708
   829    708
   706    709
   707    709
   708    709
   709    709
   710    709
   711    709
   712    709
   713    709
   714    709
   715    709
   716    709
   717    709
   718    709
   719    709
   720    709
   721    709
   722    709
   723    709
   724    709
   725    709
   726    709
   727    709
   728    709
   729    709
   730    709
   731    709
   732    709
   733    709
   734    709
   735    709
   736    709
   737    709
   738    709
   739    709
   740    709
   741    709
   742    709
   743    709
   744    709
   745    709
   746    709
   747    709
   748    709
   749    709
   750    709
   751    709
   752    709
   753    709
   754    709
   755    709
   756    709
   757    709
   758    709
   759    709
   760    709
   761    709
   762    709
   763    709
   764    709
   765    709
   766    709
   767    709
   768    709
   769    709
   770    709
   771    709
   772    709
   773    709
   774    709
   775    709
   776    709
   777    709
   778    709
   779    709
   780    709
   781    709
   782    709
   783    709
   784    709
   785    709
   786    709
   787    709
   788    709
   789    709
   790    709
   791    709
   792    709
   793    709
   794    709
   795    709
   796    709
   797    709
   798    709
   799    709
   800    709
   801    709
   802    709
   803    709
   804    709
   805    709
   806    709
   807    709
   808    709
   809    709
   810    709
   811    709
   812    709
   813    709
   814    709
   815    709
   816    709
   817    709
   818    709
   819    709
   820    709
   821    709
   822    709
   823    709
   824    709
   825    709
   826    709
   827    709
   828    709
   704    710
   705    710
   706    710
   707    710
   708    710
   709    710
   710    710
   711    710
   712    710
   713    710
   714    710
   715    710
   716    710
   717    710
   718    710
   719    710
   720    710
   721    710
   722    710
   723    710
   724    710
   725    710
   726    710
   727    710
   728    710
   729    710
   730    710
   731    710
   732    710
   733    710
   734    710
   735    710
   736    710
   737    710
   738    710
   739    710
   740    710
   741    710
   742    710
   743    710
   744    710
   745    710
   746    710
   747    710
   748    710
   749    710
   750    710
   751    710
   752    710
   753    710
   754    710
   755    710
   756    710
   757    710
   758    710
   759    710
   760    710
   761    710
   762    710
   763    710
   764    710
   765    710
   766    710
   767    710
   768    710
   769    710
   770    710
   771    710
   772    710
   773    710
   774    710
   775    710
   776    710
   777    710
   778    710
   779    710
   780    710
   781    710
   782    710
   783    710
   784    710
   785    710
   786    710
   787    710
   788    710
   789    710
   790    710
   791    710
   792    710
   793    710
   794    710
   795    710
   796    710
   797    710
   798    710
   799    710
   800    710
   801    710
   802    710
   803    710
   804    710
   805    710
   806    710
   807    710
   808    710
   809    710
   810    710
   811    710
   812    710
   813    710
   814    710
   815    710
   816    710
   817    710
   818    710
   819    710
   820    710
   821    710
   822    710
   823    710
   824    710
   825    710
   826    710
   827    710
   828    710
   702    711
   703    711
   704    711
   705    711
   706    711
   707    711
   708    711
   709    711
   710    711
   711    711
   712    711
   713    711
   714    711
   715    711
   716    711
   717    711
   718    711
   719    711
   720    711
   721    711
   722    711
   723    711
   724    711
   725    711
   726    711
   727    711
   728    711
   729    711
   730    711
   731    711
   732    711
   733    711
   734    711
   735    711
   736    711
   737    711
   738    711
   739    711
   740    711
   741    711
   742    711
   743    711
   744    711
   745    711
   746    711
   747    711
   748    711
   749    711
   750    711
   751    711
   752    711
   753    711
   754    711
   755    711
   756    711
   757    711
   758    711
   759    711
   760    711
   761    711
   762    711
   763    711
   764    711
   765    711
   766    711
   767    711
   768    711
   769    711
   770    711
   771    711
   772    711
   773    711
   774    711
   775    711
   776    711
   777    711
   778    711
   779    711
   780    711
   781    711
   782    711
   783    711
   784    711
   785    711
   786    711
   787    711
   788    711
   789    711
   790    711
   791    711
   792    711
   793    711
   794    711
   795    711
   796    711
   797    711
   798    711
   799    711
   800    711
   801    711
   802    711
   803    711
   804    711
   805    711
   806    711
   807    711
   808    711
   809    711
   810    711
   811    711
   812    711
   813    711
   814    711
   815    711
   816    711
   817    711
   818    711
   819    711
   820    711
   821    711
   822    711
   823    711
   824    711
   825    711
   826    711
   827    711
   828    711
   700    712
   701    712
   702    712
   703    712
   704    712
   705    712
   706    712
   707    712
   708    712
   709    712
   710    712
   711    712
   712    712
   713    712
   714    712
   715    712
   716    712
   717    712
   718    712
   719    712
   720    712
   721    712
   722    712
   723    712
   724    712
   725    712
   726    712
   727    712
   728    712
   729    712
   730    712
   731    712
   732    712
   733    712
   734    712
   735    712
   736    712
   737    712
   738    712
   739    712
   740    712
   741    712
   742    712
   743    712
   744    712
   745    712
   746    712
   747    712
   748    712
   749    712
   750    712
   751    712
   752    712
   753    712
   754    712
   755    712
   756    712
   757    712
   758    712
   759    712
   760    712
   761    712
   762    712
   763    712
   764    712
   765    712
   766    712
   767    712
   768    712
   769    712
   770    712
   771    712
   772    712
   773    712
   774    712
   775    712
   776    712
   777    712
   778    712
   779    712
   780    712
   781    712
   782    712
   783    712
   784    712
   785    712
   786    712
   787    712
   788    712
   789    712
   790    712
   791    712
   792    712
   793    712
   794    712
   795    712
   796    712
   797    712
   798    712
   799    712
   800    712
   801    712
   802    712
   803    712
   804    712
   805    712
   806    712
   807    712
   808    712
   809    712
   810    712
   811    712
   812    712
   813    712
   814    712
   815    712
   816    712
   817    712
   818    712
   819    712
   820    712
   821    712
   822    712
   823    712
   824    712
   825    712
   826    712
   827    712
   697    713
   698    713
   699    713
   700    713
   701    713
   702    713
   703    713
   704    713
   705    713
   706    713
   707    713
   708    713
   709    713
   710    713
   711    713
   712    713
   713    713
   714    713
   715    713
   716    713
   717    713
   718    713
   719    713
   720    713
   721    713
   722    713
   723    713
   724    713
   725    713
   726    713
   727    713
   728    713
   729    713
   730    713
   731    713
   732    713
   733    713
   734    713
   735    713
   736    713
   737    713
   738    713
   739    713
   740    713
   741    713
   742    713
   743    713
   744    713
   745    713
   746    713
   747    713
   748    713
   749    713
   750    713
   751    713
   752    713
   753    713
   754    713
   755    713
   756    713
   757    713
   758    713
   759    713
   760    713
   761    713
   762    713
   763    713
   764    713
   765    713
   766    713
   767    713
   768    713
   769    713
   770    713
   771    713
   772    713
   773    713
   774    713
   775    713
   776    713
   777    713
   778    713
   779    713
   780    713
   781    713
   782    713
   783    713
   784    713
   785    713
   786    713
   787    713
   788    713
   789    713
   790    713
   791    713
   792    713
   793    713
   794    713
   795    713
   796    713
   797    713
   798    713
   799    713
   800    713
   801    713
   802    713
   803    713
   804    713
   805    713
   806    713
   807    713
   808    713
   809    713
   810    713
   811    713
   812    713
   813    713
   814    713
   815    713
   816    713
   817    713
   818    713
   819    713
   820    713
   821    713
   822    713
   823    713
   824    713
   825    713
   826    713
   827    713
   695    714
   696    714
   697    714
   698    714
   699    714
   700    714
   701    714
   702    714
   703    714
   704    714
   705    714
   706    714
   707    714
   708    714
   709    714
   710    714
   711    714
   712    714
   713    714
   714    714
   715    714
   716    714
   717    714
   718    714
   719    714
   720    714
   721    714
   722    714
   723    714
   724    714
   725    714
   726    714
   727    714
   728    714
   729    714
   730    714
   731    714
   732    714
   733    714
   734    714
   735    714
   736    714
   737    714
   738    714
   739    714
   740    714
   741    714
   742    714
   743    714
   744    714
   745    714
   746    714
   747    714
   748    714
   749    714
   750    714
   751    714
   752    714
   753    714
   754    714
   755    714
   756    714
   757    714
   758    714
   759    714
   760    714
   761    714
   762    714
   763    714
   764    714
   765    714
   766    714
   767    714
   768    714
   769    714
   770    714
   771    714
   772    714
   773    714
   774    714
   775    714
   776    714
   777    714
   778    714
   779    714
   780    714
   781    714
   782    714
   783    714
   784    714
   785    714
   786    714
   787    714
   788    714
   789    714
   790    714
   791    714
   792    714
   793    714
   794    714
   795    714
   796    714
   797    714
   798    714
   799    714
   800    714
   801    714
   802    714
   803    714
   804    714
   805    714
   806    714
   807    714
   808    714
   809    714
   810    714
   811    714
   812    714
   813    714
   814    714
   815    714
   816    714
   817    714
   818    714
   819    714
   820    714
   821    714
   822    714
   823    714
   824    714
   825    714
   826    714
   693    715
   694    715
   695    715
   696    715
   697    715
   698    715
   699    715
   700    715
   701    715
   702    715
   703    715
   704    715
   705    715
   706    715
   707    715
   708    715
   709    715
   710    715
   711    715
   712    715
   713    715
   714    715
   715    715
   716    715
   717    715
   718    715
   719    715
   720    715
   721    715
   722    715
   723    715
   724    715
   725    715
   726    715
   727    715
   728    715
   729    715
   730    715
   731    715
   732    715
   733    715
   734    715
   735    715
   736    715
   737    715
   738    715
   739    715
   740    715
   741    715
   742    715
   743    715
   744    715
   745    715
   746    715
   747    715
   748    715
   749    715
   750    715
   751    715
   752    715
   753    715
   754    715
   755    715
   756    715
   757    715
   758    715
   759    715
   760    715
   761    715
   762    715
   763    715
   764    715
   765    715
   766    715
   767    715
   768    715
   769    715
   770    715
   771    715
   772    715
   773    715
   774    715
   775    715
   776    715
   777    715
   778    715
   779    715
   780    715
   781    715
   782    715
   783    715
   784    715
   785    715
   786    715
   787    715
   788    715
   789    715
   790    715
   791    715
   792    715
   793    715
   794    715
   795    715
   796    715
   797    715
   798    715
   799    715
   800    715
   801    715
   802    715
   803    715
   804    715
   805    715
   806    715
   807    715
   808    715
   809    715
   810    715
   811    715
   812    715
   813    715
   814    715
   815    715
   816    715
   817    715
   818    715
   819    715
   820    715
   821    715
   822    715
   823    715
   824    715
   825    715
   826    715
   691    716
   692    716
   693    716
   694    716
   695    716
   696    716
   697    716
   698    716
   699    716
   700    716
   701    716
   702    716
   703    716
   704    716
   705    716
   706    716
   707    716
   708    716
   709    716
   710    716
   711    716
   712    716
   713    716
   714    716
   715    716
   716    716
   717    716
   718    716
   719    716
   720    716
   721    716
   722    716
   723    716
   724    716
   725    716
   726    716
   727    716
   728    716
   729    716
   730    716
   731    716
   732    716
   733    716
   734    716
   735    716
   736    716
   737    716
   738    716
   739    716
   740    716
   741    716
   742    716
   743    716
   744    716
   745    716
   746    716
   747    716
   748    716
   749    716
   750    716
   751    716
   752    716
   753    716
   754    716
   755    716
   756    716
   757    716
   758    716
   759    716
   760    716
   761    716
   762    716
   763    716
   764    716
   765    716
   766    716
   767    716
   768    716
   769    716
   770    716
   771    716
   772    716
   773    716
   774    716
   775    716
   776    716
   777    716
   778    716
   779    716
   780    716
   781    716
   782    716
   783    716
   784    716
   785    716
   786    716
   787    716
   788    716
   789    716
   790    716
   791    716
   792    716
   793    716
   794    716
   795    716
   796    716
   797    716
   798    716
   799    716
   800    716
   801    716
   802    716
   803    716
   804    716
   805    716
   806    716
   807    716
   808    716
   809    716
   810    716
   811    716
   812    716
   813    716
   814    716
   815    716
   816    716
   817    716
   818    716
   819    716
   820    716
   821    716
   822    716
   823    716
   824    716
   825    716
   826    716
   689    717
   690    717
   691    717
   692    717
   693    717
   694    717
   695    717
   696    717
   697    717
   698    717
   699    717
   700    717
   701    717
   702    717
   703    717
   704    717
   705    717
   706    717
   707    717
   708    717
   709    717
   710    717
   711    717
   712    717
   713    717
   714    717
   715    717
   716    717
   717    717
   718    717
   719    717
   720    717
   721    717
   722    717
   723    717
   724    717
   725    717
   726    717
   727    717
   728    717
   729    717
   730    717
   731    717
   732    717
   733    717
   734    717
   735    717
   736    717
   737    717
   738    717
   739    717
   740    717
   741    717
   742    717
   743    717
   744    717
   745    717
   746    717
   747    717
   748    717
   749    717
   750    717
   751    717
   752    717
   753    717
   754    717
   755    717
   756    717
   757    717
   758    717
   759    717
   760    717
   761    717
   762    717
   763    717
   764    717
   765    717
   766    717
   767    717
   768    717
   769    717
   770    717
   771    717
   772    717
   773    717
   774    717
   775    717
   776    717
   777    717
   778    717
   779    717
   780    717
   781    717
   782    717
   783    717
   784    717
   785    717
   786    717
   787    717
   788    717
   789    717
   790    717
   791    717
   792    717
   793    717
   794    717
   795    717
   796    717
   797    717
   798    717
   799    717
   800    717
   801    717
   802    717
   803    717
   804    717
   805    717
   806    717
   807    717
   808    717
   809    717
   810    717
   811    717
   812    717
   813    717
   814    717
   815    717
   816    717
   817    717
   818    717
   819    717
   820    717
   821    717
   822    717
   823    717
   824    717
   825    717
   686    718
   687    718
   688    718
   689    718
   690    718
   691    718
   692    718
   693    718
   694    718
   695    718
   696    718
   697    718
   698    718
   699    718
   700    718
   701    718
   702    718
   703    718
   704    718
   705    718
   706    718
   707    718
   708    718
   709    718
   710    718
   711    718
   712    718
   713    718
   714    718
   715    718
   716    718
   717    718
   718    718
   719    718
   720    718
   721    718
   722    718
   723    718
   724    718
   725    718
   726    718
   727    718
   728    718
   729    718
   730    718
   731    718
   732    718
   733    718
   734    718
   735    718
   736    718
   737    718
   738    718
   739    718
   740    718
   741    718
   742    718
   743    718
   744    718
   745    718
   746    718
   747    718
   748    718
   749    718
   750    718
   751    718
   752    718
   753    718
   754    718
   755    718
   756    718
   757    718
   758    718
   759    718
   760    718
   761    718
   762    718
   763    718
   764    718
   765    718
   766    718
   767    718
   768    718
   769    718
   770    718
   771    718
   772    718
   773    718
   774    718
   775    718
   776    718
   777    718
   778    718
   779    718
   780    718
   781    718
   782    718
   783    718
   784    718
   785    718
   786    718
   787    718
   788    718
   789    718
   790    718
   791    718
   792    718
   793    718
   794    718
   795    718
   796    718
   797    718
   798    718
   799    718
   800    718
   801    718
   802    718
   803    718
   804    718
   805    718
   806    718
   807    718
   808    718
   809    718
   810    718
   811    718
   812    718
   813    718
   814    718
   815    718
   816    718
   817    718
   818    718
   819    718
   820    718
   821    718
   822    718
   823    718
   824    718
   825    718
   684    719
   685    719
   686    719
   687    719
   688    719
   689    719
   690    719
   691    719
   692    719
   693    719
   694    719
   695    719
   696    719
   697    719
   698    719
   699    719
   700    719
   701    719
   702    719
   703    719
   704    719
   705    719
   706    719
   707    719
   708    719
   709    719
   710    719
   711    719
   712    719
   713    719
   714    719
   715    719
   716    719
   717    719
   718    719
   719    719
   720    719
   721    719
   722    719
   723    719
   724    719
   725    719
   726    719
   727    719
   728    719
   729    719
   730    719
   731    719
   732    719
   733    719
   734    719
   735    719
   736    719
   737    719
   738    719
   739    719
   740    719
   741    719
   742    719
   743    719
   744    719
   745    719
   746    719
   747    719
   748    719
   749    719
   750    719
   751    719
   752    719
   753    719
   754    719
   755    719
   756    719
   757    719
   758    719
   759    719
   760    719
   761    719
   762    719
   763    719
   764    719
   765    719
   766    719
   767    719
   768    719
   769    719
   770    719
   771    719
   772    719
   773    719
   774    719
   775    719
   776    719
   777    719
   778    719
   779    719
   780    719
   781    719
   782    719
   783    719
   784    719
   785    719
   786    719
   787    719
   788    719
   789    719
   790    719
   791    719
   792    719
   793    719
   794    719
   795    719
   796    719
   797    719
   798    719
   799    719
   800    719
   801    719
   802    719
   803    719
   804    719
   805    719
   806    719
   807    719
   808    719
   809    719
   810    719
   811    719
   812    719
   813    719
   814    719
   815    719
   816    719
   817    719
   818    719
   819    719
   820    719
   821    719
   822    719
   823    719
   824    719
   682    720
   683    720
   684    720
   685    720
   686    720
   687    720
   688    720
   689    720
   690    720
   691    720
   692    720
   693    720
   694    720
   695    720
   696    720
   697    720
   698    720
   699    720
   700    720
   701    720
   702    720
   703    720
   704    720
   705    720
   706    720
   707    720
   708    720
   709    720
   710    720
   711    720
   712    720
   713    720
   714    720
   715    720
   716    720
   717    720
   718    720
   719    720
   720    720
   721    720
   722    720
   723    720
   724    720
   725    720
   726    720
   727    720
   728    720
   729    720
   730    720
   731    720
   732    720
   733    720
   734    720
   735    720
   736    720
   737    720
   738    720
   739    720
   740    720
   741    720
   742    720
   743    720
   744    720
   745    720
   746    720
   747    720
   748    720
   749    720
   750    720
   751    720
   752    720
   753    720
   754    720
   755    720
   756    720
   757    720
   758    720
   759    720
   760    720
   761    720
   762    720
   763    720
   764    720
   765    720
   766    720
   767    720
   768    720
   769    720
   770    720
   771    720
   772    720
   773    720
   774    720
   775    720
   776    720
   777    720
   778    720
   779    720
   780    720
   781    720
   782    720
   783    720
   784    720
   785    720
   786    720
   787    720
   788    720
   789    720
   790    720
   791    720
   792    720
   793    720
   794    720
   795    720
   796    720
   797    720
   798    720
   799    720
   800    720
   801    720
   802    720
   803    720
   804    720
   805    720
   806    720
   807    720
   808    720
   809    720
   810    720
   811    720
   812    720
   813    720
   814    720
   815    720
   816    720
   817    720
   818    720
   819    720
   820    720
   821    720
   822    720
   823    720
   824    720
   680    721
   681    721
   682    721
   683    721
   684    721
   685    721
   686    721
   687    721
   688    721
   689    721
   690    721
   691    721
   692    721
   693    721
   694    721
   695    721
   696    721
   697    721
   698    721
   699    721
   700    721
   701    721
   702    721
   703    721
   704    721
   705    721
   706    721
   707    721
   708    721
   709    721
   710    721
   711    721
   712    721
   713    721
   714    721
   715    721
   716    721
   717    721
   718    721
   719    721
   720    721
   721    721
   722    721
   723    721
   724    721
   725    721
   726    721
   727    721
   728    721
   729    721
   730    721
   731    721
   732    721
   733    721
   734    721
   735    721
   736    721
   737    721
   738    721
   739    721
   740    721
   741    721
   742    721
   743    721
   744    721
   745    721
   746    721
   747    721
   748    721
   749    721
   750    721
   751    721
   752    721
   753    721
   754    721
   755    721
   756    721
   757    721
   758    721
   759    721
   760    721
   761    721
   762    721
   763    721
   764    721
   765    721
   766    721
   767    721
   768    721
   769    721
   770    721
   771    721
   772    721
   773    721
   774    721
   775    721
   776    721
   777    721
   778    721
   779    721
   780    721
   781    721
   782    721
   783    721
   784    721
   785    721
   786    721
   787    721
   788    721
   789    721
   790    721
   791    721
   792    721
   793    721
   794    721
   795    721
   796    721
   797    721
   798    721
   799    721
   800    721
   801    721
   802    721
   803    721
   804    721
   805    721
   806    721
   807    721
   808    721
   809    721
   810    721
   811    721
   812    721
   813    721
   814    721
   815    721
   816    721
   817    721
   818    721
   819    721
   820    721
   821    721
   822    721
   823    721
   824    721
   677    722
   678    722
   679    722
   680    722
   681    722
   682    722
   683    722
   684    722
   685    722
   686    722
   687    722
   688    722
   689    722
   690    722
   691    722
   692    722
   693    722
   694    722
   695    722
   696    722
   697    722
   698    722
   699    722
   700    722
   701    722
   702    722
   703    722
   704    722
   705    722
   706    722
   707    722
   708    722
   709    722
   710    722
   711    722
   712    722
   713    722
   714    722
   715    722
   716    722
   717    722
   718    722
   719    722
   720    722
   721    722
   722    722
   723    722
   724    722
   725    722
   726    722
   727    722
   728    722
   729    722
   730    722
   731    722
   732    722
   733    722
   734    722
   735    722
   736    722
   737    722
   738    722
   739    722
   740    722
   741    722
   742    722
   743    722
   744    722
   745    722
   746    722
   747    722
   748    722
   749    722
   750    722
   751    722
   752    722
   753    722
   754    722
   755    722
   756    722
   757    722
   758    722
   759    722
   760    722
   761    722
   762    722
   763    722
   764    722
   765    722
   766    722
   767    722
   768    722
   769    722
   770    722
   771    722
   772    722
   773    722
   774    722
   775    722
   776    722
   777    722
   778    722
   779    722
   780    722
   781    722
   782    722
   783    722
   784    722
   785    722
   786    722
   787    722
   788    722
   789    722
   790    722
   791    722
   792    722
   793    722
   794    722
   795    722
   796    722
   797    722
   798    722
   799    722
   800    722
   801    722
   802    722
   803    722
   804    722
   805    722
   806    722
   807    722
   808    722
   809    722
   810    722
   811    722
   812    722
   813    722
   814    722
   815    722
   816    722
   817    722
   818    722
   819    722
   820    722
   821    722
   822    722
   823    722
   675    723
   676    723
   677    723
   678    723
   679    723
   680    723
   681    723
   682    723
   683    723
   684    723
   685    723
   686    723
   687    723
   688    723
   689    723
   690    723
   691    723
   692    723
   693    723
   694    723
   695    723
   696    723
   697    723
   698    723
   699    723
   700    723
   701    723
   702    723
   703    723
   704    723
   705    723
   706    723
   707    723
   708    723
   709    723
   710    723
   711    723
   712    723
   713    723
   714    723
   715    723
   716    723
   717    723
   718    723
   719    723
   720    723
   721    723
   722    723
   723    723
   724    723
   725    723
   726    723
   727    723
   728    723
   729    723
   730    723
   731    723
   732    723
   733    723
   734    723
   735    723
   736    723
   737    723
   738    723
   739    723
   740    723
   741    723
   742    723
   743    723
   744    723
   745    723
   746    723
   747    723
   748    723
   749    723
   750    723
   751    723
   752    723
   753    723
   754    723
   755    723
   756    723
   757    723
   758    723
   759    723
   760    723
   761    723
   762    723
   763    723
   764    723
   765    723
   766    723
   767    723
   768    723
   769    723
   770    723
   771    723
   772    723
   773    723
   774    723
   775    723
   776    723
   777    723
   778    723
   779    723
   780    723
   781    723
   782    723
   783    723
   784    723
   785    723
   786    723
   787    723
   788    723
   789    723
   790    723
   791    723
   792    723
   793    723
   794    723
   795    723
   796    723
   797    723
   798    723
   799    723
   800    723
   801    723
   802    723
   803    723
   804    723
   805    723
   806    723
   807    723
   808    723
   809    723
   810    723
   811    723
   812    723
   813    723
   814    723
   815    723
   816    723
   817    723
   818    723
   819    723
   820    723
   821    723
   822    723
   673    724
   674    724
   675    724
   676    724
   677    724
   678    724
   679    724
   680    724
   681    724
   682    724
   683    724
   684    724
   685    724
   686    724
   687    724
   688    724
   689    724
   690    724
   691    724
   692    724
   693    724
   694    724
   695    724
   696    724
   697    724
   698    724
   699    724
   700    724
   701    724
   702    724
   703    724
   704    724
   705    724
   706    724
   707    724
   708    724
   709    724
   710    724
   711    724
   712    724
   713    724
   714    724
   715    724
   716    724
   717    724
   718    724
   719    724
   720    724
   721    724
   722    724
   723    724
   724    724
   725    724
   726    724
   727    724
   728    724
   729    724
   730    724
   731    724
   732    724
   733    724
   734    724
   735    724
   736    724
   737    724
   738    724
   739    724
   740    724
   741    724
   742    724
   743    724
   744    724
   745    724
   746    724
   747    724
   748    724
   749    724
   750    724
   751    724
   752    724
   753    724
   754    724
   755    724
   756    724
   757    724
   758    724
   759    724
   760    724
   761    724
   762    724
   763    724
   764    724
   765    724
   766    724
   767    724
   768    724
   769    724
   770    724
   771    724
   772    724
   773    724
   774    724
   775    724
   776    724
   777    724
   778    724
   779    724
   780    724
   781    724
   782    724
   783    724
   784    724
   785    724
   786    724
   787    724
   788    724
   789    724
   790    724
   791    724
   792    724
   793    724
   794    724
   795    724
   796    724
   797    724
   798    724
   799    724
   800    724
   801    724
   802    724
   803    724
   804    724
   805    724
   806    724
   807    724
   808    724
   809    724
   810    724
   811    724
   812    724
   813    724
   814    724
   815    724
   816    724
   817    724
   818    724
   819    724
   820    724
   821    724
   822    724
   671    725
   672    725
   673    725
   674    725
   675    725
   676    725
   677    725
   678    725
   679    725
   680    725
   681    725
   682    725
   683    725
   684    725
   685    725
   686    725
   687    725
   688    725
   689    725
   690    725
   691    725
   692    725
   693    725
   694    725
   695    725
   696    725
   697    725
   698    725
   699    725
   700    725
   701    725
   702    725
   703    725
   704    725
   705    725
   706    725
   707    725
   708    725
   709    725
   710    725
   711    725
   712    725
   713    725
   714    725
   715    725
   716    725
   717    725
   718    725
   719    725
   720    725
   721    725
   722    725
   723    725
   724    725
   725    725
   726    725
   727    725
   728    725
   729    725
   730    725
   731    725
   732    725
   733    725
   734    725
   735    725
   736    725
   737    725
   738    725
   739    725
   740    725
   741    725
   742    725
   743    725
   744    725
   745    725
   746    725
   747    725
   748    725
   749    725
   750    725
   751    725
   752    725
   753    725
   754    725
   755    725
   756    725
   757    725
   758    725
   759    725
   760    725
   761    725
   762    725
   763    725
   764    725
   765    725
   766    725
   767    725
   768    725
   769    725
   770    725
   771    725
   772    725
   773    725
   774    725
   775    725
   776    725
   777    725
   778    725
   779    725
   780    725
   781    725
   782    725
   783    725
   784    725
   785    725
   786    725
   787    725
   788    725
   789    725
   790    725
   791    725
   792    725
   793    725
   794    725
   795    725
   796    725
   797    725
   798    725
   799    725
   800    725
   801    725
   802    725
   803    725
   804    725
   805    725
   806    725
   807    725
   808    725
   809    725
   810    725
   811    725
   812    725
   813    725
   814    725
   815    725
   816    725
   817    725
   818    725
   819    725
   820    725
   821    725
   822    725
   669    726
   670    726
   671    726
   672    726
   673    726
   674    726
   675    726
   676    726
   677    726
   678    726
   679    726
   680    726
   681    726
   682    726
   683    726
   684    726
   685    726
   686    726
   687    726
   688    726
   689    726
   690    726
   691    726
   692    726
   693    726
   694    726
   695    726
   696    726
   697    726
   698    726
   699    726
   700    726
   701    726
   702    726
   703    726
   704    726
   705    726
   706    726
   707    726
   708    726
   709    726
   710    726
   711    726
   712    726
   713    726
   714    726
   715    726
   716    726
   717    726
   718    726
   719    726
   720    726
   721    726
   722    726
   723    726
   724    726
   725    726
   726    726
   727    726
   728    726
   729    726
   730    726
   731    726
   732    726
   733    726
   734    726
   735    726
   736    726
   737    726
   738    726
   739    726
   740    726
   741    726
   742    726
   743    726
   744    726
   745    726
   746    726
   747    726
   748    726
   749    726
   750    726
   751    726
   752    726
   753    726
   754    726
   755    726
   756    726
   757    726
   758    726
   759    726
   760    726
   761    726
   762    726
   763    726
   764    726
   765    726
   766    726
   767    726
   768    726
   769    726
   770    726
   771    726
   772    726
   773    726
   774    726
   775    726
   776    726
   777    726
   778    726
   779    726
   780    726
   781    726
   782    726
   783    726
   784    726
   785    726
   786    726
   787    726
   788    726
   789    726
   790    726
   791    726
   792    726
   793    726
   794    726
   795    726
   796    726
   797    726
   798    726
   799    726
   800    726
   801    726
   802    726
   803    726
   804    726
   805    726
   806    726
   807    726
   808    726
   809    726
   810    726
   811    726
   812    726
   813    726
   814    726
   815    726
   816    726
   817    726
   818    726
   819    726
   820    726
   821    726
   666    727
   667    727
   668    727
   669    727
   670    727
   671    727
   672    727
   673    727
   674    727
   675    727
   676    727
   677    727
   678    727
   679    727
   680    727
   681    727
   682    727
   683    727
   684    727
   685    727
   686    727
   687    727
   688    727
   689    727
   690    727
   691    727
   692    727
   693    727
   694    727
   695    727
   696    727
   697    727
   698    727
   699    727
   700    727
   701    727
   702    727
   703    727
   704    727
   705    727
   706    727
   707    727
   708    727
   709    727
   710    727
   711    727
   712    727
   713    727
   714    727
   715    727
   716    727
   717    727
   718    727
   719    727
   720    727
   721    727
   722    727
   723    727
   724    727
   725    727
   726    727
   727    727
   728    727
   729    727
   730    727
   731    727
   732    727
   733    727
   734    727
   735    727
   736    727
   737    727
   738    727
   739    727
   740    727
   741    727
   742    727
   743    727
   744    727
   745    727
   746    727
   747    727
   748    727
   749    727
   750    727
   751    727
   752    727
   753    727
   754    727
   755    727
   756    727
   757    727
   758    727
   759    727
   760    727
   761    727
   762    727
   763    727
   764    727
   765    727
   766    727
   767    727
   768    727
   769    727
   770    727
   771    727
   772    727
   773    727
   774    727
   775    727
   776    727
   777    727
   778    727
   779    727
   780    727
   781    727
   782    727
   783    727
   784    727
   785    727
   786    727
   787    727
   788    727
   789    727
   790    727
   791    727
   792    727
   793    727
   794    727
   795    727
   796    727
   797    727
   798    727
   799    727
   800    727
   801    727
   802    727
   803    727
   804    727
   805    727
   806    727
   807    727
   808    727
   809    727
   810    727
   811    727
   812    727
   813    727
   814    727
   815    727
   816    727
   817    727
   818    727
   819    727
   820    727
   821    727
   664    728
   665    728
   666    728
   667    728
   668    728
   669    728
   670    728
   671    728
   672    728
   673    728
   674    728
   675    728
   676    728
   677    728
   678    728
   679    728
   680    728
   681    728
   682    728
   683    728
   684    728
   685    728
   686    728
   687    728
   688    728
   689    728
   690    728
   691    728
   692    728
   693    728
   694    728
   695    728
   696    728
   697    728
   698    728
   699    728
   700    728
   701    728
   702    728
   703    728
   704    728
   705    728
   706    728
   707    728
   708    728
   709    728
   710    728
   711    728
   712    728
   713    728
   714    728
   715    728
   716    728
   717    728
   718    728
   719    728
   720    728
   721    728
   722    728
   723    728
   724    728
   725    728
   726    728
   727    728
   728    728
   729    728
   730    728
   731    728
   732    728
   733    728
   734    728
   735    728
   736    728
   737    728
   738    728
   739    728
   740    728
   741    728
   742    728
   743    728
   744    728
   745    728
   746    728
   747    728
   748    728
   749    728
   750    728
   751    728
   752    728
   753    728
   754    728
   755    728
   756    728
   757    728
   758    728
   759    728
   760    728
   761    728
   762    728
   763    728
   764    728
   765    728
   766    728
   767    728
   768    728
   769    728
   770    728
   771    728
   772    728
   773    728
   774    728
   775    728
   776    728
   777    728
   778    728
   779    728
   780    728
   781    728
   782    728
   783    728
   784    728
   785    728
   786    728
   787    728
   788    728
   789    728
   790    728
   791    728
   792    728
   793    728
   794    728
   795    728
   796    728
   797    728
   798    728
   799    728
   800    728
   801    728
   802    728
   803    728
   804    728
   805    728
   806    728
   807    728
   808    728
   809    728
   810    728
   811    728
   812    728
   813    728
   814    728
   815    728
   816    728
   817    728
   818    728
   819    728
   820    728
   821    728
   662    729
   663    729
   664    729
   665    729
   666    729
   667    729
   668    729
   669    729
   670    729
   671    729
   672    729
   673    729
   674    729
   675    729
   676    729
   677    729
   678    729
   679    729
   680    729
   681    729
   682    729
   683    729
   684    729
   685    729
   686    729
   687    729
   688    729
   689    729
   690    729
   691    729
   692    729
   693    729
   694    729
   695    729
   696    729
   697    729
   698    729
   699    729
   700    729
   701    729
   702    729
   703    729
   704    729
   705    729
   706    729
   707    729
   708    729
   709    729
   710    729
   711    729
   712    729
   713    729
   714    729
   715    729
   716    729
   717    729
   718    729
   719    729
   720    729
   721    729
   722    729
   723    729
   724    729
   725    729
   726    729
   727    729
   728    729
   729    729
   730    729
   731    729
   732    729
   733    729
   734    729
   735    729
   736    729
   737    729
   738    729
   739    729
   740    729
   741    729
   742    729
   743    729
   744    729
   745    729
   746    729
   747    729
   748    729
   749    729
   750    729
   751    729
   752    729
   753    729
   754    729
   755    729
   756    729
   757    729
   758    729
   759    729
   760    729
   761    729
   762    729
   763    729
   764    729
   765    729
   766    729
   767    729
   768    729
   769    729
   770    729
   771    729
   772    729
   773    729
   774    729
   775    729
   776    729
   777    729
   778    729
   779    729
   780    729
   781    729
   782    729
   783    729
   784    729
   785    729
   786    729
   787    729
   788    729
   789    729
   790    729
   791    729
   792    729
   793    729
   794    729
   795    729
   796    729
   797    729
   798    729
   799    729
   800    729
   801    729
   802    729
   803    729
   804    729
   805    729
   806    729
   807    729
   808    729
   809    729
   810    729
   811    729
   812    729
   813    729
   814    729
   815    729
   816    729
   817    729
   818    729
   819    729
   820    729
   660    730
   661    730
   662    730
   663    730
   664    730
   665    730
   666    730
   667    730
   668    730
   669    730
   670    730
   671    730
   672    730
   673    730
   674    730
   675    730
   676    730
   677    730
   678    730
   679    730
   680    730
   681    730
   682    730
   683    730
   684    730
   685    730
   686    730
   687    730
   688    730
   689    730
   690    730
   691    730
   692    730
   693    730
   694    730
   695    730
   696    730
   697    730
   698    730
   699    730
   700    730
   701    730
   702    730
   703    730
   704    730
   705    730
   706    730
   707    730
   708    730
   709    730
   710    730
   711    730
   712    730
   713    730
   714    730
   715    730
   716    730
   717    730
   718    730
   719    730
   720    730
   721    730
   722    730
   723    730
   724    730
   725    730
   726    730
   727    730
   728    730
   729    730
   730    730
   731    730
   732    730
   733    730
   734    730
   735    730
   736    730
   737    730
   738    730
   739    730
   740    730
   741    730
   742    730
   743    730
   744    730
   745    730
   746    730
   747    730
   748    730
   749    730
   750    730
   751    730
   752    730
   753    730
   754    730
   755    730
   756    730
   757    730
   758    730
   759    730
   760    730
   761    730
   762    730
   763    730
   764    730
   765    730
   766    730
   767    730
   768    730
   769    730
   770    730
   771    730
   772    730
   773    730
   774    730
   775    730
   776    730
   777    730
   778    730
   779    730
   780    730
   781    730
   782    730
   783    730
   784    730
   785    730
   786    730
   787    730
   788    730
   789    730
   790    730
   791    730
   792    730
   793    730
   794    730
   795    730
   796    730
   797    730
   798    730
   799    730
   800    730
   801    730
   802    730
   803    730
   804    730
   805    730
   806    730
   807    730
   808    730
   809    730
   810    730
   811    730
   812    730
   813    730
   814    730
   815    730
   816    730
   817    730
   818    730
   819    730
