   929    665
   930    665
   931    665
   932    665
   933    665
   934    665
   935    665
   936    665
   937    665
   938    665
   939    665
   940    665
   941    665
   942    665
   943    665
   929    666
   930    666
   931    666
   932    666
   933    666
   934    666
   935    666
   936    666
   937    666
   938    666
   939    666
   940    666
   941    666
   942    666
   943    666
   929    667
   930    667
   931    667
   932    667
   933    667
   934    667
   935    667
   936    667
   937    667
   938    667
   939    667
   940    667
   941    667
   942    667
   943    667
   929    668
   930    668
   931    668
   932    668
   933    668
   934    668
   935    668
   936    668
   937    668
   938    668
   939    668
   940    668
   941    668
   942    668
   943    668
   929    669
   930    669
   931    669
   932    669
   933    669
   934    669
   935    669
   936    669
   937    669
   938    669
   939    669
   940    669
   941    669
   942    669
   943    669
   929    670
   930    670
   931    670
   932    670
   933    670
   934    670
   935    670
   936    670
   937    670
   938    670
   939    670
   940    670
   941    670
   942    670
   943    670
   929    671
   930    671
   931    671
   932    671
   933    671
   934    671
   935    671
   936    671
   937    671
   938    671
   939    671
   940    671
   941    671
   942    671
   943    671
   929    672
   930    672
   931    672
   932    672
   933    672
   934    672
   935    672
   936    672
   937    672
   938    672
   939    672
   940    672
   941    672
   942    672
   943    672
   929    673
   930    673
   931    673
   932    673
   933    673
   934    673
   935    673
   936    673
   937    673
   938    673
   939    673
   940    673
   941    673
   942    673
   943    673
   944    673
   929    674
   930    674
   931    674
   932    674
   933    674
   934    674
   935    674
   936    674
   937    674
   938    674
   939    674
   940    674
   941    674
   942    674
   943    674
   944    674
   929    675
   930    675
   931    675
   932    675
   933    675
   934    675
   935    675
   936    675
   937    675
   938    675
   939    675
   940    675
   941    675
   942    675
   943    675
   944    675
   929    676
   930    676
   931    676
   932    676
   933    676
   934    676
   935    676
   936    676
   937    676
   938    676
   939    676
   940    676
   941    676
   942    676
   943    676
   944    676
   929    677
   930    677
   931    677
   932    677
   933    677
   934    677
   935    677
   936    677
   937    677
   938    677
   939    677
   940    677
   941    677
   942    677
   943    677
   944    677
   929    678
   930    678
   931    678
   932    678
   933    678
   934    678
   935    678
   936    678
   937    678
   938    678
   939    678
   940    678
   941    678
   942    678
   943    678
   944    678
   928    679
   929    679
   930    679
   931    679
   932    679
   933    679
   934    679
   935    679
   936    679
   937    679
   938    679
   939    679
   940    679
   941    679
   942    679
   943    679
   944    679
   928    680
   929    680
   930    680
   931    680
   932    680
   933    680
   934    680
   935    680
   936    680
   937    680
   938    680
   939    680
   940    680
   941    680
   942    680
   943    680
   944    680
   928    681
   929    681
   930    681
   931    681
   932    681
   933    681
   934    681
   935    681
   936    681
   937    681
   938    681
   939    681
   940    681
   941    681
   942    681
   943    681
   944    681
   928    682
   929    682
   930    682
   931    682
   932    682
   933    682
   934    682
   935    682
   936    682
   937    682
   938    682
   939    682
   940    682
   941    682
   942    682
   943    682
   944    682
   929    683
   930    683
   931    683
   932    683
   933    683
   934    683
   935    683
   936    683
   937    683
   938    683
   939    683
   940    683
   941    683
   942    683
   943    683
   944    683
   928    684
   929    684
   930    684
   931    684
   932    684
   933    684
   934    684
   935    684
   936    684
   937    684
   938    684
   939    684
   940    684
   941    684
   942    684
   943    684
   944    684
   928    685
   929    685
   930    685
   931    685
   932    685
   933    685
   934    685
   935    685
   936    685
   937    685
   938    685
   939    685
   940    685
   941    685
   942    685
   943    685
   944    685
   928    686
   929    686
   930    686
   931    686
   932    686
   933    686
   934    686
   935    686
   936    686
   937    686
   938    686
   939    686
   940    686
   941    686
   942    686
   943    686
   944    686
   945    686
   928    687
   929    687
   930    687
   931    687
   932    687
   933    687
   934    687
   935    687
   936    687
   937    687
   938    687
   939    687
   940    687
   941    687
   942    687
   943    687
   944    687
   928    688
   929    688
   930    688
   931    688
   932    688
   933    688
   934    688
   935    688
   936    688
   937    688
   938    688
   939    688
   940    688
   941    688
   942    688
   943    688
   944    688
   928    689
   929    689
   930    689
   931    689
   932    689
   933    689
   934    689
   935    689
   936    689
   937    689
   938    689
   939    689
   940    689
   941    689
   942    689
   943    689
   944    689
   945    689
   928    690
   929    690
   930    690
   931    690
   932    690
   933    690
   934    690
   935    690
   936    690
   937    690
   938    690
   939    690
   940    690
   941    690
   942    690
   943    690
   944    690
   945    690
   928    691
   929    691
   930    691
   931    691
   932    691
   933    691
   934    691
   935    691
   936    691
   937    691
   938    691
   939    691
   940    691
   941    691
   942    691
   943    691
   944    691
   945    691
   928    692
   929    692
   930    692
   931    692
   932    692
   933    692
   934    692
   935    692
   936    692
   937    692
   938    692
   939    692
   940    692
   941    692
   942    692
   943    692
   944    692
   945    692
   928    693
   929    693
   930    693
   931    693
   932    693
   933    693
   934    693
   935    693
   936    693
   937    693
   938    693
   939    693
   940    693
   941    693
   942    693
   943    693
   944    693
   945    693
   928    694
   929    694
   930    694
   931    694
   932    694
   933    694
   934    694
   935    694
   936    694
   937    694
   938    694
   939    694
   940    694
   941    694
   942    694
   943    694
   944    694
   945    694
   928    695
   929    695
   930    695
   931    695
   932    695
   933    695
   934    695
   935    695
   936    695
   937    695
   938    695
   939    695
   940    695
   941    695
   942    695
   943    695
   944    695
   945    695
   928    696
   929    696
   930    696
   931    696
   932    696
   933    696
   934    696
   935    696
   936    696
   937    696
   938    696
   939    696
   940    696
   941    696
   942    696
   943    696
   944    696
   945    696
   927    697
   928    697
   929    697
   930    697
   931    697
   932    697
   933    697
   934    697
   935    697
   936    697
   937    697
   938    697
   939    697
   940    697
   941    697
   942    697
   943    697
   944    697
   945    697
   927    698
   928    698
   929    698
   930    698
   931    698
   932    698
   933    698
   934    698
   935    698
   936    698
   937    698
   938    698
   939    698
   940    698
   941    698
   942    698
   943    698
   944    698
   945    698
   927    699
   928    699
   929    699
   930    699
   931    699
   932    699
   933    699
   934    699
   935    699
   936    699
   937    699
   938    699
   939    699
   940    699
   941    699
   942    699
   943    699
   944    699
   945    699
   927    700
   928    700
   929    700
   930    700
   931    700
   932    700
   933    700
   934    700
   935    700
   936    700
   937    700
   938    700
   939    700
   940    700
   941    700
   942    700
   943    700
   944    700
   945    700
   927    701
   928    701
   929    701
   930    701
   931    701
   932    701
   933    701
   934    701
   935    701
   936    701
   937    701
   938    701
   939    701
   940    701
   941    701
   942    701
   943    701
   944    701
   945    701
   927    702
   928    702
   929    702
   930    702
   931    702
   932    702
   933    702
   934    702
   935    702
   936    702
   937    702
   938    702
   939    702
   940    702
   941    702
   942    702
   943    702
   944    702
   945    702
   927    703
   928    703
   929    703
   930    703
   931    703
   932    703
   933    703
   934    703
   935    703
   936    703
   937    703
   938    703
   939    703
   940    703
   941    703
   942    703
   943    703
   944    703
   945    703
   927    704
   928    704
   929    704
   930    704
   931    704
   932    704
   933    704
   934    704
   935    704
   936    704
   937    704
   938    704
   939    704
   940    704
   941    704
   942    704
   943    704
   944    704
   945    704
   927    705
   928    705
   929    705
   930    705
   931    705
   932    705
   933    705
   934    705
   935    705
   936    705
   937    705
   938    705
   939    705
   940    705
   941    705
   942    705
   943    705
   944    705
   945    705
   927    706
   928    706
   929    706
   930    706
   931    706
   932    706
   933    706
   934    706
   935    706
   936    706
   937    706
   938    706
   939    706
   940    706
   941    706
   942    706
   943    706
   944    706
   945    706
   927    707
   928    707
   929    707
   930    707
   931    707
   932    707
   933    707
   934    707
   935    707
   936    707
   937    707
   938    707
   939    707
   940    707
   941    707
   942    707
   943    707
   944    707
   945    707
   946    707
   927    708
   928    708
   929    708
   930    708
   931    708
   932    708
   933    708
   934    708
   935    708
   936    708
   937    708
   938    708
   939    708
   940    708
   941    708
   942    708
   943    708
   944    708
   945    708
   946    708
   927    709
   928    709
   929    709
   930    709
   931    709
   932    709
   933    709
   934    709
   935    709
   936    709
   937    709
   938    709
   939    709
   940    709
   941    709
   942    709
   943    709
   944    709
   945    709
   946    709
   927    710
   928    710
   929    710
   930    710
   931    710
   932    710
   933    710
   934    710
   935    710
   936    710
   937    710
   938    710
   939    710
   940    710
   941    710
   942    710
   943    710
   944    710
   945    710
   946    710
   773    711
   774    711
   775    711
   776    711
   777    711
   778    711
   779    711
   780    711
   781    711
   782    711
   783    711
   784    711
   785    711
   786    711
   787    711
   788    711
   789    711
   790    711
   791    711
   792    711
   793    711
   927    711
   928    711
   929    711
   930    711
   931    711
   932    711
   933    711
   934    711
   935    711
   936    711
   937    711
   938    711
   939    711
   940    711
   941    711
   942    711
   943    711
   944    711
   945    711
   946    711
   768    712
   769    712
   770    712
   771    712
   773    712
   774    712
   775    712
   777    712
   778    712
   779    712
   780    712
   781    712
   782    712
   783    712
   784    712
   785    712
   786    712
   787    712
   788    712
   789    712
   790    712
   791    712
   792    712
   793    712
   794    712
   795    712
   796    712
   797    712
   798    712
   799    712
   800    712
   801    712
   802    712
   803    712
   804    712
   805    712
   806    712
   807    712
   808    712
   809    712
   810    712
   811    712
   812    712
   813    712
   818    712
   819    712
   820    712
   821    712
   822    712
   823    712
   824    712
   825    712
   826    712
   827    712
   828    712
   829    712
   830    712
   831    712
   832    712
   833    712
   834    712
   835    712
   836    712
   837    712
   838    712
   839    712
   840    712
   841    712
   842    712
   843    712
   844    712
   845    712
   846    712
   847    712
   848    712
   849    712
   850    712
   851    712
   852    712
   853    712
   854    712
   855    712
   856    712
   857    712
   858    712
   859    712
   860    712
   861    712
   862    712
   863    712
   864    712
   865    712
   866    712
   867    712
   868    712
   869    712
   870    712
   871    712
   872    712
   873    712
   874    712
   875    712
   876    712
   877    712
   878    712
   879    712
   880    712
   881    712
   882    712
   883    712
   884    712
   885    712
   886    712
   887    712
   888    712
   889    712
   890    712
   891    712
   893    712
   896    712
   897    712
   898    712
   926    712
   927    712
   928    712
   929    712
   930    712
   931    712
   932    712
   933    712
   934    712
   935    712
   936    712
   937    712
   938    712
   939    712
   940    712
   941    712
   942    712
   943    712
   944    712
   945    712
   946    712
   757    713
   758    713
   759    713
   760    713
   761    713
   762    713
   763    713
   764    713
   765    713
   766    713
   767    713
   768    713
   769    713
   770    713
   771    713
   772    713
   773    713
   774    713
   775    713
   776    713
   777    713
   778    713
   779    713
   780    713
   781    713
   782    713
   783    713
   784    713
   785    713
   786    713
   787    713
   788    713
   789    713
   790    713
   791    713
   792    713
   793    713
   794    713
   795    713
   796    713
   797    713
   798    713
   799    713
   800    713
   801    713
   802    713
   803    713
   804    713
   805    713
   806    713
   807    713
   808    713
   809    713
   810    713
   811    713
   812    713
   817    713
   818    713
   819    713
   820    713
   821    713
   822    713
   823    713
   824    713
   825    713
   826    713
   827    713
   828    713
   829    713
   830    713
   831    713
   832    713
   833    713
   834    713
   835    713
   836    713
   837    713
   838    713
   839    713
   840    713
   841    713
   842    713
   843    713
   844    713
   845    713
   846    713
   847    713
   848    713
   849    713
   850    713
   851    713
   852    713
   853    713
   854    713
   855    713
   856    713
   857    713
   858    713
   859    713
   860    713
   861    713
   862    713
   863    713
   864    713
   865    713
   866    713
   867    713
   868    713
   869    713
   870    713
   871    713
   872    713
   873    713
   874    713
   875    713
   876    713
   877    713
   878    713
   879    713
   880    713
   881    713
   882    713
   883    713
   884    713
   885    713
   886    713
   887    713
   888    713
   889    713
   890    713
   891    713
   892    713
   893    713
   894    713
   895    713
   896    713
   897    713
   898    713
   899    713
   900    713
   904    713
   905    713
   906    713
   907    713
   908    713
   909    713
   910    713
   911    713
   912    713
   913    713
   914    713
   915    713
   916    713
   917    713
   918    713
   919    713
   920    713
   921    713
   922    713
   923    713
   924    713
   925    713
   926    713
   927    713
   928    713
   929    713
   930    713
   931    713
   932    713
   933    713
   934    713
   935    713
   936    713
   937    713
   938    713
   939    713
   940    713
   941    713
   942    713
   943    713
   944    713
   945    713
   946    713
   947    713
   948    713
   949    713
   950    713
   951    713
   952    713
   953    713
   954    713
   955    713
   956    713
   957    713
   958    713
   959    713
   960    713
   961    713
   962    713
   963    713
   964    713
   965    713
   742    714
   743    714
   744    714
   745    714
   746    714
   747    714
   748    714
   749    714
   750    714
   751    714
   752    714
   753    714
   754    714
   755    714
   756    714
   757    714
   758    714
   759    714
   760    714
   761    714
   762    714
   763    714
   764    714
   765    714
   766    714
   767    714
   768    714
   769    714
   770    714
   771    714
   772    714
   773    714
   774    714
   775    714
   776    714
   777    714
   778    714
   779    714
   780    714
   781    714
   782    714
   783    714
   784    714
   785    714
   786    714
   787    714
   788    714
   789    714
   790    714
   791    714
   792    714
   793    714
   794    714
   795    714
   796    714
   797    714
   798    714
   799    714
   800    714
   801    714
   802    714
   803    714
   804    714
   805    714
   806    714
   807    714
   817    714
   818    714
   819    714
   820    714
   821    714
   822    714
   823    714
   824    714
   825    714
   826    714
   827    714
   828    714
   829    714
   830    714
   831    714
   832    714
   833    714
   834    714
   835    714
   836    714
   837    714
   838    714
   839    714
   840    714
   841    714
   842    714
   843    714
   844    714
   845    714
   846    714
   847    714
   848    714
   849    714
   850    714
   851    714
   852    714
   853    714
   854    714
   855    714
   856    714
   857    714
   858    714
   859    714
   860    714
   861    714
   862    714
   863    714
   864    714
   865    714
   866    714
   867    714
   868    714
   869    714
   870    714
   871    714
   872    714
   873    714
   874    714
   875    714
   876    714
   877    714
   878    714
   879    714
   880    714
   881    714
   882    714
   883    714
   884    714
   885    714
   886    714
   887    714
   888    714
   889    714
   890    714
   891    714
   892    714
   893    714
   894    714
   895    714
   896    714
   897    714
   898    714
   904    714
   905    714
   906    714
   907    714
   908    714
   909    714
   910    714
   911    714
   912    714
   913    714
   914    714
   915    714
   916    714
   917    714
   918    714
   919    714
   920    714
   921    714
   922    714
   923    714
   924    714
   925    714
   926    714
   927    714
   928    714
   929    714
   930    714
   931    714
   932    714
   933    714
   934    714
   935    714
   936    714
   937    714
   938    714
   939    714
   940    714
   941    714
   942    714
   943    714
   944    714
   945    714
   946    714
   947    714
   948    714
   949    714
   950    714
   951    714
   952    714
   953    714
   954    714
   955    714
   956    714
   957    714
   958    714
   959    714
   960    714
   961    714
   962    714
   963    714
   964    714
   965    714
   966    714
   967    714
   968    714
   969    714
   970    714
   971    714
   972    714
   973    714
   974    714
   975    714
   976    714
   720    715
   721    715
   722    715
   723    715
   724    715
   725    715
   726    715
   727    715
   730    715
   731    715
   732    715
   733    715
   734    715
   735    715
   736    715
   737    715
   738    715
   739    715
   740    715
   741    715
   742    715
   743    715
   744    715
   745    715
   746    715
   747    715
   748    715
   749    715
   750    715
   751    715
   752    715
   753    715
   754    715
   755    715
   756    715
   757    715
   758    715
   759    715
   760    715
   761    715
   762    715
   763    715
   764    715
   765    715
   766    715
   767    715
   768    715
   769    715
   770    715
   771    715
   772    715
   773    715
   774    715
   775    715
   776    715
   777    715
   778    715
   779    715
   780    715
   781    715
   782    715
   783    715
   784    715
   785    715
   786    715
   787    715
   788    715
   789    715
   790    715
   791    715
   792    715
   793    715
   794    715
   795    715
   796    715
   797    715
   798    715
   799    715
   800    715
   801    715
   802    715
   803    715
   804    715
   805    715
   806    715
   807    715
   808    715
   809    715
   810    715
   811    715
   812    715
   813    715
   814    715
   815    715
   816    715
   817    715
   818    715
   819    715
   820    715
   821    715
   822    715
   823    715
   824    715
   825    715
   826    715
   827    715
   828    715
   829    715
   830    715
   831    715
   832    715
   833    715
   834    715
   835    715
   836    715
   837    715
   838    715
   839    715
   840    715
   841    715
   842    715
   843    715
   844    715
   845    715
   846    715
   847    715
   848    715
   849    715
   850    715
   851    715
   852    715
   853    715
   854    715
   855    715
   856    715
   857    715
   858    715
   859    715
   860    715
   861    715
   862    715
   863    715
   864    715
   865    715
   866    715
   867    715
   868    715
   869    715
   870    715
   871    715
   872    715
   873    715
   874    715
   875    715
   876    715
   877    715
   878    715
   879    715
   880    715
   881    715
   882    715
   883    715
   884    715
   885    715
   886    715
   887    715
   888    715
   889    715
   890    715
   891    715
   892    715
   893    715
   894    715
   895    715
   896    715
   901    715
   902    715
   903    715
   904    715
   905    715
   906    715
   907    715
   908    715
   909    715
   910    715
   911    715
   912    715
   913    715
   914    715
   915    715
   916    715
   917    715
   918    715
   919    715
   920    715
   921    715
   922    715
   923    715
   924    715
   925    715
   926    715
   927    715
   928    715
   929    715
   930    715
   931    715
   932    715
   933    715
   934    715
   935    715
   936    715
   937    715
   938    715
   939    715
   940    715
   941    715
   942    715
   943    715
   944    715
   945    715
   946    715
   947    715
   948    715
   949    715
   950    715
   951    715
   952    715
   953    715
   954    715
   955    715
   956    715
   957    715
   958    715
   959    715
   960    715
   961    715
   962    715
   963    715
   964    715
   965    715
   966    715
   967    715
   968    715
   969    715
   970    715
   971    715
   972    715
   973    715
   974    715
   975    715
   976    715
   977    715
   978    715
   979    715
   699    716
   700    716
   701    716
   702    716
   703    716
   704    716
   705    716
   706    716
   707    716
   708    716
   709    716
   710    716
   711    716
   712    716
   713    716
   714    716
   715    716
   716    716
   717    716
   718    716
   719    716
   720    716
   721    716
   722    716
   723    716
   724    716
   725    716
   726    716
   730    716
   731    716
   732    716
   733    716
   734    716
   735    716
   736    716
   737    716
   738    716
   739    716
   740    716
   741    716
   742    716
   743    716
   744    716
   745    716
   746    716
   747    716
   748    716
   749    716
   750    716
   751    716
   752    716
   753    716
   754    716
   755    716
   756    716
   757    716
   758    716
   759    716
   760    716
   761    716
   762    716
   763    716
   764    716
   765    716
   766    716
   767    716
   768    716
   769    716
   770    716
   771    716
   772    716
   773    716
   774    716
   775    716
   776    716
   777    716
   778    716
   779    716
   780    716
   781    716
   782    716
   783    716
   784    716
   785    716
   786    716
   787    716
   788    716
   789    716
   790    716
   791    716
   792    716
   793    716
   794    716
   795    716
   796    716
   797    716
   798    716
   799    716
   800    716
   801    716
   802    716
   803    716
   804    716
   805    716
   806    716
   807    716
   808    716
   809    716
   810    716
   811    716
   812    716
   813    716
   814    716
   815    716
   816    716
   817    716
   818    716
   819    716
   820    716
   821    716
   822    716
   823    716
   824    716
   825    716
   826    716
   827    716
   828    716
   829    716
   830    716
   831    716
   832    716
   833    716
   834    716
   835    716
   836    716
   837    716
   838    716
   839    716
   840    716
   841    716
   842    716
   843    716
   844    716
   845    716
   846    716
   847    716
   848    716
   849    716
   850    716
   851    716
   852    716
   853    716
   854    716
   855    716
   856    716
   857    716
   858    716
   859    716
   860    716
   861    716
   862    716
   863    716
   864    716
   865    716
   866    716
   867    716
   868    716
   869    716
   870    716
   871    716
   872    716
   873    716
   874    716
   875    716
   876    716
   877    716
   878    716
   879    716
   880    716
   881    716
   882    716
   883    716
   884    716
   885    716
   886    716
   887    716
   888    716
   889    716
   890    716
   891    716
   892    716
   893    716
   894    716
   895    716
   896    716
   897    716
   898    716
   899    716
   900    716
   901    716
   902    716
   903    716
   904    716
   905    716
   906    716
   907    716
   908    716
   909    716
   910    716
   911    716
   912    716
   913    716
   914    716
   915    716
   916    716
   917    716
   918    716
   919    716
   920    716
   921    716
   922    716
   923    716
   924    716
   925    716
   926    716
   927    716
   928    716
   929    716
   930    716
   931    716
   932    716
   933    716
   934    716
   935    716
   936    716
   937    716
   938    716
   939    716
   940    716
   941    716
   942    716
   943    716
   944    716
   945    716
   946    716
   947    716
   948    716
   949    716
   950    716
   951    716
   952    716
   953    716
   954    716
   955    716
   956    716
   957    716
   958    716
   959    716
   960    716
   961    716
   962    716
   963    716
   964    716
   965    716
   966    716
   967    716
   968    716
   969    716
   970    716
   971    716
   972    716
   973    716
   974    716
   975    716
   976    716
   977    716
   978    716
   989    716
   990    716
   991    716
  1000    716
  1001    716
  1002    716
  1003    716
   689    717
   690    717
   691    717
   692    717
   693    717
   694    717
   695    717
   696    717
   697    717
   698    717
   699    717
   700    717
   701    717
   702    717
   703    717
   704    717
   705    717
   706    717
   707    717
   708    717
   709    717
   710    717
   711    717
   712    717
   713    717
   714    717
   715    717
   716    717
   717    717
   718    717
   719    717
   720    717
   721    717
   722    717
   723    717
   724    717
   730    717
   731    717
   732    717
   733    717
   734    717
   735    717
   736    717
   737    717
   738    717
   739    717
   740    717
   741    717
   742    717
   743    717
   744    717
   745    717
   746    717
   747    717
   748    717
   749    717
   750    717
   751    717
   752    717
   753    717
   754    717
   755    717
   756    717
   757    717
   758    717
   759    717
   760    717
   761    717
   762    717
   763    717
   764    717
   765    717
   766    717
   767    717
   768    717
   769    717
   770    717
   771    717
   772    717
   773    717
   774    717
   775    717
   776    717
   777    717
   778    717
   779    717
   780    717
   781    717
   782    717
   783    717
   784    717
   785    717
   786    717
   787    717
   788    717
   789    717
   790    717
   791    717
   792    717
   793    717
   794    717
   795    717
   796    717
   797    717
   798    717
   799    717
   800    717
   801    717
   802    717
   803    717
   804    717
   805    717
   806    717
   807    717
   808    717
   809    717
   810    717
   811    717
   812    717
   813    717
   814    717
   815    717
   816    717
   817    717
   818    717
   819    717
   820    717
   821    717
   822    717
   823    717
   824    717
   825    717
   826    717
   827    717
   828    717
   829    717
   830    717
   831    717
   832    717
   833    717
   834    717
   835    717
   836    717
   837    717
   838    717
   839    717
   840    717
   841    717
   842    717
   843    717
   844    717
   845    717
   846    717
   847    717
   848    717
   849    717
   850    717
   851    717
   852    717
   853    717
   854    717
   855    717
   856    717
   857    717
   858    717
   859    717
   860    717
   861    717
   862    717
   863    717
   864    717
   865    717
   866    717
   867    717
   868    717
   869    717
   870    717
   871    717
   872    717
   873    717
   874    717
   875    717
   876    717
   877    717
   878    717
   879    717
   880    717
   881    717
   882    717
   883    717
   884    717
   885    717
   886    717
   887    717
   888    717
   889    717
   890    717
   891    717
   892    717
   893    717
   894    717
   895    717
   896    717
   897    717
   898    717
   899    717
   900    717
   901    717
   902    717
   903    717
   904    717
   905    717
   906    717
   907    717
   908    717
   909    717
   910    717
   911    717
   912    717
   913    717
   914    717
   915    717
   916    717
   917    717
   918    717
   919    717
   920    717
   921    717
   922    717
   923    717
   924    717
   925    717
   926    717
   927    717
   928    717
   929    717
   930    717
   931    717
   932    717
   933    717
   934    717
   935    717
   936    717
   937    717
   938    717
   939    717
   940    717
   941    717
   942    717
   943    717
   944    717
   945    717
   946    717
   947    717
   948    717
   949    717
   950    717
   951    717
   952    717
   953    717
   954    717
   955    717
   956    717
   957    717
   958    717
   959    717
   960    717
   961    717
   962    717
   963    717
   964    717
   965    717
   966    717
   967    717
   968    717
   969    717
   970    717
   971    717
   972    717
   973    717
   974    717
   975    717
   976    717
   977    717
   978    717
   979    717
   980    717
   981    717
   982    717
   983    717
   984    717
   985    717
   986    717
   987    717
   988    717
   989    717
   990    717
   991    717
   992    717
   993    717
  1000    717
  1001    717
  1002    717
  1003    717
   686    718
   687    718
   688    718
   689    718
   690    718
   691    718
   692    718
   693    718
   694    718
   695    718
   696    718
   697    718
   698    718
   699    718
   700    718
   701    718
   702    718
   703    718
   704    718
   705    718
   706    718
   707    718
   708    718
   709    718
   710    718
   711    718
   712    718
   713    718
   714    718
   715    718
   716    718
   717    718
   718    718
   719    718
   720    718
   721    718
   729    718
   730    718
   731    718
   732    718
   733    718
   734    718
   735    718
   736    718
   737    718
   738    718
   739    718
   740    718
   741    718
   742    718
   743    718
   744    718
   745    718
   746    718
   747    718
   748    718
   749    718
   750    718
   751    718
   752    718
   753    718
   754    718
   755    718
   756    718
   757    718
   758    718
   759    718
   760    718
   761    718
   762    718
   763    718
   764    718
   765    718
   766    718
   767    718
   768    718
   769    718
   770    718
   771    718
   772    718
   773    718
   774    718
   775    718
   776    718
   777    718
   778    718
   779    718
   780    718
   781    718
   782    718
   783    718
   784    718
   785    718
   786    718
   787    718
   788    718
   789    718
   790    718
   791    718
   792    718
   793    718
   794    718
   795    718
   796    718
   797    718
   798    718
   799    718
   800    718
   801    718
   802    718
   803    718
   804    718
   805    718
   806    718
   807    718
   808    718
   809    718
   810    718
   811    718
   812    718
   813    718
   814    718
   815    718
   816    718
   817    718
   818    718
   819    718
   820    718
   821    718
   822    718
   823    718
   824    718
   825    718
   826    718
   827    718
   828    718
   829    718
   830    718
   831    718
   832    718
   833    718
   834    718
   835    718
   836    718
   837    718
   838    718
   839    718
   840    718
   841    718
   842    718
   843    718
   844    718
   845    718
   846    718
   847    718
   848    718
   849    718
   850    718
   851    718
   852    718
   853    718
   854    718
   855    718
   856    718
   857    718
   858    718
   859    718
   860    718
   861    718
   862    718
   863    718
   864    718
   865    718
   866    718
   867    718
   868    718
   869    718
   870    718
   871    718
   872    718
   873    718
   874    718
   875    718
   876    718
   877    718
   878    718
   879    718
   880    718
   881    718
   882    718
   883    718
   884    718
   885    718
   886    718
   887    718
   888    718
   889    718
   890    718
   891    718
   892    718
   893    718
   894    718
   895    718
   896    718
   897    718
   898    718
   899    718
   900    718
   901    718
   902    718
   903    718
   904    718
   905    718
   906    718
   907    718
   908    718
   909    718
   910    718
   911    718
   912    718
   913    718
   914    718
   915    718
   916    718
   917    718
   918    718
   919    718
   920    718
   921    718
   922    718
   923    718
   924    718
   925    718
   926    718
   927    718
   928    718
   929    718
   930    718
   931    718
   932    718
   933    718
   934    718
   935    718
   936    718
   937    718
   938    718
   939    718
   940    718
   941    718
   942    718
   943    718
   944    718
   945    718
   946    718
   947    718
   948    718
   949    718
   950    718
   951    718
   952    718
   953    718
   954    718
   955    718
   956    718
   957    718
   958    718
   959    718
   960    718
   961    718
   962    718
   963    718
   964    718
   965    718
   966    718
   967    718
   968    718
   969    718
   970    718
   971    718
   972    718
   973    718
   974    718
   975    718
   976    718
   977    718
   978    718
   979    718
   980    718
   981    718
   982    718
   983    718
   984    718
   985    718
   986    718
   987    718
   988    718
   989    718
   990    718
   991    718
   992    718
   993    718
   994    718
   995    718
   996    718
   997    718
   998    718
  1001    718
  1002    718
  1003    718
  1004    718
   684    719
   685    719
   686    719
   687    719
   688    719
   689    719
   690    719
   691    719
   692    719
   693    719
   694    719
   695    719
   696    719
   697    719
   698    719
   699    719
   700    719
   701    719
   702    719
   703    719
   704    719
   705    719
   706    719
   707    719
   708    719
   709    719
   710    719
   711    719
   712    719
   713    719
   714    719
   715    719
   716    719
   717    719
   718    719
   719    719
   720    719
   721    719
   722    719
   723    719
   724    719
   725    719
   726    719
   727    719
   728    719
   729    719
   730    719
   731    719
   732    719
   733    719
   734    719
   735    719
   736    719
   737    719
   738    719
   739    719
   740    719
   741    719
   742    719
   743    719
   744    719
   745    719
   746    719
   747    719
   748    719
   749    719
   750    719
   751    719
   752    719
   753    719
   754    719
   755    719
   756    719
   757    719
   758    719
   759    719
   760    719
   761    719
   762    719
   763    719
   764    719
   765    719
   766    719
   767    719
   768    719
   769    719
   770    719
   771    719
   772    719
   773    719
   774    719
   775    719
   776    719
   777    719
   778    719
   779    719
   780    719
   781    719
   782    719
   783    719
   784    719
   785    719
   786    719
   787    719
   788    719
   789    719
   790    719
   791    719
   792    719
   793    719
   794    719
   795    719
   796    719
   797    719
   798    719
   799    719
   800    719
   801    719
   802    719
   803    719
   804    719
   805    719
   806    719
   807    719
   808    719
   809    719
   810    719
   811    719
   812    719
   813    719
   814    719
   815    719
   816    719
   817    719
   818    719
   819    719
   820    719
   821    719
   822    719
   823    719
   824    719
   825    719
   826    719
   827    719
   828    719
   829    719
   830    719
   831    719
   832    719
   833    719
   834    719
   835    719
   836    719
   837    719
   838    719
   839    719
   840    719
   841    719
   842    719
   843    719
   844    719
   845    719
   846    719
   847    719
   848    719
   849    719
   850    719
   851    719
   852    719
   853    719
   854    719
   855    719
   856    719
   857    719
   858    719
   859    719
   860    719
   861    719
   862    719
   863    719
   864    719
   865    719
   866    719
   867    719
   868    719
   869    719
   870    719
   871    719
   872    719
   873    719
   874    719
   875    719
   876    719
   877    719
   878    719
   879    719
   880    719
   881    719
   882    719
   883    719
   884    719
   885    719
   886    719
   887    719
   888    719
   889    719
   890    719
   891    719
   892    719
   893    719
   894    719
   895    719
   896    719
   897    719
   898    719
   899    719
   900    719
   901    719
   902    719
   903    719
   904    719
   905    719
   906    719
   907    719
   908    719
   909    719
   910    719
   911    719
   912    719
   913    719
   914    719
   915    719
   916    719
   917    719
   918    719
   919    719
   920    719
   921    719
   922    719
   923    719
   924    719
   925    719
   926    719
   927    719
   928    719
   929    719
   930    719
   931    719
   932    719
   933    719
   934    719
   935    719
   936    719
   937    719
   938    719
   939    719
   940    719
   941    719
   942    719
   943    719
   944    719
   945    719
   946    719
   947    719
   948    719
   949    719
   950    719
   951    719
   952    719
   953    719
   954    719
   955    719
   956    719
   957    719
   958    719
   959    719
   960    719
   961    719
   962    719
   963    719
   964    719
   965    719
   966    719
   967    719
   968    719
   969    719
   970    719
   971    719
   972    719
   973    719
   974    719
   975    719
   976    719
   977    719
   978    719
   979    719
   980    719
   981    719
   982    719
   983    719
   984    719
   985    719
   986    719
   987    719
   988    719
   989    719
   990    719
   991    719
   992    719
   993    719
   994    719
   995    719
   996    719
   997    719
   998    719
   999    719
  1001    719
  1002    719
  1003    719
  1004    719
  1005    719
   682    720
   683    720
   684    720
   685    720
   686    720
   687    720
   688    720
   689    720
   690    720
   691    720
   692    720
   693    720
   694    720
   695    720
   696    720
   697    720
   698    720
   699    720
   700    720
   701    720
   702    720
   703    720
   704    720
   705    720
   706    720
   707    720
   708    720
   709    720
   710    720
   711    720
   712    720
   713    720
   714    720
   715    720
   716    720
   717    720
   718    720
   719    720
   720    720
   721    720
   722    720
   723    720
   724    720
   725    720
   726    720
   727    720
   728    720
   729    720
   730    720
   731    720
   732    720
   733    720
   734    720
   735    720
   736    720
   737    720
   738    720
   739    720
   740    720
   741    720
   742    720
   743    720
   744    720
   745    720
   746    720
   747    720
   748    720
   749    720
   750    720
   751    720
   752    720
   753    720
   754    720
   755    720
   756    720
   757    720
   758    720
   759    720
   760    720
   761    720
   762    720
   763    720
   764    720
   765    720
   766    720
   767    720
   768    720
   769    720
   770    720
   771    720
   772    720
   773    720
   774    720
   775    720
   776    720
   777    720
   778    720
   779    720
   780    720
   781    720
   782    720
   783    720
   784    720
   785    720
   786    720
   787    720
   788    720
   789    720
   790    720
   791    720
   792    720
   793    720
   794    720
   795    720
   796    720
   797    720
   798    720
   799    720
   800    720
   801    720
   802    720
   803    720
   804    720
   805    720
   806    720
   807    720
   808    720
   809    720
   810    720
   811    720
   812    720
   813    720
   814    720
   815    720
   816    720
   817    720
   818    720
   819    720
   820    720
   821    720
   822    720
   823    720
   824    720
   825    720
   826    720
   827    720
   828    720
   829    720
   830    720
   831    720
   832    720
   833    720
   834    720
   835    720
   836    720
   837    720
   838    720
   839    720
   840    720
   841    720
   842    720
   843    720
   844    720
   845    720
   846    720
   847    720
   848    720
   849    720
   850    720
   851    720
   852    720
   853    720
   854    720
   855    720
   856    720
   857    720
   858    720
   859    720
   860    720
   861    720
   862    720
   863    720
   864    720
   865    720
   866    720
   867    720
   868    720
   869    720
   870    720
   871    720
   872    720
   873    720
   874    720
   875    720
   876    720
   877    720
   878    720
   879    720
   880    720
   881    720
   882    720
   883    720
   884    720
   885    720
   886    720
   887    720
   888    720
   889    720
   890    720
   891    720
   892    720
   893    720
   894    720
   895    720
   896    720
   897    720
   898    720
   899    720
   900    720
   901    720
   902    720
   903    720
   904    720
   905    720
   906    720
   907    720
   908    720
   909    720
   910    720
   911    720
   912    720
   913    720
   914    720
   915    720
   916    720
   917    720
   918    720
   919    720
   920    720
   921    720
   922    720
   923    720
   924    720
   925    720
   926    720
   927    720
   928    720
   929    720
   930    720
   931    720
   932    720
   933    720
   934    720
   935    720
   936    720
   937    720
   938    720
   939    720
   940    720
   941    720
   942    720
   943    720
   944    720
   945    720
   946    720
   947    720
   948    720
   949    720
   950    720
   951    720
   952    720
   953    720
   954    720
   955    720
   956    720
   957    720
   958    720
   959    720
   960    720
   961    720
   962    720
   963    720
   964    720
   965    720
   966    720
   967    720
   968    720
   969    720
   970    720
   971    720
   972    720
   973    720
   974    720
   975    720
   976    720
   977    720
   978    720
   979    720
   980    720
   981    720
   982    720
   983    720
   984    720
   985    720
   986    720
   987    720
   988    720
   989    720
   990    720
   991    720
   992    720
   993    720
   994    720
   995    720
   996    720
   997    720
   998    720
   999    720
  1000    720
  1002    720
  1003    720
  1004    720
  1005    720
  1006    720
   680    721
   681    721
   682    721
   683    721
   684    721
   685    721
   686    721
   687    721
   688    721
   689    721
   690    721
   691    721
   692    721
   693    721
   694    721
   695    721
   696    721
   697    721
   698    721
   699    721
   700    721
   701    721
   702    721
   703    721
   704    721
   705    721
   706    721
   707    721
   708    721
   709    721
   710    721
   711    721
   712    721
   713    721
   714    721
   715    721
   716    721
   717    721
   718    721
   719    721
   720    721
   721    721
   722    721
   723    721
   724    721
   725    721
   726    721
   727    721
   728    721
   729    721
   730    721
   731    721
   732    721
   733    721
   734    721
   735    721
   736    721
   737    721
   738    721
   739    721
   740    721
   741    721
   742    721
   743    721
   744    721
   745    721
   746    721
   747    721
   748    721
   749    721
   750    721
   751    721
   752    721
   753    721
   754    721
   755    721
   756    721
   757    721
   758    721
   759    721
   760    721
   761    721
   762    721
   763    721
   764    721
   765    721
   766    721
   767    721
   768    721
   769    721
   770    721
   771    721
   772    721
   773    721
   774    721
   775    721
   776    721
   777    721
   778    721
   779    721
   780    721
   781    721
   782    721
   783    721
   784    721
   785    721
   786    721
   787    721
   788    721
   789    721
   790    721
   791    721
   792    721
   793    721
   794    721
   795    721
   796    721
   797    721
   798    721
   799    721
   800    721
   801    721
   802    721
   803    721
   804    721
   805    721
   806    721
   807    721
   808    721
   809    721
   810    721
   811    721
   812    721
   813    721
   814    721
   815    721
   816    721
   817    721
   818    721
   819    721
   820    721
   821    721
   822    721
   823    721
   824    721
   825    721
   826    721
   827    721
   828    721
   829    721
   830    721
   831    721
   832    721
   833    721
   834    721
   835    721
   836    721
   837    721
   838    721
   839    721
   840    721
   841    721
   842    721
   843    721
   844    721
   845    721
   846    721
   847    721
   848    721
   849    721
   850    721
   851    721
   852    721
   853    721
   854    721
   855    721
   856    721
   857    721
   858    721
   859    721
   860    721
   861    721
   862    721
   863    721
   864    721
   865    721
   866    721
   867    721
   868    721
   869    721
   870    721
   871    721
   872    721
   873    721
   874    721
   875    721
   876    721
   877    721
   878    721
   879    721
   880    721
   881    721
   882    721
   883    721
   884    721
   885    721
   886    721
   887    721
   888    721
   889    721
   890    721
   891    721
   892    721
   893    721
   894    721
   895    721
   896    721
   897    721
   898    721
   899    721
   900    721
   901    721
   902    721
   903    721
   904    721
   905    721
   906    721
   907    721
   908    721
   909    721
   910    721
   911    721
   912    721
   913    721
   914    721
   915    721
   916    721
   917    721
   918    721
   919    721
   920    721
   921    721
   922    721
   923    721
   924    721
   925    721
   926    721
   927    721
   928    721
   929    721
   930    721
   931    721
   932    721
   933    721
   934    721
   935    721
   936    721
   937    721
   938    721
   939    721
   940    721
   941    721
   942    721
   943    721
   944    721
   945    721
   946    721
   947    721
   948    721
   949    721
   950    721
   951    721
   952    721
   953    721
   954    721
   955    721
   956    721
   957    721
   958    721
   959    721
   960    721
   961    721
   962    721
   963    721
   964    721
   965    721
   966    721
   967    721
   968    721
   969    721
   970    721
   971    721
   972    721
   973    721
   974    721
   975    721
   976    721
   977    721
   978    721
   979    721
   980    721
   981    721
   982    721
   983    721
   984    721
   985    721
   986    721
   987    721
   988    721
   989    721
   990    721
   991    721
   992    721
   993    721
   994    721
   995    721
   996    721
   997    721
   998    721
   999    721
  1000    721
  1002    721
  1003    721
  1004    721
  1005    721
  1006    721
   677    722
   678    722
   679    722
   680    722
   681    722
   682    722
   683    722
   684    722
   685    722
   686    722
   687    722
   688    722
   689    722
   690    722
   691    722
   692    722
   693    722
   694    722
   695    722
   696    722
   697    722
   698    722
   699    722
   700    722
   701    722
   702    722
   703    722
   704    722
   705    722
   706    722
   707    722
   708    722
   709    722
   710    722
   711    722
   712    722
   713    722
   714    722
   715    722
   716    722
   717    722
   718    722
   719    722
   720    722
   721    722
   722    722
   723    722
   724    722
   725    722
   726    722
   727    722
   728    722
   729    722
   730    722
   731    722
   732    722
   733    722
   734    722
   735    722
   736    722
   737    722
   738    722
   739    722
   740    722
   741    722
   742    722
   743    722
   744    722
   745    722
   746    722
   747    722
   748    722
   749    722
   750    722
   751    722
   752    722
   753    722
   754    722
   755    722
   756    722
   757    722
   758    722
   759    722
   760    722
   761    722
   762    722
   763    722
   764    722
   765    722
   766    722
   767    722
   768    722
   769    722
   770    722
   771    722
   772    722
   773    722
   774    722
   775    722
   776    722
   777    722
   778    722
   779    722
   780    722
   781    722
   782    722
   783    722
   784    722
   785    722
   786    722
   787    722
   788    722
   789    722
   790    722
   791    722
   792    722
   793    722
   794    722
   795    722
   796    722
   797    722
   798    722
   799    722
   800    722
   801    722
   802    722
   803    722
   804    722
   805    722
   806    722
   807    722
   808    722
   809    722
   810    722
   811    722
   812    722
   813    722
   814    722
   815    722
   816    722
   817    722
   818    722
   819    722
   820    722
   821    722
   822    722
   823    722
   824    722
   825    722
   826    722
   827    722
   828    722
   829    722
   830    722
   831    722
   832    722
   833    722
   834    722
   835    722
   836    722
   837    722
   838    722
   839    722
   840    722
   841    722
   842    722
   843    722
   844    722
   845    722
   846    722
   847    722
   848    722
   849    722
   850    722
   851    722
   852    722
   853    722
   854    722
   855    722
   856    722
   857    722
   858    722
   859    722
   860    722
   861    722
   862    722
   863    722
   864    722
   865    722
   866    722
   867    722
   868    722
   869    722
   870    722
   871    722
   872    722
   873    722
   874    722
   875    722
   876    722
   877    722
   878    722
   879    722
   880    722
   881    722
   882    722
   883    722
   884    722
   885    722
   886    722
   887    722
   888    722
   889    722
   890    722
   891    722
   892    722
   893    722
   894    722
   895    722
   896    722
   897    722
   898    722
   899    722
   900    722
   901    722
   902    722
   903    722
   904    722
   905    722
   906    722
   907    722
   908    722
   909    722
   910    722
   911    722
   912    722
   913    722
   914    722
   915    722
   916    722
   917    722
   918    722
   919    722
   920    722
   921    722
   922    722
   923    722
   924    722
   925    722
   926    722
   927    722
   928    722
   929    722
   930    722
   931    722
   932    722
   933    722
   934    722
   935    722
   936    722
   937    722
   938    722
   939    722
   940    722
   941    722
   942    722
   943    722
   944    722
   945    722
   946    722
   947    722
   948    722
   949    722
   950    722
   951    722
   952    722
   953    722
   954    722
   955    722
   956    722
   957    722
   958    722
   959    722
   960    722
   961    722
   962    722
   963    722
   964    722
   965    722
   966    722
   967    722
   968    722
   969    722
   970    722
   971    722
   972    722
   973    722
   974    722
   975    722
   976    722
   977    722
   978    722
   979    722
   980    722
   981    722
   982    722
   983    722
   984    722
   985    722
   986    722
   987    722
   988    722
   989    722
   990    722
   991    722
   992    722
   993    722
   994    722
   995    722
   996    722
   997    722
   998    722
   999    722
  1000    722
  1001    722
  1003    722
  1004    722
  1005    722
  1006    722
  1007    722
   675    723
   676    723
   677    723
   678    723
   679    723
   680    723
   681    723
   682    723
   683    723
   684    723
   685    723
   686    723
   687    723
   688    723
   689    723
   690    723
   691    723
   692    723
   693    723
   694    723
   695    723
   696    723
   697    723
   698    723
   699    723
   700    723
   701    723
   702    723
   703    723
   704    723
   705    723
   706    723
   707    723
   708    723
   709    723
   710    723
   711    723
   712    723
   713    723
   714    723
   715    723
   716    723
   717    723
   718    723
   719    723
   720    723
   721    723
   722    723
   723    723
   724    723
   725    723
   726    723
   727    723
   728    723
   729    723
   730    723
   731    723
   732    723
   733    723
   734    723
   735    723
   736    723
   737    723
   738    723
   739    723
   740    723
   741    723
   742    723
   743    723
   744    723
   745    723
   746    723
   747    723
   748    723
   749    723
   750    723
   751    723
   752    723
   753    723
   754    723
   755    723
   756    723
   757    723
   758    723
   759    723
   760    723
   761    723
   762    723
   763    723
   764    723
   765    723
   766    723
   767    723
   768    723
   769    723
   770    723
   771    723
   772    723
   773    723
   774    723
   775    723
   776    723
   777    723
   778    723
   779    723
   780    723
   781    723
   782    723
   783    723
   784    723
   785    723
   786    723
   787    723
   788    723
   789    723
   790    723
   791    723
   792    723
   793    723
   794    723
   795    723
   796    723
   797    723
   798    723
   799    723
   800    723
   801    723
   802    723
   803    723
   804    723
   805    723
   806    723
   807    723
   808    723
   809    723
   810    723
   811    723
   812    723
   813    723
   814    723
   815    723
   816    723
   817    723
   818    723
   819    723
   820    723
   821    723
   822    723
   823    723
   824    723
   825    723
   826    723
   827    723
   828    723
   829    723
   830    723
   831    723
   832    723
   833    723
   834    723
   835    723
   836    723
   837    723
   838    723
   839    723
   840    723
   841    723
   842    723
   843    723
   844    723
   845    723
   846    723
   847    723
   848    723
   849    723
   850    723
   851    723
   852    723
   853    723
   854    723
   855    723
   856    723
   857    723
   858    723
   859    723
   860    723
   861    723
   862    723
   863    723
   864    723
   865    723
   866    723
   867    723
   868    723
   869    723
   870    723
   871    723
   872    723
   873    723
   874    723
   875    723
   876    723
   877    723
   878    723
   879    723
   880    723
   881    723
   882    723
   883    723
   884    723
   885    723
   886    723
   887    723
   888    723
   889    723
   890    723
   891    723
   892    723
   893    723
   894    723
   895    723
   896    723
   897    723
   898    723
   899    723
   900    723
   901    723
   902    723
   903    723
   904    723
   905    723
   906    723
   907    723
   908    723
   909    723
   910    723
   911    723
   912    723
   913    723
   914    723
   915    723
   916    723
   917    723
   918    723
   919    723
   920    723
   921    723
   922    723
   923    723
   924    723
   925    723
   926    723
   927    723
   928    723
   929    723
   930    723
   931    723
   932    723
   933    723
   934    723
   935    723
   936    723
   937    723
   938    723
   939    723
   940    723
   941    723
   942    723
   943    723
   944    723
   945    723
   946    723
   947    723
   948    723
   949    723
   950    723
   951    723
   952    723
   953    723
   954    723
   955    723
   956    723
   957    723
   958    723
   959    723
   960    723
   961    723
   962    723
   963    723
   964    723
   965    723
   966    723
   967    723
   968    723
   969    723
   970    723
   971    723
   972    723
   973    723
   974    723
   975    723
   976    723
   977    723
   978    723
   979    723
   980    723
   981    723
   982    723
   983    723
   984    723
   985    723
   986    723
   987    723
   988    723
   989    723
   990    723
   991    723
   992    723
   993    723
   994    723
   995    723
   996    723
   997    723
   998    723
   999    723
  1000    723
  1001    723
  1002    723
  1003    723
  1004    723
  1005    723
  1006    723
  1007    723
  1008    723
   673    724
   674    724
   675    724
   676    724
   677    724
   678    724
   679    724
   680    724
   681    724
   682    724
   683    724
   684    724
   685    724
   686    724
   687    724
   688    724
   689    724
   690    724
   691    724
   692    724
   693    724
   694    724
   695    724
   696    724
   697    724
   698    724
   699    724
   700    724
   701    724
   702    724
   703    724
   704    724
   705    724
   706    724
   707    724
   708    724
   709    724
   710    724
   711    724
   712    724
   713    724
   714    724
   715    724
   716    724
   717    724
   718    724
   719    724
   720    724
   721    724
   722    724
   723    724
   724    724
   725    724
   726    724
   727    724
   728    724
   729    724
   730    724
   731    724
   732    724
   733    724
   734    724
   735    724
   736    724
   737    724
   738    724
   739    724
   740    724
   741    724
   742    724
   743    724
   744    724
   745    724
   746    724
   747    724
   748    724
   749    724
   750    724
   751    724
   752    724
   753    724
   754    724
   755    724
   756    724
   757    724
   758    724
   759    724
   760    724
   761    724
   762    724
   763    724
   764    724
   765    724
   766    724
   767    724
   768    724
   769    724
   770    724
   771    724
   772    724
   773    724
   774    724
   775    724
   776    724
   777    724
   778    724
   779    724
   780    724
   781    724
   782    724
   783    724
   784    724
   785    724
   786    724
   787    724
   788    724
   789    724
   790    724
   791    724
   792    724
   793    724
   794    724
   795    724
   796    724
   797    724
   798    724
   799    724
   800    724
   801    724
   802    724
   803    724
   804    724
   805    724
   806    724
   807    724
   808    724
   809    724
   810    724
   811    724
   812    724
   813    724
   814    724
   815    724
   816    724
   817    724
   818    724
   819    724
   820    724
   821    724
   822    724
   823    724
   824    724
   825    724
   826    724
   827    724
   828    724
   829    724
   830    724
   831    724
   832    724
   833    724
   834    724
   835    724
   836    724
   837    724
   838    724
   839    724
   840    724
   841    724
   842    724
   843    724
   844    724
   845    724
   846    724
   847    724
   848    724
   849    724
   850    724
   851    724
   852    724
   853    724
   854    724
   855    724
   856    724
   857    724
   858    724
   859    724
   860    724
   861    724
   862    724
   863    724
   864    724
   865    724
   866    724
   867    724
   868    724
   869    724
   870    724
   871    724
   872    724
   873    724
   874    724
   875    724
   876    724
   877    724
   878    724
   879    724
   880    724
   881    724
   882    724
   883    724
   884    724
   885    724
   886    724
   887    724
   888    724
   889    724
   890    724
   891    724
   892    724
   893    724
   894    724
   895    724
   896    724
   897    724
   898    724
   899    724
   900    724
   901    724
   902    724
   903    724
   904    724
   905    724
   906    724
   907    724
   908    724
   909    724
   910    724
   911    724
   912    724
   913    724
   914    724
   915    724
   916    724
   917    724
   918    724
   919    724
   920    724
   921    724
   922    724
   923    724
   924    724
   925    724
   926    724
   927    724
   928    724
   929    724
   930    724
   931    724
   932    724
   933    724
   934    724
   935    724
   936    724
   937    724
   938    724
   939    724
   940    724
   941    724
   942    724
   943    724
   944    724
   945    724
   946    724
   947    724
   948    724
   949    724
   950    724
   951    724
   952    724
   953    724
   954    724
   955    724
   956    724
   957    724
   958    724
   959    724
   960    724
   961    724
   962    724
   963    724
   964    724
   965    724
   966    724
   967    724
   968    724
   969    724
   970    724
   971    724
   972    724
   973    724
   974    724
   975    724
   976    724
   977    724
   978    724
   979    724
   980    724
   981    724
   982    724
   983    724
   984    724
   985    724
   986    724
   987    724
   988    724
   989    724
   990    724
   991    724
   992    724
   993    724
   994    724
   995    724
   996    724
   997    724
   998    724
   999    724
  1000    724
  1001    724
  1002    724
  1003    724
  1004    724
  1005    724
  1006    724
  1007    724
  1008    724
  1013    724
  1014    724
   671    725
   672    725
   673    725
   674    725
   675    725
   676    725
   677    725
   678    725
   679    725
   680    725
   681    725
   682    725
   683    725
   684    725
   685    725
   686    725
   687    725
   688    725
   689    725
   690    725
   691    725
   692    725
   693    725
   694    725
   695    725
   696    725
   697    725
   698    725
   699    725
   700    725
   701    725
   702    725
   703    725
   704    725
   705    725
   706    725
   707    725
   708    725
   709    725
   710    725
   711    725
   712    725
   713    725
   714    725
   715    725
   716    725
   717    725
   718    725
   719    725
   720    725
   721    725
   722    725
   723    725
   724    725
   725    725
   726    725
   727    725
   728    725
   729    725
   730    725
   731    725
   732    725
   733    725
   734    725
   735    725
   736    725
   737    725
   738    725
   739    725
   740    725
   741    725
   742    725
   743    725
   744    725
   745    725
   746    725
   747    725
   748    725
   749    725
   750    725
   751    725
   752    725
   753    725
   754    725
   755    725
   756    725
   757    725
   758    725
   759    725
   760    725
   761    725
   762    725
   763    725
   764    725
   765    725
   766    725
   767    725
   768    725
   769    725
   770    725
   771    725
   772    725
   773    725
   774    725
   775    725
   776    725
   777    725
   778    725
   779    725
   780    725
   781    725
   782    725
   783    725
   784    725
   785    725
   786    725
   787    725
   788    725
   789    725
   790    725
   791    725
   792    725
   793    725
   794    725
   795    725
   796    725
   797    725
   798    725
   799    725
   800    725
   801    725
   802    725
   803    725
   804    725
   805    725
   806    725
   807    725
   808    725
   809    725
   810    725
   811    725
   812    725
   813    725
   814    725
   815    725
   816    725
   817    725
   818    725
   819    725
   820    725
   821    725
   822    725
   823    725
   824    725
   825    725
   826    725
   827    725
   828    725
   829    725
   830    725
   831    725
   832    725
   833    725
   834    725
   835    725
   836    725
   837    725
   838    725
   839    725
   840    725
   841    725
   842    725
   843    725
   844    725
   845    725
   846    725
   847    725
   848    725
   849    725
   850    725
   851    725
   852    725
   853    725
   854    725
   855    725
   856    725
   857    725
   858    725
   859    725
   860    725
   861    725
   862    725
   863    725
   864    725
   865    725
   866    725
   867    725
   868    725
   869    725
   870    725
   871    725
   872    725
   873    725
   874    725
   875    725
   876    725
   877    725
   878    725
   879    725
   880    725
   881    725
   882    725
   883    725
   884    725
   885    725
   886    725
   887    725
   888    725
   889    725
   890    725
   891    725
   892    725
   893    725
   894    725
   895    725
   896    725
   897    725
   898    725
   899    725
   900    725
   901    725
   902    725
   903    725
   904    725
   905    725
   906    725
   907    725
   908    725
   909    725
   910    725
   911    725
   912    725
   913    725
   914    725
   915    725
   916    725
   917    725
   918    725
   919    725
   920    725
   921    725
   922    725
   923    725
   924    725
   925    725
   926    725
   927    725
   928    725
   929    725
   930    725
   931    725
   932    725
   933    725
   934    725
   935    725
   936    725
   937    725
   938    725
   939    725
   940    725
   941    725
   942    725
   943    725
   944    725
   945    725
   946    725
   947    725
   948    725
   949    725
   950    725
   951    725
   952    725
   953    725
   954    725
   955    725
   956    725
   957    725
   958    725
   959    725
   960    725
   961    725
   962    725
   963    725
   964    725
   965    725
   966    725
   967    725
   968    725
   969    725
   970    725
   971    725
   972    725
   973    725
   974    725
   975    725
   976    725
   977    725
   978    725
   979    725
   980    725
   981    725
   982    725
   983    725
   984    725
   985    725
   986    725
   987    725
   988    725
   989    725
   990    725
   991    725
   992    725
   993    725
   994    725
   995    725
   996    725
   997    725
   998    725
   999    725
  1000    725
  1001    725
  1002    725
  1003    725
  1004    725
  1005    725
  1006    725
  1007    725
  1008    725
  1009    725
   669    726
   670    726
   671    726
   672    726
   673    726
   674    726
   675    726
   676    726
   677    726
   678    726
   679    726
   680    726
   681    726
   682    726
   683    726
   684    726
   685    726
   686    726
   687    726
   688    726
   689    726
   690    726
   691    726
   692    726
   693    726
   694    726
   695    726
   696    726
   697    726
   698    726
   699    726
   700    726
   701    726
   702    726
   703    726
   704    726
   705    726
   706    726
   707    726
   708    726
   709    726
   710    726
   711    726
   712    726
   713    726
   714    726
   715    726
   716    726
   717    726
   718    726
   719    726
   720    726
   721    726
   722    726
   723    726
   724    726
   725    726
   726    726
   727    726
   728    726
   729    726
   730    726
   731    726
   732    726
   733    726
   734    726
   735    726
   736    726
   737    726
   738    726
   739    726
   740    726
   741    726
   742    726
   743    726
   744    726
   745    726
   746    726
   747    726
   748    726
   749    726
   750    726
   751    726
   752    726
   753    726
   754    726
   755    726
   756    726
   757    726
   758    726
   759    726
   760    726
   761    726
   762    726
   763    726
   764    726
   765    726
   766    726
   767    726
   768    726
   769    726
   770    726
   771    726
   772    726
   773    726
   774    726
   775    726
   776    726
   777    726
   778    726
   779    726
   780    726
   781    726
   782    726
   783    726
   784    726
   785    726
   786    726
   787    726
   788    726
   789    726
   790    726
   791    726
   792    726
   793    726
   794    726
   795    726
   796    726
   797    726
   798    726
   799    726
   800    726
   801    726
   802    726
   803    726
   804    726
   805    726
   806    726
   807    726
   808    726
   809    726
   810    726
   811    726
   812    726
   813    726
   814    726
   815    726
   816    726
   817    726
   818    726
   819    726
   820    726
   821    726
   822    726
   823    726
   824    726
   825    726
   826    726
   827    726
   828    726
   829    726
   830    726
   831    726
   832    726
   833    726
   834    726
   835    726
   836    726
   837    726
   838    726
   839    726
   840    726
   841    726
   842    726
   843    726
   844    726
   845    726
   846    726
   847    726
   848    726
   849    726
   850    726
   851    726
   852    726
   853    726
   854    726
   855    726
   856    726
   857    726
   858    726
   859    726
   860    726
   861    726
   862    726
   863    726
   864    726
   865    726
   866    726
   867    726
   868    726
   869    726
   870    726
   871    726
   872    726
   873    726
   874    726
   875    726
   876    726
   877    726
   878    726
   879    726
   880    726
   881    726
   882    726
   883    726
   884    726
   885    726
   886    726
   887    726
   888    726
   889    726
   890    726
   891    726
   892    726
   893    726
   894    726
   895    726
   896    726
   897    726
   898    726
   899    726
   900    726
   901    726
   902    726
   903    726
   904    726
   905    726
   906    726
   907    726
   908    726
   909    726
   910    726
   911    726
   912    726
   913    726
   914    726
   915    726
   916    726
   917    726
   918    726
   919    726
   920    726
   921    726
   922    726
   923    726
   924    726
   925    726
   926    726
   927    726
   928    726
   929    726
   930    726
   931    726
   932    726
   933    726
   934    726
   935    726
   936    726
   937    726
   938    726
   939    726
   940    726
   941    726
   942    726
   943    726
   944    726
   945    726
   946    726
   947    726
   948    726
   949    726
   950    726
   951    726
   952    726
   953    726
   954    726
   955    726
   956    726
   957    726
   958    726
   959    726
   960    726
   961    726
   962    726
   963    726
   964    726
   965    726
   966    726
   967    726
   968    726
   969    726
   970    726
   971    726
   972    726
   973    726
   974    726
   975    726
   976    726
   977    726
   978    726
   979    726
   980    726
   981    726
   982    726
   983    726
   984    726
   985    726
   986    726
   987    726
   988    726
   989    726
   990    726
   991    726
   992    726
   993    726
   994    726
   995    726
   996    726
   997    726
   998    726
   999    726
  1000    726
  1001    726
  1002    726
  1003    726
  1005    726
  1006    726
  1007    726
  1008    726
  1009    726
   666    727
   667    727
   668    727
   669    727
   670    727
   671    727
   672    727
   673    727
   674    727
   675    727
   676    727
   677    727
   678    727
   679    727
   680    727
   681    727
   682    727
   683    727
   684    727
   685    727
   686    727
   687    727
   688    727
   689    727
   690    727
   691    727
   692    727
   693    727
   694    727
   695    727
   696    727
   697    727
   698    727
   699    727
   700    727
   701    727
   702    727
   703    727
   704    727
   705    727
   706    727
   707    727
   708    727
   709    727
   710    727
   711    727
   712    727
   713    727
   714    727
   715    727
   716    727
   717    727
   718    727
   719    727
   720    727
   721    727
   722    727
   723    727
   724    727
   725    727
   726    727
   727    727
   728    727
   729    727
   730    727
   731    727
   732    727
   733    727
   734    727
   735    727
   736    727
   737    727
   738    727
   739    727
   740    727
   741    727
   742    727
   743    727
   744    727
   745    727
   746    727
   747    727
   748    727
   749    727
   750    727
   751    727
   752    727
   753    727
   754    727
   755    727
   756    727
   757    727
   758    727
   759    727
   760    727
   761    727
   762    727
   763    727
   764    727
   765    727
   766    727
   767    727
   768    727
   769    727
   770    727
   771    727
   772    727
   773    727
   774    727
   775    727
   776    727
   777    727
   778    727
   779    727
   780    727
   781    727
   782    727
   783    727
   784    727
   785    727
   786    727
   787    727
   788    727
   789    727
   790    727
   791    727
   792    727
   793    727
   794    727
   795    727
   796    727
   797    727
   798    727
   799    727
   800    727
   801    727
   802    727
   803    727
   804    727
   805    727
   806    727
   807    727
   808    727
   809    727
   810    727
   811    727
   812    727
   813    727
   814    727
   815    727
   816    727
   817    727
   818    727
   819    727
   820    727
   821    727
   822    727
   823    727
   824    727
   825    727
   826    727
   827    727
   828    727
   829    727
   830    727
   831    727
   832    727
   833    727
   834    727
   835    727
   836    727
   837    727
   838    727
   839    727
   840    727
   841    727
   842    727
   843    727
   844    727
   845    727
   846    727
   847    727
   848    727
   849    727
   850    727
   851    727
   852    727
   853    727
   854    727
   855    727
   856    727
   857    727
   858    727
   859    727
   860    727
   861    727
   862    727
   863    727
   864    727
   865    727
   866    727
   867    727
   868    727
   869    727
   870    727
   871    727
   872    727
   873    727
   874    727
   875    727
   876    727
   877    727
   878    727
   879    727
   880    727
   881    727
   882    727
   883    727
   884    727
   885    727
   886    727
   887    727
   888    727
   889    727
   890    727
   891    727
   892    727
   893    727
   894    727
   895    727
   896    727
   897    727
   898    727
   899    727
   900    727
   901    727
   902    727
   903    727
   904    727
   905    727
   906    727
   907    727
   908    727
   909    727
   910    727
   911    727
   912    727
   913    727
   914    727
   915    727
   916    727
   917    727
   918    727
   919    727
   920    727
   921    727
   922    727
   923    727
   924    727
   925    727
   926    727
   927    727
   928    727
   929    727
   930    727
   931    727
   932    727
   933    727
   934    727
   935    727
   936    727
   937    727
   938    727
   939    727
   940    727
   941    727
   942    727
   943    727
   944    727
   945    727
   946    727
   947    727
   948    727
   949    727
   950    727
   951    727
   952    727
   953    727
   954    727
   955    727
   956    727
   957    727
   958    727
   959    727
   960    727
   961    727
   962    727
   963    727
   964    727
   965    727
   966    727
   967    727
   968    727
   969    727
   970    727
   971    727
   972    727
   973    727
   974    727
   975    727
   976    727
   977    727
   978    727
   979    727
   980    727
   981    727
   982    727
   983    727
   984    727
   985    727
   986    727
   987    727
   988    727
   989    727
   990    727
   991    727
   992    727
   993    727
   994    727
   995    727
   996    727
   997    727
   998    727
   999    727
  1000    727
  1001    727
  1002    727
  1003    727
  1004    727
  1006    727
  1007    727
  1008    727
  1009    727
  1010    727
   664    728
   665    728
   666    728
   667    728
   668    728
   669    728
   670    728
   671    728
   672    728
   673    728
   674    728
   675    728
   676    728
   677    728
   678    728
   679    728
   680    728
   681    728
   682    728
   683    728
   684    728
   685    728
   686    728
   687    728
   688    728
   689    728
   690    728
   691    728
   692    728
   693    728
   694    728
   695    728
   696    728
   697    728
   698    728
   699    728
   700    728
   701    728
   702    728
   703    728
   704    728
   705    728
   706    728
   707    728
   708    728
   709    728
   710    728
   711    728
   712    728
   713    728
   714    728
   715    728
   716    728
   717    728
   718    728
   719    728
   720    728
   721    728
   722    728
   723    728
   724    728
   725    728
   726    728
   727    728
   728    728
   729    728
   730    728
   731    728
   732    728
   733    728
   734    728
   735    728
   736    728
   737    728
   738    728
   739    728
   740    728
   741    728
   742    728
   743    728
   744    728
   745    728
   746    728
   747    728
   748    728
   749    728
   750    728
   751    728
   752    728
   753    728
   754    728
   755    728
   756    728
   757    728
   758    728
   759    728
   760    728
   761    728
   762    728
   763    728
   764    728
   765    728
   766    728
   767    728
   768    728
   769    728
   770    728
   771    728
   772    728
   773    728
   774    728
   775    728
   776    728
   777    728
   778    728
   779    728
   780    728
   781    728
   782    728
   783    728
   784    728
   785    728
   786    728
   787    728
   788    728
   789    728
   790    728
   791    728
   792    728
   793    728
   794    728
   795    728
   796    728
   797    728
   798    728
   799    728
   800    728
   801    728
   802    728
   803    728
   804    728
   805    728
   806    728
   807    728
   808    728
   809    728
   810    728
   811    728
   812    728
   813    728
   814    728
   815    728
   816    728
   817    728
   818    728
   819    728
   820    728
   821    728
   822    728
   823    728
   824    728
   825    728
   826    728
   827    728
   828    728
   829    728
   830    728
   831    728
   832    728
   833    728
   834    728
   835    728
   836    728
   837    728
   838    728
   839    728
   840    728
   841    728
   842    728
   843    728
   844    728
   845    728
   846    728
   847    728
   848    728
   849    728
   850    728
   851    728
   852    728
   853    728
   854    728
   855    728
   856    728
   857    728
   858    728
   859    728
   860    728
   861    728
   862    728
   863    728
   864    728
   865    728
   866    728
   867    728
   868    728
   869    728
   870    728
   871    728
   872    728
   873    728
   874    728
   875    728
   876    728
   877    728
   878    728
   879    728
   880    728
   881    728
   882    728
   883    728
   884    728
   885    728
   886    728
   887    728
   888    728
   889    728
   890    728
   891    728
   892    728
   893    728
   894    728
   895    728
   896    728
   897    728
   898    728
   899    728
   900    728
   901    728
   902    728
   903    728
   904    728
   905    728
   906    728
   907    728
   908    728
   909    728
   910    728
   911    728
   912    728
   913    728
   914    728
   915    728
   916    728
   917    728
   918    728
   919    728
   920    728
   921    728
   922    728
   923    728
   924    728
   925    728
   926    728
   927    728
   928    728
   929    728
   930    728
   931    728
   932    728
   933    728
   934    728
   935    728
   936    728
   937    728
   938    728
   939    728
   940    728
   941    728
   942    728
   943    728
   944    728
   945    728
   946    728
   947    728
   948    728
   949    728
   950    728
   951    728
   952    728
   953    728
   954    728
   955    728
   956    728
   957    728
   958    728
   959    728
   960    728
   961    728
   962    728
   963    728
   964    728
   965    728
   966    728
   967    728
   968    728
   969    728
   970    728
   971    728
   972    728
   973    728
   974    728
   975    728
   976    728
   977    728
   978    728
   979    728
   980    728
   981    728
   982    728
   983    728
   984    728
   985    728
   986    728
   987    728
   988    728
   989    728
   990    728
   991    728
   992    728
   993    728
   994    728
   995    728
   996    728
   997    728
   998    728
   999    728
  1000    728
  1001    728
  1002    728
  1003    728
  1004    728
  1005    728
  1006    728
  1007    728
  1008    728
  1009    728
  1010    728
  1011    728
  1015    728
  1016    728
   662    729
   663    729
   664    729
   665    729
   666    729
   667    729
   668    729
   669    729
   670    729
   671    729
   672    729
   673    729
   674    729
   675    729
   676    729
   677    729
   678    729
   679    729
   680    729
   681    729
   682    729
   683    729
   684    729
   685    729
   686    729
   687    729
   688    729
   689    729
   690    729
   691    729
   692    729
   693    729
   694    729
   695    729
   696    729
   697    729
   698    729
   699    729
   700    729
   701    729
   702    729
   703    729
   704    729
   705    729
   706    729
   707    729
   708    729
   709    729
   710    729
   711    729
   712    729
   713    729
   714    729
   715    729
   716    729
   717    729
   718    729
   719    729
   720    729
   721    729
   722    729
   723    729
   724    729
   725    729
   726    729
   727    729
   728    729
   729    729
   730    729
   731    729
   732    729
   733    729
   734    729
   735    729
   736    729
   737    729
   738    729
   739    729
   740    729
   741    729
   742    729
   743    729
   744    729
   745    729
   746    729
   747    729
   748    729
   749    729
   750    729
   751    729
   752    729
   753    729
   754    729
   755    729
   756    729
   757    729
   758    729
   759    729
   760    729
   761    729
   762    729
   763    729
   764    729
   765    729
   766    729
   767    729
   768    729
   769    729
   770    729
   771    729
   772    729
   773    729
   774    729
   775    729
   776    729
   777    729
   778    729
   779    729
   780    729
   781    729
   782    729
   783    729
   784    729
   785    729
   786    729
   787    729
   788    729
   789    729
   790    729
   791    729
   792    729
   793    729
   794    729
   795    729
   796    729
   797    729
   798    729
   799    729
   800    729
   801    729
   802    729
   803    729
   804    729
   805    729
   806    729
   807    729
   808    729
   809    729
   810    729
   811    729
   812    729
   813    729
   814    729
   815    729
   816    729
   817    729
   818    729
   819    729
   820    729
   821    729
   822    729
   823    729
   824    729
   825    729
   826    729
   827    729
   828    729
   829    729
   830    729
   831    729
   832    729
   833    729
   834    729
   835    729
   836    729
   837    729
   838    729
   839    729
   840    729
   841    729
   842    729
   843    729
   844    729
   845    729
   846    729
   847    729
   848    729
   849    729
   850    729
   851    729
   852    729
   853    729
   854    729
   855    729
   856    729
   857    729
   858    729
   859    729
   860    729
   861    729
   862    729
   863    729
   864    729
   865    729
   866    729
   867    729
   868    729
   869    729
   870    729
   871    729
   872    729
   873    729
   874    729
   875    729
   876    729
   877    729
   878    729
   879    729
   880    729
   881    729
   882    729
   883    729
   884    729
   885    729
   886    729
   887    729
   888    729
   889    729
   890    729
   891    729
   892    729
   893    729
   894    729
   895    729
   896    729
   897    729
   898    729
   899    729
   900    729
   901    729
   902    729
   903    729
   904    729
   905    729
   906    729
   907    729
   908    729
   909    729
   910    729
   911    729
   912    729
   913    729
   914    729
   915    729
   916    729
   917    729
   918    729
   919    729
   920    729
   921    729
   922    729
   923    729
   924    729
   925    729
   926    729
   927    729
   928    729
   929    729
   930    729
   931    729
   932    729
   933    729
   934    729
   935    729
   936    729
   937    729
   938    729
   939    729
   940    729
   941    729
   942    729
   943    729
   944    729
   945    729
   946    729
   947    729
   948    729
   949    729
   950    729
   951    729
   952    729
   953    729
   954    729
   955    729
   956    729
   957    729
   958    729
   959    729
   960    729
   961    729
   962    729
   963    729
   964    729
   965    729
   966    729
   967    729
   968    729
   969    729
   970    729
   971    729
   972    729
   973    729
   974    729
   975    729
   976    729
   977    729
   978    729
   979    729
   980    729
   981    729
   982    729
   983    729
   984    729
   985    729
   986    729
   987    729
   988    729
   989    729
   990    729
   991    729
   992    729
   993    729
   994    729
   995    729
   996    729
   997    729
   998    729
   999    729
  1000    729
  1001    729
  1002    729
  1003    729
  1004    729
  1005    729
  1007    729
  1008    729
  1009    729
  1010    729
  1011    729
  1012    729
   660    730
   661    730
   662    730
   663    730
   664    730
   665    730
   666    730
   667    730
   668    730
   669    730
   670    730
   671    730
   672    730
   673    730
   674    730
   675    730
   676    730
   677    730
   678    730
   679    730
   680    730
   681    730
   682    730
   683    730
   684    730
   685    730
   686    730
   687    730
   688    730
   689    730
   690    730
   691    730
   692    730
   693    730
   694    730
   695    730
   696    730
   697    730
   698    730
   699    730
   700    730
   701    730
   702    730
   703    730
   704    730
   705    730
   706    730
   707    730
   708    730
   709    730
   710    730
   711    730
   712    730
   713    730
   714    730
   715    730
   716    730
   717    730
   718    730
   719    730
   720    730
   721    730
   722    730
   723    730
   724    730
   725    730
   726    730
   727    730
   728    730
   729    730
   730    730
   731    730
   732    730
   733    730
   734    730
   735    730
   736    730
   737    730
   738    730
   739    730
   740    730
   741    730
   742    730
   743    730
   744    730
   745    730
   746    730
   747    730
   748    730
   749    730
   750    730
   751    730
   752    730
   753    730
   754    730
   755    730
   756    730
   757    730
   758    730
   759    730
   760    730
   761    730
   762    730
   763    730
   764    730
   765    730
   766    730
   767    730
   768    730
   769    730
   770    730
   771    730
   772    730
   773    730
   774    730
   775    730
   776    730
   777    730
   778    730
   779    730
   780    730
   781    730
   782    730
   783    730
   784    730
   785    730
   786    730
   787    730
   788    730
   789    730
   790    730
   791    730
   792    730
   793    730
   794    730
   795    730
   796    730
   797    730
   798    730
   799    730
   800    730
   801    730
   802    730
   803    730
   804    730
   805    730
   806    730
   807    730
   808    730
   809    730
   810    730
   811    730
   812    730
   813    730
   814    730
   815    730
   816    730
   817    730
   818    730
   819    730
   820    730
   821    730
   822    730
   823    730
   824    730
   825    730
   826    730
   827    730
   828    730
   829    730
   830    730
   831    730
   832    730
   833    730
   834    730
   835    730
   836    730
   837    730
   838    730
   839    730
   840    730
   841    730
   842    730
   843    730
   844    730
   845    730
   846    730
   847    730
   848    730
   849    730
   850    730
   851    730
   852    730
   853    730
   854    730
   855    730
   856    730
   857    730
   858    730
   859    730
   860    730
   861    730
   862    730
   863    730
   864    730
   865    730
   866    730
   867    730
   868    730
   869    730
   870    730
   871    730
   872    730
   873    730
   874    730
   875    730
   876    730
   877    730
   878    730
   879    730
   880    730
   881    730
   882    730
   883    730
   884    730
   885    730
   886    730
   887    730
   888    730
   889    730
   890    730
   891    730
   892    730
   893    730
   894    730
   895    730
   896    730
   897    730
   898    730
   899    730
   900    730
   901    730
   902    730
   903    730
   904    730
   905    730
   906    730
   907    730
   908    730
   909    730
   910    730
   911    730
   912    730
   913    730
   914    730
   915    730
   916    730
   917    730
   918    730
   919    730
   920    730
   921    730
   922    730
   923    730
   924    730
   925    730
   926    730
   927    730
   928    730
   929    730
   930    730
   931    730
   932    730
   933    730
   934    730
   935    730
   936    730
   937    730
   938    730
   939    730
   940    730
   941    730
   942    730
   943    730
   944    730
   945    730
   946    730
   947    730
   948    730
   949    730
   950    730
   951    730
   952    730
   953    730
   954    730
   955    730
   956    730
   957    730
   958    730
   959    730
   960    730
   961    730
   962    730
   963    730
   964    730
   965    730
   966    730
   967    730
   968    730
   969    730
   970    730
   971    730
   972    730
   973    730
   974    730
   975    730
   976    730
   977    730
   978    730
   979    730
   980    730
   981    730
   982    730
   983    730
   984    730
   985    730
   986    730
   987    730
   988    730
   989    730
   990    730
   991    730
   992    730
   993    730
   994    730
   995    730
   996    730
   997    730
   998    730
   999    730
  1000    730
  1001    730
  1002    730
  1003    730
  1004    730
  1005    730
  1006    730
  1008    730
  1009    730
  1010    730
  1011    730
  1012    730
