   894    730
   895    730
   896    730
   897    730
   898    730
   899    730
   900    730
   901    730
   894    731
   895    731
   896    731
   897    731
   898    731
   899    731
   900    731
   901    731
   902    731
   894    732
   895    732
   896    732
   897    732
   898    732
   899    732
   900    732
   901    732
   894    733
   895    733
   896    733
   897    733
   898    733
   899    733
   900    733
   901    733
   894    734
   895    734
   896    734
   897    734
   898    734
   899    734
   900    734
   901    734
   894    735
   895    735
   896    735
   897    735
   898    735
   899    735
   900    735
   901    735
   894    736
   895    736
   896    736
   897    736
   898    736
   899    736
   900    736
   901    736
   893    737
   894    737
   895    737
   896    737
   897    737
   898    737
   899    737
   900    737
   901    737
   893    738
   894    738
   895    738
   896    738
   897    738
   898    738
   899    738
   900    738
   901    738
   893    739
   894    739
   895    739
   896    739
   897    739
   898    739
   899    739
   900    739
   901    739
   893    740
   894    740
   895    740
   896    740
   897    740
   898    740
   899    740
   900    740
   901    740
   893    741
   894    741
   895    741
   896    741
   897    741
   898    741
   899    741
   900    741
   901    741
   893    742
   894    742
   895    742
   896    742
   897    742
   898    742
   899    742
   900    742
   901    742
   893    743
   894    743
   895    743
   896    743
   897    743
   898    743
   899    743
   900    743
   901    743
   892    744
   893    744
   894    744
   895    744
   896    744
   897    744
   898    744
   899    744
   900    744
   901    744
   892    745
   893    745
   894    745
   895    745
   896    745
   897    745
   898    745
   899    745
   900    745
   901    745
   892    746
   893    746
   894    746
   895    746
   896    746
   897    746
   898    746
   899    746
   900    746
   901    746
   892    747
   893    747
   894    747
   895    747
   896    747
   897    747
   898    747
   899    747
   900    747
   901    747
   892    748
   893    748
   894    748
   895    748
   896    748
   897    748
   898    748
   899    748
   900    748
   901    748
   892    749
   893    749
   894    749
   895    749
   896    749
   897    749
   898    749
   899    749
   900    749
   901    749
   892    750
   893    750
   894    750
   895    750
   896    750
   897    750
   898    750
   899    750
   900    750
   901    750
   892    751
   893    751
   894    751
   895    751
   896    751
   897    751
   898    751
   899    751
   900    751
   891    752
   892    752
   893    752
   894    752
   895    752
   896    752
   897    752
   898    752
   899    752
   900    752
   891    753
   892    753
   893    753
   894    753
   895    753
   896    753
   897    753
   898    753
   899    753
   900    753
   891    754
   892    754
   893    754
   894    754
   895    754
   896    754
   897    754
   898    754
   899    754
   900    754
   891    755
   892    755
   893    755
   894    755
   895    755
   896    755
   897    755
   898    755
   899    755
   900    755
   901    755
   891    756
   892    756
   893    756
   894    756
   895    756
   896    756
   897    756
   898    756
   899    756
   900    756
   901    756
   891    757
   892    757
   893    757
   894    757
   895    757
   896    757
   897    757
   898    757
   899    757
   900    757
   901    757
   891    758
   892    758
   893    758
   894    758
   895    758
   896    758
   897    758
   898    758
   899    758
   900    758
   901    758
   891    759
   892    759
   893    759
   894    759
   895    759
   896    759
   897    759
   898    759
   899    759
   900    759
   901    759
   891    760
   892    760
   893    760
   894    760
   895    760
   896    760
   897    760
   898    760
   899    760
   900    760
   901    760
   890    761
   891    761
   892    761
   893    761
   894    761
   895    761
   896    761
   897    761
   898    761
   899    761
   900    761
   901    761
   890    762
   891    762
   892    762
   893    762
   894    762
   895    762
   896    762
   897    762
   898    762
   899    762
   900    762
   901    762
   890    763
   891    763
   892    763
   893    763
   894    763
   895    763
   896    763
   897    763
   898    763
   899    763
   900    763
   901    763
   890    764
   891    764
   892    764
   893    764
   894    764
   895    764
   896    764
   897    764
   898    764
   899    764
   900    764
   901    764
   890    765
   891    765
   892    765
   893    765
   894    765
   895    765
   896    765
   897    765
   898    765
   899    765
   900    765
   890    766
   891    766
   892    766
   893    766
   894    766
   895    766
   896    766
   897    766
   898    766
   899    766
   900    766
   890    767
   891    767
   892    767
   893    767
   894    767
   895    767
   896    767
   897    767
   898    767
   899    767
   900    767
   889    768
   890    768
   891    768
   892    768
   893    768
   894    768
   895    768
   896    768
   897    768
   898    768
   899    768
   900    768
   889    769
   890    769
   891    769
   892    769
   893    769
   894    769
   895    769
   896    769
   897    769
   898    769
   899    769
   900    769
   901    769
   890    770
   891    770
   892    770
   893    770
   894    770
   895    770
   896    770
   897    770
   898    770
   899    770
   900    770
   901    770
   889    771
   890    771
   891    771
   892    771
   893    771
   894    771
   895    771
   896    771
   897    771
   898    771
   899    771
   900    771
   901    771
   889    772
   890    772
   891    772
   892    772
   893    772
   894    772
   895    772
   896    772
   897    772
   898    772
   899    772
   900    772
   901    772
   889    773
   890    773
   891    773
   892    773
   893    773
   894    773
   895    773
   896    773
   897    773
   898    773
   899    773
   900    773
   901    773
   889    774
   890    774
   891    774
   892    774
   893    774
   894    774
   895    774
   896    774
   897    774
   898    774
   899    774
   900    774
   901    774
   888    775
   889    775
   890    775
   891    775
   892    775
   893    775
   894    775
   895    775
   896    775
   897    775
   898    775
   899    775
   900    775
   901    775
   888    776
   889    776
   890    776
   891    776
   892    776
   893    776
   894    776
   895    776
   896    776
   897    776
   898    776
   899    776
   900    776
   901    776
   889    777
   890    777
   891    777
   892    777
   893    777
   894    777
   895    777
   896    777
   897    777
   898    777
   899    777
   900    777
   901    777
   888    778
   889    778
   890    778
   891    778
   892    778
   893    778
   894    778
   895    778
   896    778
   897    778
   898    778
   899    778
   900    778
   901    778
   889    779
   890    779
   891    779
   892    779
   893    779
   894    779
   895    779
   896    779
   897    779
   898    779
   899    779
   900    779
   901    779
   888    780
   889    780
   890    780
   891    780
   892    780
   893    780
   894    780
   895    780
   896    780
   897    780
   898    780
   899    780
   900    780
   901    780
   889    781
   890    781
   891    781
   892    781
   893    781
   894    781
   895    781
   896    781
   897    781
   898    781
   899    781
   900    781
   901    781
   889    782
   890    782
   891    782
   892    782
   893    782
   894    782
   895    782
   896    782
   897    782
   898    782
   899    782
   900    782
   890    783
   891    783
   892    783
   893    783
   894    783
   895    783
   896    783
   897    783
   898    783
   899    783
   784    784
   785    784
   786    784
   787    784
   788    784
   789    784
   790    784
   791    784
   792    784
   793    784
   794    784
   795    784
   796    784
   797    784
   798    784
   799    784
   800    784
   801    784
   802    784
   803    784
   804    784
   805    784
   806    784
   807    784
   808    784
   830    784
   831    784
   832    784
   833    784
   834    784
   835    784
   836    784
   837    784
   891    784
   892    784
   893    784
   894    784
   895    784
   896    784
   897    784
   799    785
   832    785
   833    785
   834    785
   835    785
   836    785
   837    785
   838    785
   839    785
   840    785
   841    785
   842    785
   843    785
   844    785
   845    785
   846    785
   847    785
   848    785
   850    785
   855    785
   891    785
   892    785
   893    785
   894    785
   895    785
   838    786
   839    786
   840    786
   845    786
   846    786
   847    786
   848    786
   849    786
   850    786
   851    786
   852    786
   853    786
   854    786
   855    786
   856    786
   857    786
   858    786
   859    786
   860    786
   861    786
   892    786
   893    786
   894    786
   832    787
   837    787
   838    787
   839    787
   841    787
   842    787
   843    787
   845    787
   846    787
   847    787
   848    787
   849    787
   850    787
   851    787
   852    787
   853    787
   854    787
   855    787
   856    787
   859    787
   860    787
   861    787
   862    787
   864    787
   865    787
   866    787
   867    787
   868    787
   869    787
   870    787
   871    787
   872    787
   873    787
   876    787
   800    788
   801    788
   802    788
   803    788
   831    788
   832    788
   833    788
   834    788
   841    788
   845    788
   846    788
   847    788
   848    788
   849    788
   850    788
   851    788
   853    788
   854    788
   855    788
   856    788
   859    788
   868    788
   869    788
   870    788
   872    788
   873    788
   874    788
   875    788
   876    788
   877    788
   878    788
   879    788
   880    788
   801    789
   802    789
   803    789
   832    789
   833    789
   834    789
   837    789
   838    789
   839    789
   840    789
   841    789
   842    789
   845    789
   846    789
   847    789
   848    789
   849    789
   850    789
   851    789
   852    789
   853    789
   854    789
   855    789
   856    789
   869    789
   870    789
   871    789
   874    789
   875    789
   876    789
   877    789
   878    789
   879    789
   880    789
   881    789
   882    789
   883    789
   884    789
   885    789
   886    789
   887    789
   888    789
   889    789
   890    789
   799    790
   800    790
   833    790
   834    790
   835    790
   837    790
   838    790
   841    790
   846    790
   847    790
   848    790
   849    790
   850    790
   851    790
   852    790
   853    790
   872    790
   873    790
   874    790
   880    790
   881    790
   882    790
   883    790
   884    790
   885    790
   886    790
   887    790
   888    790
   889    790
   890    790
   891    790
   892    790
   893    790
   894    790
   895    790
   896    790
   794    791
   798    791
   799    791
   800    791
   801    791
   802    791
   832    791
   847    791
   848    791
   849    791
   850    791
   851    791
   852    791
   853    791
   854    791
   855    791
   856    791
   857    791
   875    791
   876    791
   877    791
   878    791
   879    791
   880    791
   881    791
   882    791
   883    791
   890    791
   891    791
   892    791
   893    791
   894    791
   895    791
   896    791
   897    791
   898    791
   899    791
   900    791
   901    791
   902    791
   903    791
   904    791
   905    791
   906    791
   907    791
   787    792
   788    792
   789    792
   793    792
   794    792
   795    792
   796    792
   797    792
   798    792
   799    792
   800    792
   804    792
   807    792
   808    792
   809    792
   810    792
   811    792
   813    792
   814    792
   815    792
   823    792
   824    792
   825    792
   826    792
   827    792
   828    792
   829    792
   830    792
   831    792
   832    792
   847    792
   848    792
   849    792
   850    792
   851    792
   852    792
   853    792
   854    792
   855    792
   856    792
   857    792
   858    792
   869    792
   870    792
   873    792
   876    792
   877    792
   878    792
   879    792
   880    792
   881    792
   882    792
   883    792
   884    792
   885    792
   886    792
   894    792
   895    792
   902    792
   903    792
   904    792
   905    792
   906    792
   907    792
   908    792
   909    792
   910    792
   911    792
   912    792
   913    792
   785    793
   791    793
   792    793
   793    793
   794    793
   795    793
   796    793
   797    793
   798    793
   799    793
   803    793
   804    793
   805    793
   806    793
   807    793
   808    793
   809    793
   810    793
   811    793
   812    793
   813    793
   814    793
   815    793
   816    793
   817    793
   818    793
   819    793
   820    793
   823    793
   824    793
   825    793
   826    793
   827    793
   828    793
   829    793
   830    793
   831    793
   836    793
   837    793
   838    793
   839    793
   840    793
   842    793
   843    793
   844    793
   845    793
   846    793
   847    793
   848    793
   849    793
   850    793
   851    793
   852    793
   853    793
   854    793
   855    793
   856    793
   857    793
   858    793
   866    793
   867    793
   870    793
   871    793
   875    793
   876    793
   877    793
   878    793
   879    793
   880    793
   881    793
   882    793
   883    793
   884    793
   885    793
   886    793
   894    793
   895    793
   900    793
   902    793
   903    793
   904    793
   905    793
   906    793
   907    793
   908    793
   909    793
   912    793
   913    793
   914    793
   915    793
   916    793
   917    793
   918    793
   919    793
   776    794
   777    794
   783    794
   784    794
   785    794
   786    794
   787    794
   788    794
   789    794
   790    794
   791    794
   792    794
   793    794
   794    794
   795    794
   796    794
   797    794
   799    794
   800    794
   801    794
   802    794
   803    794
   804    794
   805    794
   806    794
   807    794
   808    794
   809    794
   810    794
   811    794
   812    794
   813    794
   814    794
   815    794
   816    794
   817    794
   818    794
   819    794
   820    794
   821    794
   824    794
   825    794
   826    794
   827    794
   828    794
   829    794
   830    794
   831    794
   832    794
   836    794
   837    794
   838    794
   839    794
   840    794
   841    794
   842    794
   843    794
   844    794
   845    794
   846    794
   847    794
   848    794
   849    794
   850    794
   851    794
   852    794
   853    794
   854    794
   855    794
   856    794
   857    794
   858    794
   859    794
   860    794
   861    794
   862    794
   863    794
   864    794
   865    794
   866    794
   867    794
   868    794
   869    794
   870    794
   871    794
   872    794
   873    794
   874    794
   875    794
   876    794
   877    794
   878    794
   879    794
   880    794
   881    794
   882    794
   883    794
   884    794
   885    794
   886    794
   901    794
   902    794
   903    794
   904    794
   916    794
   917    794
   918    794
   919    794
   920    794
   921    794
   922    794
   775    795
   776    795
   783    795
   784    795
   785    795
   786    795
   788    795
   789    795
   790    795
   794    795
   795    795
   796    795
   797    795
   798    795
   799    795
   800    795
   801    795
   803    795
   804    795
   807    795
   808    795
   809    795
   810    795
   811    795
   812    795
   813    795
   814    795
   815    795
   816    795
   817    795
   822    795
   823    795
   824    795
   825    795
   826    795
   827    795
   828    795
   829    795
   830    795
   836    795
   837    795
   840    795
   841    795
   842    795
   843    795
   844    795
   845    795
   846    795
   847    795
   849    795
   850    795
   851    795
   852    795
   856    795
   861    795
   862    795
   863    795
   864    795
   865    795
   866    795
   867    795
   868    795
   869    795
   870    795
   871    795
   872    795
   873    795
   874    795
   875    795
   876    795
   877    795
   878    795
   879    795
   880    795
   881    795
   884    795
   885    795
   902    795
   903    795
   924    795
   926    795
