   894    730
   895    730
   896    730
   897    730
   898    730
   899    730
   900    730
   901    730
   902    730
   894    731
   895    731
   896    731
   897    731
   898    731
   899    731
   900    731
   901    731
   902    731
   894    732
   895    732
   896    732
   897    732
   898    732
   899    732
   900    732
   901    732
   902    732
   894    733
   895    733
   896    733
   897    733
   898    733
   899    733
   900    733
   901    733
   902    733
   894    734
   895    734
   896    734
   897    734
   898    734
   899    734
   900    734
   901    734
   902    734
   894    735
   895    735
   896    735
   897    735
   898    735
   899    735
   900    735
   901    735
   902    735
   894    736
   895    736
   896    736
   897    736
   898    736
   899    736
   900    736
   901    736
   894    737
   895    737
   896    737
   897    737
   898    737
   899    737
   900    737
   901    737
   902    737
   894    738
   895    738
   896    738
   897    738
   898    738
   899    738
   900    738
   901    738
   902    738
   893    739
   894    739
   895    739
   896    739
   897    739
   898    739
   899    739
   900    739
   901    739
   893    740
   894    740
   895    740
   896    740
   897    740
   898    740
   899    740
   900    740
   901    740
   893    741
   894    741
   895    741
   896    741
   897    741
   898    741
   899    741
   900    741
   901    741
   893    742
   894    742
   895    742
   896    742
   897    742
   898    742
   899    742
   900    742
   901    742
   893    743
   894    743
   895    743
   896    743
   897    743
   898    743
   899    743
   900    743
   901    743
   893    744
   894    744
   895    744
   896    744
   897    744
   898    744
   899    744
   900    744
   901    744
   893    745
   894    745
   895    745
   896    745
   897    745
   898    745
   899    745
   900    745
   901    745
   893    746
   894    746
   895    746
   896    746
   897    746
   898    746
   899    746
   900    746
   901    746
   892    747
   893    747
   894    747
   895    747
   896    747
   897    747
   898    747
   899    747
   900    747
   901    747
   892    748
   893    748
   894    748
   895    748
   896    748
   897    748
   898    748
   899    748
   900    748
   901    748
   892    749
   893    749
   894    749
   895    749
   896    749
   897    749
   898    749
   899    749
   900    749
   901    749
   892    750
   893    750
   894    750
   895    750
   896    750
   897    750
   898    750
   899    750
   900    750
   901    750
   892    751
   893    751
   894    751
   895    751
   896    751
   897    751
   898    751
   899    751
   900    751
   901    751
   891    752
   892    752
   893    752
   894    752
   895    752
   896    752
   897    752
   898    752
   899    752
   900    752
   901    752
   891    753
   892    753
   893    753
   894    753
   895    753
   896    753
   897    753
   898    753
   899    753
   900    753
   901    753
   891    754
   892    754
   893    754
   894    754
   895    754
   896    754
   897    754
   898    754
   899    754
   900    754
   901    754
   891    755
   892    755
   893    755
   894    755
   895    755
   896    755
   897    755
   898    755
   899    755
   900    755
   901    755
   891    756
   892    756
   893    756
   894    756
   895    756
   896    756
   897    756
   898    756
   899    756
   900    756
   901    756
   891    757
   892    757
   893    757
   894    757
   895    757
   896    757
   897    757
   898    757
   899    757
   900    757
   901    757
   891    758
   892    758
   893    758
   894    758
   895    758
   896    758
   897    758
   898    758
   899    758
   900    758
   901    758
   891    759
   892    759
   893    759
   894    759
   895    759
   896    759
   897    759
   898    759
   899    759
   900    759
   901    759
   891    760
   892    760
   893    760
   894    760
   895    760
   896    760
   897    760
   898    760
   899    760
   900    760
   901    760
   890    761
   891    761
   892    761
   893    761
   894    761
   895    761
   896    761
   897    761
   898    761
   899    761
   900    761
   901    761
   890    762
   891    762
   892    762
   893    762
   894    762
   895    762
   896    762
   897    762
   898    762
   899    762
   900    762
   901    762
   890    763
   891    763
   892    763
   893    763
   894    763
   895    763
   896    763
   897    763
   898    763
   899    763
   900    763
   901    763
   890    764
   891    764
   892    764
   893    764
   894    764
   895    764
   896    764
   897    764
   898    764
   899    764
   900    764
   901    764
   890    765
   891    765
   892    765
   893    765
   894    765
   895    765
   896    765
   897    765
   898    765
   899    765
   900    765
   901    765
   890    766
   891    766
   892    766
   893    766
   894    766
   895    766
   896    766
   897    766
   898    766
   899    766
   900    766
   901    766
   890    767
   891    767
   892    767
   893    767
   894    767
   895    767
   896    767
   897    767
   898    767
   899    767
   900    767
   901    767
   889    768
   890    768
   891    768
   892    768
   893    768
   894    768
   895    768
   896    768
   897    768
   898    768
   899    768
   900    768
   901    768
   889    769
   890    769
   891    769
   892    769
   893    769
   894    769
   895    769
   896    769
   897    769
   898    769
   899    769
   900    769
   901    769
   890    770
   891    770
   892    770
   893    770
   894    770
   895    770
   896    770
   897    770
   898    770
   899    770
   900    770
   901    770
   889    771
   890    771
   891    771
   892    771
   893    771
   894    771
   895    771
   896    771
   897    771
   898    771
   899    771
   900    771
   901    771
   889    772
   890    772
   891    772
   892    772
   893    772
   894    772
   895    772
   896    772
   897    772
   898    772
   899    772
   900    772
   901    772
   889    773
   890    773
   891    773
   892    773
   893    773
   894    773
   895    773
   896    773
   897    773
   898    773
   899    773
   900    773
   901    773
   889    774
   890    774
   891    774
   892    774
   893    774
   894    774
   895    774
   896    774
   897    774
   898    774
   899    774
   900    774
   901    774
   889    775
   890    775
   891    775
   892    775
   893    775
   894    775
   895    775
   896    775
   897    775
   898    775
   899    775
   900    775
   901    775
   889    776
   890    776
   891    776
   892    776
   893    776
   894    776
   895    776
   896    776
   897    776
   898    776
   899    776
   900    776
   901    776
   889    777
   890    777
   891    777
   892    777
   893    777
   894    777
   895    777
   896    777
   897    777
   898    777
   899    777
   900    777
   901    777
   888    778
   889    778
   890    778
   891    778
   892    778
   893    778
   894    778
   895    778
   896    778
   897    778
   898    778
   899    778
   900    778
   901    778
   889    779
   890    779
   891    779
   892    779
   893    779
   894    779
   895    779
   896    779
   897    779
   898    779
   899    779
   900    779
   901    779
   889    780
   890    780
   891    780
   892    780
   893    780
   894    780
   895    780
   896    780
   897    780
   898    780
   899    780
   900    780
   901    780
   889    781
   890    781
   891    781
   892    781
   893    781
   894    781
   895    781
   896    781
   897    781
   898    781
   899    781
   900    781
   901    781
   889    782
   890    782
   891    782
   892    782
   893    782
   894    782
   895    782
   896    782
   897    782
   898    782
   899    782
   900    782
   821    783
   822    783
   823    783
   824    783
   825    783
   826    783
   827    783
   828    783
   889    783
   890    783
   891    783
   892    783
   893    783
   894    783
   895    783
   896    783
   897    783
   898    783
   899    783
   822    784
   832    784
   833    784
   834    784
   835    784
   836    784
   837    784
   838    784
   839    784
   840    784
   841    784
   842    784
   843    784
   890    784
   891    784
   892    784
   893    784
   894    784
   895    784
   896    784
   817    785
   818    785
   819    785
   820    785
   821    785
   822    785
   834    785
   835    785
   838    785
   839    785
   840    785
   841    785
   842    785
   843    785
   844    785
   845    785
   846    785
   847    785
   848    785
   849    785
   850    785
   851    785
   852    785
   853    785
   854    785
   855    785
   891    785
   892    785
   893    785
   894    785
   895    785
   840    786
   843    786
   844    786
   845    786
   849    786
   850    786
   851    786
   852    786
   853    786
   859    786
   860    786
   861    786
   862    786
   863    786
   864    786
   892    786
   893    786
   894    786
   816    787
   817    787
   818    787
   819    787
   820    787
   821    787
   822    787
   823    787
   824    787
   834    787
   835    787
   836    787
   841    787
   842    787
   850    787
   851    787
   852    787
   861    787
   862    787
   863    787
   864    787
   866    787
   867    787
   868    787
   869    787
   870    787
   871    787
   872    787
   873    787
   874    787
   875    787
   816    788
   817    788
   818    788
   819    788
   820    788
   821    788
   822    788
   823    788
   824    788
   835    788
   839    788
   840    788
   841    788
   842    788
   843    788
   844    788
   861    788
   862    788
   863    788
   868    788
   869    788
   870    788
   871    788
   872    788
   873    788
   874    788
   875    788
   876    788
   877    788
   878    788
   879    788
   880    788
   881    788
   882    788
   887    788
   888    788
   889    788
   815    789
   816    789
   817    789
   818    789
   819    789
   820    789
   821    789
   822    789
   823    789
   824    789
   831    789
   832    789
   834    789
   835    789
   839    789
   840    789
   841    789
   842    789
   843    789
   849    789
   862    789
   863    789
   864    789
   868    789
   869    789
   871    789
   872    789
   873    789
   874    789
   875    789
   876    789
   877    789
   878    789
   879    789
   880    789
   881    789
   882    789
   885    789
   887    789
   888    789
   889    789
   890    789
   812    790
   813    790
   814    790
   815    790
   816    790
   817    790
   818    790
   819    790
   820    790
   821    790
   822    790
   823    790
   824    790
   840    790
   841    790
   850    790
   851    790
   855    790
   856    790
   857    790
   868    790
   869    790
   880    790
   881    790
   882    790
   890    790
   891    790
   892    790
   895    790
   896    790
   789    791
   790    791
   811    791
   812    791
   813    791
   814    791
   815    791
   816    791
   817    791
   818    791
   819    791
   820    791
   821    791
   822    791
   823    791
   824    791
   826    791
   828    791
   829    791
   838    791
   839    791
   841    791
   842    791
   843    791
   845    791
   846    791
   847    791
   848    791
   856    791
   857    791
   858    791
   876    791
   877    791
   878    791
   879    791
   881    791
   882    791
   883    791
   889    791
   890    791
   891    791
   896    791
   897    791
   899    791
   900    791
   901    791
   902    791
   903    791
   904    791
   905    791
   780    792
   781    792
   782    792
   783    792
   784    792
   785    792
   807    792
   808    792
   809    792
   810    792
   811    792
   812    792
   813    792
   814    792
   815    792
   816    792
   817    792
   818    792
   819    792
   820    792
   821    792
   822    792
   823    792
   824    792
   825    792
   826    792
   827    792
   828    792
   829    792
   830    792
   831    792
   832    792
   837    792
   838    792
   840    792
   841    792
   842    792
   843    792
   844    792
   845    792
   846    792
   847    792
   848    792
   849    792
   851    792
   852    792
   853    792
   854    792
   856    792
   857    792
   858    792
   859    792
   872    792
   873    792
   874    792
   875    792
   882    792
   888    792
   891    792
   898    792
   899    792
   901    792
   902    792
   903    792
   904    792
   905    792
   906    792
   907    792
   908    792
   909    792
   779    793
   780    793
   781    793
   782    793
   783    793
   784    793
   785    793
   786    793
   787    793
   788    793
   789    793
   790    793
   795    793
   796    793
   807    793
   808    793
   809    793
   810    793
   811    793
   812    793
   813    793
   814    793
   815    793
   816    793
   817    793
   818    793
   819    793
   820    793
   821    793
   822    793
   823    793
   824    793
   825    793
   826    793
   827    793
   828    793
   829    793
   830    793
   831    793
   840    793
   841    793
   842    793
   843    793
   844    793
   845    793
   846    793
   847    793
   848    793
   849    793
   850    793
   851    793
   852    793
   853    793
   854    793
   855    793
   856    793
   857    793
   858    793
   859    793
   860    793
   861    793
   862    793
   868    793
   872    793
   873    793
   874    793
   895    793
   896    793
   897    793
   898    793
   899    793
   900    793
   901    793
   903    793
   904    793
   907    793
   913    793
   914    793
   915    793
   916    793
   917    793
   778    794
   779    794
   780    794
   783    794
   784    794
   785    794
   786    794
   787    794
   788    794
   789    794
   790    794
   791    794
   792    794
   793    794
   794    794
   795    794
   796    794
   802    794
   803    794
   804    794
   806    794
   807    794
   808    794
   809    794
   810    794
   811    794
   812    794
   813    794
   814    794
   815    794
   816    794
   817    794
   818    794
   819    794
   820    794
   821    794
   822    794
   823    794
   824    794
   827    794
   829    794
   830    794
   831    794
   832    794
   833    794
   834    794
   835    794
   836    794
   838    794
   839    794
   840    794
   841    794
   842    794
   843    794
   844    794
   846    794
   848    794
   849    794
   850    794
   851    794
   852    794
   853    794
   854    794
   855    794
   856    794
   857    794
   858    794
   859    794
   860    794
   867    794
   868    794
   869    794
   870    794
   871    794
   872    794
   873    794
   874    794
   875    794
   890    794
   891    794
   892    794
   893    794
   894    794
   895    794
   896    794
   897    794
   898    794
   899    794
   900    794
   901    794
   904    794
   905    794
   920    794
   921    794
   777    795
   778    795
   783    795
   784    795
   789    795
   790    795
   792    795
   811    795
   812    795
   813    795
   814    795
   815    795
   816    795
   817    795
   818    795
   819    795
   820    795
   821    795
   822    795
   823    795
   831    795
   832    795
   835    795
   836    795
   837    795
   838    795
   840    795
   841    795
   843    795
   849    795
   850    795
   851    795
   852    795
   853    795
   854    795
   855    795
   856    795
   857    795
   858    795
   859    795
   869    795
   870    795
   871    795
   872    795
   874    795
   890    795
   891    795
   892    795
   893    795
   894    795
   895    795
   896    795
   897    795
   898    795
   899    795
   921    795
   922    795
   924    795
