   894    730
   895    730
   896    730
   897    730
   898    730
   899    730
   900    730
   901    730
   894    731
   895    731
   896    731
   897    731
   898    731
   899    731
   900    731
   901    731
   902    731
   894    732
   895    732
   896    732
   897    732
   898    732
   899    732
   900    732
   901    732
   894    733
   895    733
   896    733
   897    733
   898    733
   899    733
   900    733
   901    733
   894    734
   895    734
   896    734
   897    734
   898    734
   899    734
   900    734
   901    734
   894    735
   895    735
   896    735
   897    735
   898    735
   899    735
   900    735
   901    735
   894    736
   895    736
   896    736
   897    736
   898    736
   899    736
   900    736
   901    736
   893    737
   894    737
   895    737
   896    737
   897    737
   898    737
   899    737
   900    737
   901    737
   894    738
   895    738
   896    738
   897    738
   898    738
   899    738
   900    738
   901    738
   893    739
   894    739
   895    739
   896    739
   897    739
   898    739
   899    739
   900    739
   901    739
   893    740
   894    740
   895    740
   896    740
   897    740
   898    740
   899    740
   900    740
   901    740
   893    741
   894    741
   895    741
   896    741
   897    741
   898    741
   899    741
   900    741
   901    741
   893    742
   894    742
   895    742
   896    742
   897    742
   898    742
   899    742
   900    742
   901    742
   893    743
   894    743
   895    743
   896    743
   897    743
   898    743
   899    743
   900    743
   901    743
   893    744
   894    744
   895    744
   896    744
   897    744
   898    744
   899    744
   900    744
   901    744
   892    745
   893    745
   894    745
   895    745
   896    745
   897    745
   898    745
   899    745
   900    745
   901    745
   892    746
   893    746
   894    746
   895    746
   896    746
   897    746
   898    746
   899    746
   900    746
   901    746
   892    747
   893    747
   894    747
   895    747
   896    747
   897    747
   898    747
   899    747
   900    747
   901    747
   892    748
   893    748
   894    748
   895    748
   896    748
   897    748
   898    748
   899    748
   900    748
   901    748
   892    749
   893    749
   894    749
   895    749
   896    749
   897    749
   898    749
   899    749
   900    749
   901    749
   892    750
   893    750
   894    750
   895    750
   896    750
   897    750
   898    750
   899    750
   900    750
   901    750
   892    751
   893    751
   894    751
   895    751
   896    751
   897    751
   898    751
   899    751
   900    751
   901    751
   891    752
   892    752
   893    752
   894    752
   895    752
   896    752
   897    752
   898    752
   899    752
   900    752
   901    752
   891    753
   892    753
   893    753
   894    753
   895    753
   896    753
   897    753
   898    753
   899    753
   900    753
   901    753
   891    754
   892    754
   893    754
   894    754
   895    754
   896    754
   897    754
   898    754
   899    754
   900    754
   901    754
   891    755
   892    755
   893    755
   894    755
   895    755
   896    755
   897    755
   898    755
   899    755
   900    755
   901    755
   891    756
   892    756
   893    756
   894    756
   895    756
   896    756
   897    756
   898    756
   899    756
   900    756
   901    756
   891    757
   892    757
   893    757
   894    757
   895    757
   896    757
   897    757
   898    757
   899    757
   900    757
   901    757
   891    758
   892    758
   893    758
   894    758
   895    758
   896    758
   897    758
   898    758
   899    758
   900    758
   901    758
   891    759
   892    759
   893    759
   894    759
   895    759
   896    759
   897    759
   898    759
   899    759
   900    759
   901    759
   891    760
   892    760
   893    760
   894    760
   895    760
   896    760
   897    760
   898    760
   899    760
   900    760
   901    760
   890    761
   891    761
   892    761
   893    761
   894    761
   895    761
   896    761
   897    761
   898    761
   899    761
   900    761
   901    761
   890    762
   891    762
   892    762
   893    762
   894    762
   895    762
   896    762
   897    762
   898    762
   899    762
   900    762
   901    762
   890    763
   891    763
   892    763
   893    763
   894    763
   895    763
   896    763
   897    763
   898    763
   899    763
   900    763
   901    763
   890    764
   891    764
   892    764
   893    764
   894    764
   895    764
   896    764
   897    764
   898    764
   899    764
   900    764
   901    764
   890    765
   891    765
   892    765
   893    765
   894    765
   895    765
   896    765
   897    765
   898    765
   899    765
   900    765
   901    765
   890    766
   891    766
   892    766
   893    766
   894    766
   895    766
   896    766
   897    766
   898    766
   899    766
   900    766
   901    766
   890    767
   891    767
   892    767
   893    767
   894    767
   895    767
   896    767
   897    767
   898    767
   899    767
   900    767
   901    767
   889    768
   890    768
   891    768
   892    768
   893    768
   894    768
   895    768
   896    768
   897    768
   898    768
   899    768
   900    768
   901    768
   889    769
   890    769
   891    769
   892    769
   893    769
   894    769
   895    769
   896    769
   897    769
   898    769
   899    769
   900    769
   901    769
   889    770
   890    770
   891    770
   892    770
   893    770
   894    770
   895    770
   896    770
   897    770
   898    770
   899    770
   900    770
   901    770
   889    771
   890    771
   891    771
   892    771
   893    771
   894    771
   895    771
   896    771
   897    771
   898    771
   899    771
   900    771
   901    771
   889    772
   890    772
   891    772
   892    772
   893    772
   894    772
   895    772
   896    772
   897    772
   898    772
   899    772
   900    772
   901    772
   889    773
   890    773
   891    773
   892    773
   893    773
   894    773
   895    773
   896    773
   897    773
   898    773
   899    773
   900    773
   901    773
   889    774
   890    774
   891    774
   892    774
   893    774
   894    774
   895    774
   896    774
   897    774
   898    774
   899    774
   900    774
   901    774
   889    775
   890    775
   891    775
   892    775
   893    775
   894    775
   895    775
   896    775
   897    775
   898    775
   899    775
   900    775
   901    775
   889    776
   890    776
   891    776
   892    776
   893    776
   894    776
   895    776
   896    776
   897    776
   898    776
   899    776
   900    776
   901    776
   889    777
   890    777
   891    777
   892    777
   893    777
   894    777
   895    777
   896    777
   897    777
   898    777
   899    777
   900    777
   901    777
   888    778
   889    778
   890    778
   891    778
   892    778
   893    778
   894    778
   895    778
   896    778
   897    778
   898    778
   899    778
   900    778
   901    778
   889    779
   890    779
   891    779
   892    779
   893    779
   894    779
   895    779
   896    779
   897    779
   898    779
   899    779
   900    779
   901    779
   889    780
   890    780
   891    780
   892    780
   893    780
   894    780
   895    780
   896    780
   897    780
   898    780
   899    780
   900    780
   889    781
   890    781
   891    781
   892    781
   893    781
   894    781
   895    781
   896    781
   897    781
   898    781
   899    781
   785    782
   786    782
   787    782
   788    782
   789    782
   790    782
   791    782
   792    782
   798    782
   799    782
   800    782
   801    782
   802    782
   803    782
   804    782
   806    782
   807    782
   808    782
   815    782
   816    782
   817    782
   818    782
   819    782
   820    782
   821    782
   822    782
   823    782
   824    782
   825    782
   826    782
   827    782
   828    782
   829    782
   830    782
   831    782
   890    782
   891    782
   892    782
   893    782
   894    782
   895    782
   896    782
   897    782
   898    782
   899    782
   776    783
   779    783
   780    783
   781    783
   783    783
   784    783
   785    783
   786    783
   787    783
   788    783
   789    783
   790    783
   791    783
   802    783
   803    783
   804    783
   805    783
   810    783
   817    783
   818    783
   821    783
   822    783
   823    783
   824    783
   825    783
   826    783
   827    783
   828    783
   829    783
   830    783
   831    783
   832    783
   833    783
   834    783
   835    783
   836    783
   837    783
   838    783
   839    783
   840    783
   841    783
   842    783
   843    783
   844    783
   845    783
   846    783
   890    783
   891    783
   892    783
   893    783
   894    783
   895    783
   896    783
   897    783
   898    783
   785    784
   786    784
   787    784
   806    784
   807    784
   808    784
   809    784
   810    784
   811    784
   827    784
   837    784
   838    784
   839    784
   840    784
   841    784
   842    784
   843    784
   844    784
   845    784
   846    784
   847    784
   848    784
   849    784
   850    784
   851    784
   852    784
   853    784
   854    784
   855    784
   856    784
   857    784
   892    784
   893    784
   894    784
   895    784
   841    785
   842    785
   847    785
   848    785
   849    785
   850    785
   851    785
   852    785
   853    785
   854    785
   855    785
   856    785
   857    785
   858    785
   864    785
   865    785
   866    785
   867    785
   868    785
   869    785
   870    785
   831    786
   832    786
   840    786
   841    786
   845    786
   846    786
   847    786
   848    786
   849    786
   850    786
   851    786
   852    786
   853    786
   854    786
   855    786
   856    786
   864    786
   865    786
   866    786
   867    786
   868    786
   869    786
   870    786
   871    786
   872    786
   873    786
   874    786
   875    786
   876    786
   877    786
   878    786
   782    787
   801    787
   816    787
   817    787
   830    787
   831    787
   839    787
   840    787
   841    787
   843    787
   844    787
   845    787
   846    787
   847    787
   848    787
   849    787
   850    787
   851    787
   852    787
   853    787
   854    787
   855    787
   856    787
   857    787
   858    787
   860    787
   862    787
   863    787
   864    787
   865    787
   866    787
   867    787
   868    787
   869    787
   870    787
   871    787
   872    787
   873    787
   874    787
   875    787
   876    787
   877    787
   878    787
   879    787
   880    787
   881    787
   882    787
   883    787
   884    787
   885    787
   887    787
   888    787
   889    787
   890    787
   779    788
   780    788
   781    788
   782    788
   783    788
   784    788
   792    788
   793    788
   794    788
   795    788
   796    788
   797    788
   798    788
   799    788
   800    788
   801    788
   802    788
   817    788
   820    788
   821    788
   822    788
   826    788
   827    788
   828    788
   829    788
   830    788
   831    788
   840    788
   841    788
   842    788
   843    788
   844    788
   845    788
   847    788
   848    788
   849    788
   850    788
   851    788
   852    788
   854    788
   855    788
   869    788
   870    788
   871    788
   872    788
   873    788
   874    788
   876    788
   878    788
   879    788
   880    788
   881    788
   882    788
   883    788
   884    788
   886    788
   887    788
   888    788
   889    788
   890    788
   891    788
   892    788
   893    788
   894    788
   775    789
   776    789
   777    789
   778    789
   779    789
   780    789
   781    789
   782    789
   783    789
   784    789
   791    789
   792    789
   793    789
   794    789
   795    789
   796    789
   797    789
   798    789
   799    789
   800    789
   801    789
   802    789
   803    789
   804    789
   805    789
   806    789
   807    789
   808    789
   809    789
   815    789
   816    789
   817    789
   818    789
   819    789
   820    789
   821    789
   822    789
   826    789
   827    789
   828    789
   829    789
   830    789
   831    789
   832    789
   836    789
   837    789
   838    789
   839    789
   840    789
   841    789
   842    789
   843    789
   844    789
   845    789
   846    789
   847    789
   848    789
   849    789
   850    789
   851    789
   852    789
   853    789
   854    789
   855    789
   856    789
   857    789
   862    789
   869    789
   870    789
   882    789
   883    789
   887    789
   888    789
   889    789
   890    789
   891    789
   892    789
   893    789
   894    789
   895    789
   896    789
   897    789
   898    789
   899    789
   900    789
   765    790
   766    790
   767    790
   768    790
   775    790
   776    790
   777    790
   778    790
   779    790
   780    790
   781    790
   782    790
   783    790
   784    790
   785    790
   786    790
   787    790
   788    790
   789    790
   790    790
   791    790
   792    790
   793    790
   794    790
   795    790
   796    790
   797    790
   798    790
   799    790
   800    790
   801    790
   802    790
   803    790
   804    790
   805    790
   806    790
   807    790
   808    790
   809    790
   810    790
   811    790
   814    790
   815    790
   816    790
   817    790
   818    790
   819    790
   820    790
   821    790
   822    790
   823    790
   824    790
   825    790
   826    790
   827    790
   828    790
   829    790
   830    790
   831    790
   832    790
   833    790
   834    790
   835    790
   836    790
   837    790
   838    790
   839    790
   840    790
   841    790
   842    790
   843    790
   844    790
   845    790
   846    790
   847    790
   848    790
   849    790
   850    790
   851    790
   852    790
   853    790
   854    790
   855    790
   856    790
   857    790
   858    790
   859    790
   860    790
   862    790
   863    790
   864    790
   865    790
   866    790
   867    790
   868    790
   869    790
   870    790
   871    790
   873    790
   874    790
   875    790
   877    790
   878    790
   879    790
   890    790
   893    790
   894    790
   895    790
   896    790
   897    790
   898    790
   899    790
   900    790
   901    790
   902    790
   903    790
   904    790
   905    790
   751    791
   752    791
   753    791
   754    791
   755    791
   756    791
   757    791
   758    791
   759    791
   760    791
   763    791
   764    791
   765    791
   766    791
   767    791
   768    791
   774    791
   775    791
   776    791
   777    791
   778    791
   779    791
   780    791
   781    791
   782    791
   783    791
   784    791
   785    791
   786    791
   787    791
   788    791
   789    791
   790    791
   791    791
   792    791
   793    791
   794    791
   795    791
   796    791
   797    791
   798    791
   799    791
   800    791
   801    791
   802    791
   803    791
   804    791
   805    791
   806    791
   807    791
   808    791
   809    791
   810    791
   811    791
   812    791
   813    791
   814    791
   815    791
   816    791
   817    791
   818    791
   819    791
   820    791
   821    791
   822    791
   823    791
   824    791
   825    791
   826    791
   827    791
   828    791
   829    791
   830    791
   831    791
   832    791
   833    791
   834    791
   835    791
   836    791
   837    791
   838    791
   839    791
   840    791
   841    791
   842    791
   843    791
   844    791
   845    791
   846    791
   847    791
   848    791
   849    791
   850    791
   851    791
   852    791
   853    791
   854    791
   855    791
   856    791
   857    791
   858    791
   859    791
   860    791
   864    791
   865    791
   866    791
   867    791
   868    791
   869    791
   870    791
   871    791
   872    791
   873    791
   874    791
   875    791
   876    791
   877    791
   878    791
   879    791
   880    791
   881    791
   884    791
   885    791
   889    791
   891    791
   892    791
   893    791
   894    791
   895    791
   896    791
   897    791
   898    791
   899    791
   900    791
   901    791
   902    791
   903    791
   904    791
   911    791
   912    791
   913    791
   914    791
   915    791
   916    791
   917    791
   735    792
   736    792
   737    792
   738    792
   739    792
   740    792
   741    792
   742    792
   743    792
   744    792
   745    792
   746    792
   747    792
   748    792
   749    792
   750    792
   751    792
   752    792
   753    792
   754    792
   755    792
   756    792
   757    792
   758    792
   759    792
   760    792
   761    792
   762    792
   763    792
   764    792
   765    792
   766    792
   767    792
   768    792
   769    792
   770    792
   771    792
   772    792
   773    792
   774    792
   775    792
   776    792
   777    792
   778    792
   779    792
   780    792
   781    792
   782    792
   783    792
   784    792
   785    792
   786    792
   787    792
   788    792
   789    792
   790    792
   791    792
   792    792
   793    792
   794    792
   795    792
   796    792
   797    792
   798    792
   799    792
   800    792
   801    792
   802    792
   803    792
   804    792
   805    792
   806    792
   807    792
   808    792
   809    792
   810    792
   811    792
   812    792
   813    792
   814    792
   815    792
   816    792
   817    792
   818    792
   819    792
   820    792
   821    792
   822    792
   823    792
   824    792
   825    792
   826    792
   827    792
   828    792
   829    792
   830    792
   831    792
   832    792
   833    792
   834    792
   835    792
   836    792
   837    792
   838    792
   839    792
   840    792
   841    792
   842    792
   843    792
   844    792
   845    792
   846    792
   847    792
   848    792
   849    792
   850    792
   851    792
   852    792
   853    792
   854    792
   855    792
   856    792
   857    792
   858    792
   863    792
   864    792
   865    792
   866    792
   867    792
   868    792
   869    792
   870    792
   871    792
   872    792
   873    792
   874    792
   875    792
   876    792
   877    792
   878    792
   879    792
   880    792
   881    792
   882    792
   883    792
   884    792
   885    792
   886    792
   887    792
   888    792
   889    792
   890    792
   891    792
   892    792
   894    792
   895    792
   896    792
   897    792
   898    792
   899    792
   901    792
   902    792
   904    792
   905    792
   906    792
   907    792
   908    792
   909    792
   910    792
   911    792
   912    792
   913    792
   914    792
   915    792
   916    792
   917    792
   918    792
   919    792
   920    792
   921    792
   922    792
   722    793
   723    793
   724    793
   727    793
   728    793
   729    793
   730    793
   731    793
   732    793
   733    793
   735    793
   736    793
   737    793
   738    793
   739    793
   740    793
   741    793
   742    793
   743    793
   744    793
   745    793
   746    793
   747    793
   748    793
   749    793
   750    793
   751    793
   752    793
   753    793
   754    793
   755    793
   756    793
   757    793
   758    793
   759    793
   760    793
   761    793
   762    793
   763    793
   764    793
   765    793
   766    793
   767    793
   768    793
   769    793
   770    793
   771    793
   772    793
   773    793
   774    793
   775    793
   776    793
   777    793
   778    793
   779    793
   780    793
   781    793
   782    793
   783    793
   784    793
   785    793
   786    793
   787    793
   788    793
   789    793
   790    793
   791    793
   792    793
   793    793
   794    793
   795    793
   796    793
   797    793
   798    793
   799    793
   800    793
   801    793
   802    793
   803    793
   804    793
   805    793
   806    793
   807    793
   808    793
   809    793
   810    793
   811    793
   812    793
   813    793
   814    793
   815    793
   816    793
   817    793
   818    793
   819    793
   820    793
   821    793
   822    793
   823    793
   824    793
   825    793
   826    793
   827    793
   828    793
   829    793
   830    793
   831    793
   832    793
   833    793
   834    793
   835    793
   836    793
   837    793
   838    793
   839    793
   840    793
   841    793
   842    793
   843    793
   844    793
   845    793
   846    793
   847    793
   848    793
   849    793
   850    793
   851    793
   852    793
   853    793
   854    793
   855    793
   856    793
   857    793
   858    793
   863    793
   864    793
   865    793
   866    793
   867    793
   868    793
   869    793
   870    793
   871    793
   872    793
   873    793
   874    793
   875    793
   876    793
   877    793
   878    793
   879    793
   880    793
   881    793
   882    793
   883    793
   884    793
   885    793
   886    793
   887    793
   888    793
   889    793
   890    793
   891    793
   892    793
   893    793
   894    793
   895    793
   896    793
   897    793
   898    793
   899    793
   900    793
   901    793
   902    793
   903    793
   904    793
   905    793
   907    793
   908    793
   909    793
   910    793
   912    793
   913    793
   916    793
   917    793
   918    793
   919    793
   920    793
   921    793
   922    793
   923    793
   924    793
   925    793
   926    793
   927    793
   928    793
   721    794
   722    794
   723    794
   724    794
   725    794
   726    794
   727    794
   728    794
   730    794
   731    794
   732    794
   733    794
   734    794
   735    794
   736    794
   737    794
   738    794
   739    794
   740    794
   741    794
   742    794
   743    794
   744    794
   745    794
   746    794
   747    794
   748    794
   749    794
   750    794
   751    794
   752    794
   753    794
   754    794
   755    794
   756    794
   757    794
   758    794
   759    794
   760    794
   761    794
   762    794
   763    794
   764    794
   765    794
   766    794
   767    794
   768    794
   769    794
   770    794
   771    794
   772    794
   773    794
   774    794
   775    794
   776    794
   777    794
   778    794
   779    794
   780    794
   781    794
   782    794
   783    794
   784    794
   785    794
   786    794
   787    794
   788    794
   789    794
   790    794
   791    794
   792    794
   793    794
   794    794
   795    794
   796    794
   797    794
   798    794
   799    794
   800    794
   801    794
   802    794
   803    794
   804    794
   805    794
   806    794
   807    794
   808    794
   809    794
   810    794
   811    794
   812    794
   813    794
   814    794
   815    794
   816    794
   817    794
   818    794
   819    794
   820    794
   821    794
   822    794
   823    794
   824    794
   825    794
   826    794
   827    794
   828    794
   829    794
   830    794
   831    794
   832    794
   833    794
   834    794
   835    794
   836    794
   837    794
   838    794
   839    794
   840    794
   841    794
   842    794
   843    794
   844    794
   845    794
   846    794
   847    794
   848    794
   849    794
   850    794
   851    794
   852    794
   853    794
   854    794
   855    794
   856    794
   857    794
   858    794
   859    794
   860    794
   861    794
   862    794
   863    794
   864    794
   865    794
   866    794
   867    794
   868    794
   869    794
   870    794
   871    794
   872    794
   873    794
   874    794
   875    794
   876    794
   877    794
   878    794
   879    794
   880    794
   881    794
   882    794
   883    794
   884    794
   885    794
   886    794
   887    794
   888    794
   889    794
   890    794
   891    794
   892    794
   893    794
   894    794
   895    794
   896    794
   904    794
   905    794
   906    794
   907    794
   908    794
   909    794
   910    794
   911    794
   921    794
   922    794
   923    794
   924    794
   925    794
   927    794
   928    794
   929    794
   930    794
   931    794
   932    794
   933    794
   934    794
   721    795
   722    795
   723    795
   724    795
   726    795
   727    795
   730    795
   731    795
   732    795
   733    795
   734    795
   735    795
   736    795
   737    795
   738    795
   739    795
   740    795
   741    795
   742    795
   743    795
   744    795
   745    795
   746    795
   747    795
   748    795
   749    795
   750    795
   751    795
   753    795
   754    795
   755    795
   756    795
   757    795
   758    795
   759    795
   760    795
   761    795
   762    795
   763    795
   764    795
   765    795
   766    795
   767    795
   768    795
   769    795
   770    795
   771    795
   772    795
   773    795
   774    795
   775    795
   776    795
   777    795
   778    795
   779    795
   780    795
   781    795
   782    795
   783    795
   784    795
   785    795
   786    795
   787    795
   788    795
   789    795
   790    795
   791    795
   792    795
   793    795
   794    795
   795    795
   796    795
   797    795
   798    795
   799    795
   800    795
   801    795
   802    795
   805    795
   810    795
   811    795
   812    795
   813    795
   814    795
   815    795
   816    795
   817    795
   818    795
   819    795
   820    795
   821    795
   822    795
   823    795
   824    795
   825    795
   826    795
   827    795
   828    795
   829    795
   830    795
   831    795
   832    795
   833    795
   834    795
   835    795
   836    795
   837    795
   838    795
   839    795
   840    795
   841    795
   842    795
   843    795
   844    795
   845    795
   846    795
   847    795
   848    795
   849    795
   850    795
   851    795
   852    795
   853    795
   854    795
   856    795
   858    795
   859    795
   860    795
   861    795
   862    795
   863    795
   864    795
   865    795
   866    795
   867    795
   868    795
   869    795
   870    795
   871    795
   872    795
   873    795
   874    795
   875    795
   876    795
   877    795
   878    795
   879    795
   880    795
   881    795
   882    795
   883    795
   884    795
   885    795
   886    795
   887    795
   888    795
   889    795
   890    795
   891    795
   892    795
   893    795
   894    795
   895    795
   904    795
   905    795
   906    795
   907    795
   908    795
   909    795
   910    795
   922    795
   926    795
   928    795
   929    795
   930    795
   931    795
   932    795
   933    795
   934    795
   935    795
   936    795
