   893    730
   894    730
   895    730
   896    730
   897    730
   898    730
   899    730
   900    730
   893    731
   894    731
   895    731
   896    731
   897    731
   898    731
   899    731
   900    731
   893    732
   894    732
   895    732
   896    732
   897    732
   898    732
   899    732
   900    732
   892    733
   893    733
   894    733
   895    733
   896    733
   897    733
   898    733
   899    733
   892    734
   893    734
   894    734
   895    734
   896    734
   897    734
   898    734
   899    734
   892    735
   893    735
   894    735
   895    735
   896    735
   897    735
   898    735
   899    735
   891    736
   892    736
   893    736
   894    736
   895    736
   896    736
   897    736
   898    736
   899    736
   891    737
   892    737
   893    737
   894    737
   895    737
   896    737
   897    737
   898    737
   899    737
   891    738
   892    738
   893    738
   894    738
   895    738
   896    738
   897    738
   898    738
   899    738
   890    739
   891    739
   892    739
   893    739
   894    739
   895    739
   896    739
   897    739
   898    739
   899    739
   890    740
   891    740
   892    740
   893    740
   894    740
   895    740
   896    740
   897    740
   898    740
   890    741
   891    741
   892    741
   893    741
   894    741
   895    741
   896    741
   897    741
   898    741
   890    742
   891    742
   892    742
   893    742
   894    742
   895    742
   896    742
   897    742
   898    742
   890    743
   891    743
   892    743
   893    743
   894    743
   895    743
   896    743
   897    743
   898    743
   889    744
   890    744
   891    744
   892    744
   893    744
   894    744
   895    744
   896    744
   897    744
   898    744
   889    745
   890    745
   891    745
   892    745
   893    745
   894    745
   895    745
   896    745
   897    745
   898    745
   889    746
   890    746
   891    746
   892    746
   893    746
   894    746
   895    746
   896    746
   897    746
   889    747
   890    747
   891    747
   892    747
   893    747
   894    747
   895    747
   896    747
   897    747
   889    748
   890    748
   891    748
   892    748
   893    748
   894    748
   895    748
   896    748
   897    748
   889    749
   890    749
   891    749
   892    749
   893    749
   894    749
   895    749
   896    749
   897    749
   889    750
   890    750
   891    750
   892    750
   893    750
   894    750
   895    750
   896    750
   897    750
   888    751
   889    751
   890    751
   891    751
   892    751
   893    751
   894    751
   895    751
   896    751
   897    751
   888    752
   889    752
   890    752
   891    752
   892    752
   893    752
   894    752
   895    752
   896    752
   897    752
   888    753
   889    753
   890    753
   891    753
   892    753
   893    753
   894    753
   895    753
   896    753
   897    753
   888    754
   889    754
   890    754
   891    754
   892    754
   893    754
   894    754
   895    754
   896    754
   897    754
   888    755
   889    755
   890    755
   891    755
   892    755
   893    755
   894    755
   895    755
   896    755
   897    755
   888    756
   889    756
   890    756
   891    756
   892    756
   893    756
   894    756
   895    756
   896    756
   897    756
   888    757
   889    757
   890    757
   891    757
   892    757
   893    757
   894    757
   895    757
   896    757
   897    757
   887    758
   888    758
   889    758
   890    758
   891    758
   892    758
   893    758
   894    758
   895    758
   896    758
   897    758
   887    759
   888    759
   889    759
   890    759
   891    759
   892    759
   893    759
   894    759
   895    759
   896    759
   886    760
   887    760
   888    760
   889    760
   890    760
   891    760
   892    760
   893    760
   894    760
   895    760
   896    760
   885    761
   886    761
   887    761
   888    761
   889    761
   890    761
   891    761
   892    761
   893    761
   894    761
   895    761
   896    761
   885    762
   886    762
   887    762
   888    762
   889    762
   890    762
   891    762
   892    762
   893    762
   894    762
   895    762
   896    762
   885    763
   886    763
   887    763
   888    763
   889    763
   890    763
   891    763
   892    763
   893    763
   894    763
   895    763
   896    763
   885    764
   886    764
   887    764
   888    764
   889    764
   890    764
   891    764
   892    764
   893    764
   894    764
   895    764
   896    764
   885    765
   886    765
   887    765
   888    765
   889    765
   890    765
   891    765
   892    765
   893    765
   894    765
   895    765
   896    765
   885    766
   886    766
   887    766
   888    766
   889    766
   890    766
   891    766
   892    766
   893    766
   894    766
   895    766
   896    766
   885    767
   886    767
   887    767
   888    767
   889    767
   890    767
   891    767
   892    767
   893    767
   894    767
   895    767
   884    768
   885    768
   886    768
   887    768
   888    768
   889    768
   890    768
   891    768
   892    768
   893    768
   894    768
   895    768
   884    769
   885    769
   886    769
   887    769
   888    769
   889    769
   890    769
   891    769
   892    769
   893    769
   894    769
   895    769
   883    770
   884    770
   885    770
   886    770
   887    770
   888    770
   889    770
   890    770
   891    770
   892    770
   893    770
   894    770
   895    770
   883    771
   884    771
   885    771
   886    771
   887    771
   888    771
   889    771
   890    771
   891    771
   892    771
   893    771
   894    771
   895    771
   883    772
   884    772
   885    772
   886    772
   887    772
   888    772
   889    772
   890    772
   891    772
   892    772
   893    772
   894    772
   895    772
   883    773
   884    773
   885    773
   886    773
   887    773
   888    773
   889    773
   890    773
   891    773
   892    773
   893    773
   894    773
   895    773
   882    774
   883    774
   884    774
   885    774
   886    774
   887    774
   888    774
   889    774
   890    774
   891    774
   892    774
   893    774
   894    774
   895    774
   882    775
   883    775
   884    775
   885    775
   886    775
   887    775
   888    775
   889    775
   890    775
   891    775
   892    775
   893    775
   894    775
   895    775
   882    776
   883    776
   884    776
   885    776
   886    776
   887    776
   888    776
   889    776
   890    776
   891    776
   892    776
   893    776
   894    776
   882    777
   883    777
   884    777
   885    777
   886    777
   887    777
   888    777
   889    777
   890    777
   891    777
   892    777
   893    777
   894    777
   883    778
   884    778
   885    778
   886    778
   887    778
   888    778
   889    778
   890    778
   891    778
   892    778
   893    778
   894    778
   883    779
   884    779
   885    779
   886    779
   887    779
   888    779
   889    779
   890    779
   891    779
   892    779
   893    779
   883    780
   884    780
   885    780
   886    780
   887    780
   888    780
   889    780
   890    780
   891    780
   892    780
   893    780
   884    781
   885    781
   886    781
   887    781
   888    781
   889    781
   890    781
   891    781
   892    781
   893    781
   778    782
   779    782
   780    782
   781    782
   782    782
   783    782
   784    782
   785    782
   786    782
   787    782
   788    782
   789    782
   790    782
   791    782
   792    782
   795    782
   796    782
   797    782
   799    782
   800    782
   801    782
   802    782
   803    782
   804    782
   805    782
   806    782
   807    782
   808    782
   809    782
   810    782
   811    782
   815    782
   816    782
   817    782
   818    782
   819    782
   820    782
   821    782
   822    782
   823    782
   824    782
   826    782
   828    782
   829    782
   830    782
   884    782
   885    782
   886    782
   887    782
   888    782
   889    782
   890    782
   891    782
   892    782
   893    782
   760    783
   761    783
   764    783
   765    783
   766    783
   767    783
   768    783
   769    783
   770    783
   771    783
   772    783
   773    783
   778    783
   779    783
   780    783
   781    783
   782    783
   783    783
   784    783
   785    783
   786    783
   787    783
   788    783
   789    783
   790    783
   791    783
   792    783
   793    783
   794    783
   795    783
   798    783
   799    783
   814    783
   815    783
   816    783
   818    783
   819    783
   820    783
   822    783
   825    783
   826    783
   827    783
   828    783
   829    783
   830    783
   831    783
   832    783
   833    783
   834    783
   835    783
   836    783
   837    783
   838    783
   839    783
   885    783
   886    783
   887    783
   888    783
   889    783
   890    783
   891    783
   892    783
   733    784
   734    784
   735    784
   736    784
   737    784
   738    784
   739    784
   740    784
   741    784
   742    784
   743    784
   744    784
   745    784
   746    784
   747    784
   748    784
   749    784
   750    784
   751    784
   764    784
   765    784
   766    784
   767    784
   768    784
   782    784
   791    784
   792    784
   793    784
   794    784
   795    784
   796    784
   797    784
   798    784
   799    784
   800    784
   828    784
   829    784
   830    784
   835    784
   843    784
   844    784
   845    784
   846    784
   847    784
   848    784
   849    784
   850    784
   851    784
   852    784
   740    785
   792    785
   793    785
   794    785
   844    785
   845    785
   846    785
   847    785
   848    785
   849    785
   850    785
   851    785
   852    785
   853    785
   854    785
   855    785
   856    785
   857    785
   858    785
   859    785
   792    786
   793    786
   794    786
   795    786
   796    786
   847    786
   848    786
   849    786
   850    786
   851    786
   852    786
   853    786
   854    786
   855    786
   856    786
   857    786
   858    786
   859    786
   868    786
   869    786
   870    786
   871    786
   872    786
   894    786
   791    787
   792    787
   793    787
   794    787
   795    787
   796    787
   798    787
   799    787
   800    787
   847    787
   848    787
   849    787
   850    787
   851    787
   852    787
   853    787
   854    787
   855    787
   856    787
   857    787
   858    787
   859    787
   867    787
   868    787
   869    787
   870    787
   871    787
   872    787
   873    787
   874    787
   875    787
   876    787
   877    787
   878    787
   879    787
   740    788
   741    788
   742    788
   791    788
   792    788
   793    788
   794    788
   795    788
   796    788
   797    788
   798    788
   799    788
   800    788
   801    788
   802    788
   803    788
   804    788
   805    788
   806    788
   807    788
   808    788
   809    788
   810    788
   811    788
   812    788
   813    788
   814    788
   815    788
   816    788
   847    788
   848    788
   849    788
   850    788
   851    788
   852    788
   853    788
   854    788
   855    788
   856    788
   868    788
   869    788
   870    788
   871    788
   872    788
   873    788
   874    788
   875    788
   876    788
   877    788
   878    788
   879    788
   880    788
   881    788
   882    788
   883    788
   884    788
   885    788
   886    788
   887    788
   888    788
   742    789
   743    789
   744    789
   791    789
   792    789
   793    789
   794    789
   795    789
   796    789
   797    789
   798    789
   799    789
   800    789
   801    789
   802    789
   803    789
   804    789
   805    789
   806    789
   807    789
   808    789
   809    789
   810    789
   811    789
   812    789
   813    789
   814    789
   815    789
   842    789
   843    789
   844    789
   845    789
   847    789
   848    789
   849    789
   850    789
   851    789
   852    789
   853    789
   854    789
   855    789
   869    789
   870    789
   871    789
   872    789
   873    789
   874    789
   875    789
   876    789
   877    789
   878    789
   879    789
   880    789
   881    789
   882    789
   883    789
   884    789
   885    789
   886    789
   887    789
   888    789
   889    789
   890    789
   891    789
   892    789
   893    789
   895    789
   740    790
   741    790
   742    790
   744    790
   745    790
   746    790
   752    790
   753    790
   754    790
   755    790
   756    790
   757    790
   758    790
   791    790
   792    790
   793    790
   794    790
   795    790
   796    790
   797    790
   798    790
   799    790
   800    790
   801    790
   802    790
   803    790
   804    790
   805    790
   806    790
   807    790
   808    790
   809    790
   810    790
   811    790
   812    790
   813    790
   814    790
   815    790
   816    790
   818    790
   825    790
   826    790
   827    790
   828    790
   829    790
   842    790
   843    790
   844    790
   845    790
   848    790
   849    790
   850    790
   851    790
   852    790
   869    790
   870    790
   871    790
   872    790
   873    790
   874    790
   875    790
   876    790
   877    790
   878    790
   879    790
   880    790
   881    790
   882    790
   883    790
   884    790
   885    790
   886    790
   887    790
   888    790
   889    790
   890    790
   891    790
   892    790
   893    790
   895    790
   896    790
   897    790
   898    790
   899    790
   900    790
   739    791
   740    791
   741    791
   742    791
   743    791
   744    791
   745    791
   746    791
   747    791
   751    791
   752    791
   753    791
   754    791
   755    791
   756    791
   757    791
   758    791
   760    791
   761    791
   762    791
   783    791
   784    791
   785    791
   786    791
   787    791
   788    791
   789    791
   791    791
   792    791
   793    791
   794    791
   795    791
   796    791
   797    791
   798    791
   799    791
   800    791
   801    791
   802    791
   803    791
   804    791
   805    791
   806    791
   807    791
   808    791
   809    791
   810    791
   811    791
   812    791
   813    791
   814    791
   815    791
   816    791
   817    791
   818    791
   819    791
   823    791
   824    791
   825    791
   826    791
   827    791
   828    791
   829    791
   830    791
   831    791
   832    791
   833    791
   834    791
   835    791
   841    791
   842    791
   843    791
   844    791
   845    791
   846    791
   847    791
   848    791
   849    791
   850    791
   851    791
   869    791
   870    791
   871    791
   872    791
   873    791
   874    791
   875    791
   876    791
   877    791
   880    791
   881    791
   882    791
   883    791
   884    791
   885    791
   886    791
   887    791
   888    791
   889    791
   898    791
   899    791
   900    791
   901    791
   902    791
   903    791
   904    791
   905    791
   906    791
   907    791
   908    791
   909    791
   739    792
   740    792
   741    792
   742    792
   743    792
   744    792
   751    792
   752    792
   753    792
   754    792
   755    792
   756    792
   757    792
   758    792
   759    792
   760    792
   761    792
   762    792
   770    792
   771    792
   772    792
   773    792
   777    792
   783    792
   784    792
   785    792
   786    792
   787    792
   788    792
   789    792
   790    792
   791    792
   792    792
   793    792
   794    792
   795    792
   796    792
   797    792
   798    792
   799    792
   800    792
   801    792
   802    792
   803    792
   804    792
   805    792
   806    792
   807    792
   808    792
   809    792
   810    792
   811    792
   812    792
   813    792
   814    792
   815    792
   816    792
   817    792
   818    792
   822    792
   823    792
   824    792
   825    792
   826    792
   827    792
   828    792
   829    792
   830    792
   831    792
   833    792
   834    792
   835    792
   836    792
   837    792
   840    792
   841    792
   842    792
   843    792
   844    792
   845    792
   846    792
   847    792
   848    792
   849    792
   850    792
   869    792
   870    792
   871    792
   872    792
   873    792
   874    792
   875    792
   876    792
   877    792
   878    792
   882    792
   883    792
   884    792
   885    792
   886    792
   887    792
   888    792
   889    792
   899    792
   900    792
   902    792
   903    792
   904    792
   905    792
   906    792
   907    792
   908    792
   909    792
   910    792
   911    792
   912    792
   913    792
   739    793
   740    793
   741    793
   742    793
   743    793
   744    793
   750    793
   751    793
   752    793
   753    793
   754    793
   755    793
   756    793
   757    793
   758    793
   759    793
   760    793
   761    793
   762    793
   775    793
   776    793
   777    793
   778    793
   783    793
   784    793
   785    793
   786    793
   787    793
   788    793
   789    793
   790    793
   791    793
   792    793
   793    793
   794    793
   795    793
   796    793
   797    793
   798    793
   799    793
   800    793
   801    793
   802    793
   803    793
   804    793
   805    793
   806    793
   807    793
   808    793
   809    793
   810    793
   811    793
   812    793
   813    793
   814    793
   815    793
   816    793
   817    793
   818    793
   822    793
   823    793
   824    793
   825    793
   826    793
   827    793
   828    793
   829    793
   830    793
   831    793
   833    793
   834    793
   835    793
   836    793
   837    793
   838    793
   839    793
   840    793
   841    793
   842    793
   843    793
   844    793
   845    793
   846    793
   847    793
   848    793
   849    793
   850    793
   851    793
   852    793
   853    793
   855    793
   856    793
   857    793
   858    793
   859    793
   860    793
   864    793
   865    793
   866    793
   867    793
   869    793
   870    793
   871    793
   872    793
   873    793
   874    793
   875    793
   876    793
   877    793
   878    793
   882    793
   883    793
   884    793
   889    793
   890    793
   891    793
   892    793
   895    793
   897    793
   898    793
   907    793
   908    793
   909    793
   910    793
   911    793
   912    793
   913    793
   914    793
   915    793
   739    794
   740    794
   741    794
   742    794
   743    794
   744    794
   750    794
   751    794
   752    794
   753    794
   754    794
   755    794
   756    794
   757    794
   758    794
   759    794
   760    794
   761    794
   762    794
   763    794
   764    794
   775    794
   776    794
   777    794
   778    794
   779    794
   783    794
   784    794
   785    794
   786    794
   787    794
   788    794
   789    794
   790    794
   791    794
   792    794
   793    794
   794    794
   795    794
   796    794
   797    794
   798    794
   799    794
   800    794
   801    794
   803    794
   804    794
   805    794
   806    794
   807    794
   808    794
   809    794
   810    794
   811    794
   812    794
   813    794
   814    794
   815    794
   816    794
   817    794
   818    794
   819    794
   820    794
   821    794
   822    794
   823    794
   824    794
   825    794
   826    794
   827    794
   828    794
   829    794
   830    794
   831    794
   832    794
   836    794
   839    794
   840    794
   841    794
   842    794
   843    794
   844    794
   845    794
   846    794
   847    794
   848    794
   849    794
   850    794
   851    794
   852    794
   853    794
   854    794
   855    794
   856    794
   857    794
   858    794
   859    794
   860    794
   861    794
   862    794
   863    794
   864    794
   865    794
   866    794
   867    794
   868    794
   869    794
   870    794
   871    794
   872    794
   873    794
   874    794
   875    794
   876    794
   877    794
   878    794
   879    794
   880    794
   884    794
   885    794
   888    794
   889    794
   890    794
   891    794
   892    794
   893    794
   894    794
   895    794
   896    794
   897    794
   898    794
   899    794
   900    794
   901    794
   902    794
   917    794
   918    794
   919    794
   923    794
   924    794
   925    794
   926    794
   742    795
   743    795
   751    795
   752    795
   753    795
   754    795
   755    795
   756    795
   757    795
   758    795
   759    795
   760    795
   761    795
   762    795
   763    795
   775    795
   776    795
   777    795
   780    795
   783    795
   784    795
   785    795
   786    795
   787    795
   788    795
   789    795
   790    795
   791    795
   792    795
   793    795
   794    795
   795    795
   796    795
   797    795
   798    795
   799    795
   800    795
   804    795
   805    795
   806    795
   809    795
   810    795
   811    795
   812    795
   813    795
   814    795
   815    795
   816    795
   817    795
   818    795
   819    795
   820    795
   821    795
   822    795
   823    795
   824    795
   825    795
   826    795
   827    795
   828    795
   829    795
   830    795
   838    795
   839    795
   840    795
   841    795
   842    795
   843    795
   844    795
   845    795
   846    795
   847    795
   848    795
   849    795
   850    795
   851    795
   853    795
   854    795
   855    795
   856    795
   857    795
   858    795
   859    795
   860    795
   861    795
   862    795
   864    795
   865    795
   866    795
   867    795
   868    795
   869    795
   870    795
   871    795
   872    795
   873    795
   874    795
   875    795
   876    795
   877    795
   878    795
   879    795
   880    795
   884    795
   885    795
   886    795
   888    795
   889    795
   890    795
   891    795
   892    795
   893    795
   894    795
   895    795
   896    795
   897    795
   898    795
   899    795
   900    795
   901    795
   902    795
   904    795
   923    795
   924    795
   925    795
   926    795
   927    795
