   892    730
   893    730
   894    730
   895    730
   896    730
   897    730
   898    730
   899    730
   892    731
   893    731
   894    731
   895    731
   896    731
   897    731
   898    731
   899    731
   892    732
   893    732
   894    732
   895    732
   896    732
   897    732
   898    732
   899    732
   892    733
   893    733
   894    733
   895    733
   896    733
   897    733
   898    733
   899    733
   892    734
   893    734
   894    734
   895    734
   896    734
   897    734
   898    734
   899    734
   892    735
   893    735
   894    735
   895    735
   896    735
   897    735
   898    735
   899    735
   891    736
   892    736
   893    736
   894    736
   895    736
   896    736
   897    736
   898    736
   891    737
   892    737
   893    737
   894    737
   895    737
   896    737
   897    737
   898    737
   890    738
   891    738
   892    738
   893    738
   894    738
   895    738
   896    738
   897    738
   898    738
   890    739
   891    739
   892    739
   893    739
   894    739
   895    739
   896    739
   897    739
   898    739
   890    740
   891    740
   892    740
   893    740
   894    740
   895    740
   896    740
   897    740
   898    740
   890    741
   891    741
   892    741
   893    741
   894    741
   895    741
   896    741
   897    741
   898    741
   890    742
   891    742
   892    742
   893    742
   894    742
   895    742
   896    742
   897    742
   898    742
   889    743
   890    743
   891    743
   892    743
   893    743
   894    743
   895    743
   896    743
   897    743
   898    743
   889    744
   890    744
   891    744
   892    744
   893    744
   894    744
   895    744
   896    744
   897    744
   898    744
   889    745
   890    745
   891    745
   892    745
   893    745
   894    745
   895    745
   896    745
   897    745
   888    746
   889    746
   890    746
   891    746
   892    746
   893    746
   894    746
   895    746
   896    746
   897    746
   888    747
   889    747
   890    747
   891    747
   892    747
   893    747
   894    747
   895    747
   896    747
   897    747
   888    748
   889    748
   890    748
   891    748
   892    748
   893    748
   894    748
   895    748
   896    748
   897    748
   888    749
   889    749
   890    749
   891    749
   892    749
   893    749
   894    749
   895    749
   896    749
   897    749
   888    750
   889    750
   890    750
   891    750
   892    750
   893    750
   894    750
   895    750
   896    750
   897    750
   888    751
   889    751
   890    751
   891    751
   892    751
   893    751
   894    751
   895    751
   896    751
   897    751
   887    752
   888    752
   889    752
   890    752
   891    752
   892    752
   893    752
   894    752
   895    752
   896    752
   897    752
   887    753
   888    753
   889    753
   890    753
   891    753
   892    753
   893    753
   894    753
   895    753
   896    753
   887    754
   888    754
   889    754
   890    754
   891    754
   892    754
   893    754
   894    754
   895    754
   896    754
   887    755
   888    755
   889    755
   890    755
   891    755
   892    755
   893    755
   894    755
   895    755
   896    755
   887    756
   888    756
   889    756
   890    756
   891    756
   892    756
   893    756
   894    756
   895    756
   896    756
   887    757
   888    757
   889    757
   890    757
   891    757
   892    757
   893    757
   894    757
   895    757
   896    757
   886    758
   887    758
   888    758
   889    758
   890    758
   891    758
   892    758
   893    758
   894    758
   895    758
   896    758
   886    759
   887    759
   888    759
   889    759
   890    759
   891    759
   892    759
   893    759
   894    759
   895    759
   896    759
   886    760
   887    760
   888    760
   889    760
   890    760
   891    760
   892    760
   893    760
   894    760
   895    760
   896    760
   886    761
   887    761
   888    761
   889    761
   890    761
   891    761
   892    761
   893    761
   894    761
   895    761
   896    761
   885    762
   886    762
   887    762
   888    762
   889    762
   890    762
   891    762
   892    762
   893    762
   894    762
   895    762
   896    762
   885    763
   886    763
   887    763
   888    763
   889    763
   890    763
   891    763
   892    763
   893    763
   894    763
   895    763
   896    763
   885    764
   886    764
   887    764
   888    764
   889    764
   890    764
   891    764
   892    764
   893    764
   894    764
   895    764
   896    764
   885    765
   886    765
   887    765
   888    765
   889    765
   890    765
   891    765
   892    765
   893    765
   894    765
   895    765
   896    765
   884    766
   885    766
   886    766
   887    766
   888    766
   889    766
   890    766
   891    766
   892    766
   893    766
   894    766
   895    766
   884    767
   885    767
   886    767
   887    767
   888    767
   889    767
   890    767
   891    767
   892    767
   893    767
   894    767
   895    767
   884    768
   885    768
   886    768
   887    768
   888    768
   889    768
   890    768
   891    768
   892    768
   893    768
   894    768
   895    768
   883    769
   884    769
   885    769
   886    769
   887    769
   888    769
   889    769
   890    769
   891    769
   892    769
   893    769
   894    769
   895    769
   883    770
   884    770
   885    770
   886    770
   887    770
   888    770
   889    770
   890    770
   891    770
   892    770
   893    770
   894    770
   895    770
   883    771
   884    771
   885    771
   886    771
   887    771
   888    771
   889    771
   890    771
   891    771
   892    771
   893    771
   894    771
   895    771
   883    772
   884    772
   885    772
   886    772
   887    772
   888    772
   889    772
   890    772
   891    772
   892    772
   893    772
   894    772
   882    773
   883    773
   884    773
   885    773
   886    773
   887    773
   888    773
   889    773
   890    773
   891    773
   892    773
   893    773
   894    773
   883    774
   884    774
   885    774
   886    774
   887    774
   888    774
   889    774
   890    774
   891    774
   892    774
   893    774
   894    774
   883    775
   884    775
   885    775
   886    775
   887    775
   888    775
   889    775
   890    775
   891    775
   892    775
   893    775
   894    775
   883    776
   884    776
   885    776
   886    776
   887    776
   888    776
   889    776
   890    776
   891    776
   892    776
   893    776
   894    776
   884    777
   885    777
   886    777
   887    777
   888    777
   889    777
   890    777
   891    777
   892    777
   893    777
   894    777
   885    778
   886    778
   887    778
   888    778
   889    778
   890    778
   891    778
   892    778
   893    778
   894    778
   886    779
   887    779
   888    779
   889    779
   890    779
   891    779
   892    779
   893    779
   894    779
   889    780
   890    780
   891    780
   892    780
   893    780
   894    780
   858    783
   859    783
   860    783
   861    783
   862    783
   863    783
   864    783
   894    783
   859    784
   860    784
   861    784
   862    784
   863    784
   864    784
   865    784
   866    784
   867    784
   868    784
   869    784
   870    784
   871    784
   872    784
   873    784
   874    784
   875    784
   876    784
   877    784
   859    785
   860    785
   861    785
   862    785
   863    785
   864    785
   868    785
   869    785
   871    785
   872    785
   873    785
   879    785
   880    785
   881    785
   882    785
   883    785
   884    785
   885    785
   886    785
   887    785
   888    785
   889    785
   856    786
   857    786
   858    786
   859    786
   860    786
   861    786
   862    786
   863    786
   878    786
   879    786
   880    786
   881    786
   882    786
   883    786
   884    786
   885    786
   886    786
   887    786
   888    786
   889    786
   890    786
   891    786
   892    786
   893    786
   856    787
   857    787
   858    787
   859    787
   860    787
   861    787
   862    787
   863    787
   864    787
   879    787
   880    787
   881    787
   882    787
   883    787
   884    787
   885    787
   886    787
   887    787
   888    787
   889    787
   890    787
   891    787
   892    787
   893    787
   894    787
   895    787
   896    787
   897    787
   898    787
   899    787
   855    788
   856    788
   857    788
   858    788
   859    788
   860    788
   861    788
   862    788
   863    788
   864    788
   879    788
   880    788
   881    788
   882    788
   883    788
   884    788
   885    788
   886    788
   887    788
   888    788
   889    788
   890    788
   891    788
   892    788
   893    788
   894    788
   895    788
   896    788
   898    788
   900    788
   901    788
   902    788
   903    788
   904    788
   905    788
   906    788
   855    789
   856    789
   857    789
   858    789
   859    789
   860    789
   861    789
   862    789
   863    789
   864    789
   879    789
   880    789
   881    789
   882    789
   883    789
   884    789
   885    789
   886    789
   887    789
   888    789
   889    789
   890    789
   891    789
   892    789
   893    789
   894    789
   895    789
   901    789
   902    789
   903    789
   904    789
   905    789
   906    789
   907    789
   908    789
   909    789
   910    789
   911    789
   912    789
   913    789
   914    789
   915    789
   856    790
   857    790
   858    790
   859    790
   860    790
   861    790
   862    790
   863    790
   864    790
   880    790
   881    790
   882    790
   883    790
   884    790
   885    790
   886    790
   887    790
   888    790
   889    790
   890    790
   893    790
   894    790
   902    790
   907    790
   908    790
   909    790
   910    790
   911    790
   912    790
   913    790
   914    790
   915    790
   916    790
   917    790
   918    790
   855    791
   856    791
   857    791
   858    791
   859    791
   860    791
   861    791
   862    791
   863    791
   879    791
   880    791
   881    791
   882    791
   883    791
   884    791
   885    791
   886    791
   887    791
   888    791
   889    791
   890    791
   912    791
   913    791
   914    791
   915    791
   916    791
   917    791
   918    791
   921    791
   922    791
   923    791
   924    791
   925    791
   855    792
   856    792
   857    792
   858    792
   859    792
   860    792
   861    792
   862    792
   863    792
   864    792
   879    792
   880    792
   881    792
   882    792
   883    792
   884    792
   885    792
   886    792
   887    792
   888    792
   889    792
   890    792
   891    792
   892    792
   893    792
   894    792
   895    792
   896    792
   903    792
   904    792
   905    792
   906    792
   907    792
   908    792
   909    792
   910    792
   912    792
   913    792
   917    792
   918    792
   928    792
   929    792
   930    792
   855    793
   856    793
   857    793
   858    793
   859    793
   860    793
   861    793
   862    793
   863    793
   864    793
   866    793
   867    793
   868    793
   869    793
   870    793
   871    793
   872    793
   876    793
   877    793
   878    793
   879    793
   880    793
   881    793
   882    793
   883    793
   884    793
   885    793
   886    793
   887    793
   888    793
   889    793
   890    793
   891    793
   892    793
   893    793
   894    793
   895    793
   896    793
   897    793
   898    793
   899    793
   900    793
   901    793
   902    793
   903    793
   904    793
   905    793
   906    793
   907    793
   908    793
   909    793
   910    793
   911    793
   912    793
   913    793
   914    793
   915    793
   916    793
   917    793
   918    793
   919    793
   927    793
   928    793
   929    793
   930    793
   931    793
   932    793
   855    794
   856    794
   857    794
   858    794
   859    794
   860    794
   861    794
   862    794
   863    794
   864    794
   865    794
   866    794
   867    794
   868    794
   869    794
   870    794
   871    794
   872    794
   873    794
   874    794
   875    794
   876    794
   877    794
   878    794
   879    794
   880    794
   881    794
   882    794
   883    794
   884    794
   885    794
   886    794
   887    794
   888    794
   889    794
   890    794
   891    794
   892    794
   893    794
   894    794
   895    794
   896    794
   897    794
   898    794
   899    794
   900    794
   901    794
   902    794
   903    794
   904    794
   905    794
   906    794
   907    794
   908    794
   909    794
   910    794
   911    794
   912    794
   913    794
   914    794
   915    794
   916    794
   917    794
   918    794
   919    794
   922    794
   926    794
   929    794
   930    794
   931    794
   932    794
   937    794
   938    794
   939    794
   940    794
   941    794
   942    794
   943    794
   944    794
   945    794
   855    795
   856    795
   857    795
   858    795
   859    795
   860    795
   861    795
   862    795
   863    795
   864    795
   865    795
   866    795
   867    795
   868    795
   869    795
   870    795
   871    795
   872    795
   873    795
   874    795
   875    795
   876    795
   877    795
   878    795
   879    795
   880    795
   881    795
   882    795
   883    795
   884    795
   885    795
   886    795
   887    795
   888    795
   889    795
   890    795
   891    795
   892    795
   893    795
   894    795
   895    795
   896    795
   897    795
   898    795
   899    795
   900    795
   901    795
   902    795
   903    795
   904    795
   905    795
   906    795
   907    795
   908    795
   909    795
   910    795
   911    795
   912    795
   913    795
   914    795
   915    795
   916    795
   917    795
   918    795
   919    795
   922    795
   923    795
   926    795
   927    795
   928    795
   938    795
   940    795
   941    795
   942    795
   943    795
   944    795
   945    795
   946    795
   947    795
   948    795
