  1086    687
  1087    687
  1088    687
  1089    687
  1090    687
  1091    687
  1092    687
  1093    687
  1094    687
  1095    687
  1096    687
  1097    687
  1098    687
  1099    687
  1087    688
  1088    688
  1089    688
  1090    688
  1091    688
  1092    688
  1093    688
  1094    688
  1095    688
  1096    688
  1097    688
  1098    688
  1099    688
  1100    688
  1101    688
  1088    689
  1089    689
  1090    689
  1091    689
  1092    689
  1093    689
  1094    689
  1095    689
  1096    689
  1097    689
  1098    689
  1099    689
  1100    689
  1101    689
  1102    689
  1090    690
  1091    690
  1092    690
  1093    690
  1094    690
  1095    690
  1096    690
  1097    690
  1098    690
  1099    690
  1100    690
  1101    690
  1102    690
  1103    690
  1104    690
  1090    691
  1091    691
  1092    691
  1093    691
  1094    691
  1095    691
  1096    691
  1097    691
  1098    691
  1099    691
  1100    691
  1101    691
  1102    691
  1103    691
  1104    691
  1105    691
  1092    692
  1093    692
  1094    692
  1095    692
  1096    692
  1097    692
  1098    692
  1099    692
  1100    692
  1101    692
  1102    692
  1103    692
  1104    692
  1105    692
  1106    692
  1093    693
  1094    693
  1095    693
  1096    693
  1097    693
  1098    693
  1099    693
  1100    693
  1101    693
  1102    693
  1103    693
  1104    693
  1105    693
  1106    693
  1107    693
  1094    694
  1095    694
  1096    694
  1097    694
  1098    694
  1099    694
  1100    694
  1101    694
  1102    694
  1103    694
  1104    694
  1105    694
  1106    694
  1107    694
  1108    694
  1109    694
  1096    695
  1097    695
  1098    695
  1099    695
  1100    695
  1101    695
  1102    695
  1103    695
  1104    695
  1105    695
  1106    695
  1107    695
  1108    695
  1109    695
  1110    695
  1096    696
  1097    696
  1098    696
  1099    696
  1100    696
  1101    696
  1102    696
  1103    696
  1104    696
  1105    696
  1106    696
  1107    696
  1108    696
  1109    696
  1110    696
  1111    696
  1098    697
  1099    697
  1100    697
  1101    697
  1102    697
  1103    697
  1104    697
  1105    697
  1106    697
  1107    697
  1108    697
  1109    697
  1110    697
  1111    697
  1112    697
  1099    698
  1100    698
  1101    698
  1102    698
  1103    698
  1104    698
  1105    698
  1106    698
  1107    698
  1108    698
  1109    698
  1110    698
  1111    698
  1112    698
  1113    698
  1100    699
  1101    699
  1102    699
  1103    699
  1104    699
  1105    699
  1106    699
  1107    699
  1108    699
  1109    699
  1110    699
  1111    699
  1112    699
  1113    699
  1114    699
  1115    699
  1102    700
  1103    700
  1104    700
  1105    700
  1106    700
  1107    700
  1108    700
  1109    700
  1110    700
  1111    700
  1112    700
  1113    700
  1114    700
  1115    700
  1116    700
  1103    701
  1104    701
  1105    701
  1106    701
  1107    701
  1108    701
  1109    701
  1110    701
  1111    701
  1112    701
  1113    701
  1114    701
  1115    701
  1116    701
  1117    701
  1104    702
  1105    702
  1106    702
  1107    702
  1108    702
  1109    702
  1110    702
  1111    702
  1112    702
  1113    702
  1114    702
  1115    702
  1116    702
  1117    702
  1118    702
  1119    702
  1105    703
  1106    703
  1107    703
  1108    703
  1109    703
  1110    703
  1111    703
  1112    703
  1113    703
  1114    703
  1115    703
  1116    703
  1117    703
  1118    703
  1119    703
  1120    703
  1106    704
  1107    704
  1108    704
  1109    704
  1110    704
  1111    704
  1112    704
  1113    704
  1114    704
  1115    704
  1116    704
  1117    704
  1118    704
  1119    704
  1120    704
  1121    704
  1107    705
  1108    705
  1109    705
  1110    705
  1111    705
  1112    705
  1113    705
  1114    705
  1115    705
  1116    705
  1117    705
  1118    705
  1119    705
  1120    705
  1121    705
  1122    705
  1108    706
  1109    706
  1110    706
  1111    706
  1112    706
  1113    706
  1114    706
  1115    706
  1116    706
  1117    706
  1118    706
  1119    706
  1120    706
  1121    706
  1122    706
  1123    706
  1124    706
  1110    707
  1111    707
  1112    707
  1113    707
  1114    707
  1115    707
  1116    707
  1117    707
  1118    707
  1119    707
  1120    707
  1121    707
  1122    707
  1123    707
  1124    707
  1125    707
  1111    708
  1112    708
  1113    708
  1114    708
  1115    708
  1116    708
  1117    708
  1118    708
  1119    708
  1120    708
  1121    708
  1122    708
  1123    708
  1124    708
  1125    708
  1126    708
  1112    709
  1113    709
  1114    709
  1115    709
  1116    709
  1117    709
  1118    709
  1119    709
  1120    709
  1121    709
  1122    709
  1123    709
  1124    709
  1125    709
  1126    709
  1127    709
  1128    709
  1113    710
  1114    710
  1115    710
  1116    710
  1117    710
  1118    710
  1119    710
  1120    710
  1121    710
  1122    710
  1123    710
  1124    710
  1125    710
  1126    710
  1127    710
  1128    710
  1129    710
  1114    711
  1115    711
  1116    711
  1117    711
  1118    711
  1119    711
  1120    711
  1121    711
  1122    711
  1123    711
  1124    711
  1125    711
  1126    711
  1127    711
  1128    711
  1129    711
  1130    711
  1116    712
  1117    712
  1118    712
  1119    712
  1120    712
  1121    712
  1122    712
  1123    712
  1124    712
  1125    712
  1126    712
  1127    712
  1128    712
  1129    712
  1130    712
  1131    712
  1132    712
  1117    713
  1118    713
  1119    713
  1120    713
  1121    713
  1122    713
  1123    713
  1124    713
  1125    713
  1126    713
  1127    713
  1128    713
  1129    713
  1130    713
  1131    713
  1132    713
  1133    713
  1118    714
  1119    714
  1120    714
  1121    714
  1122    714
  1123    714
  1124    714
  1125    714
  1126    714
  1127    714
  1128    714
  1129    714
  1130    714
  1131    714
  1132    714
  1133    714
  1134    714
  1119    715
  1120    715
  1121    715
  1122    715
  1123    715
  1124    715
  1125    715
  1126    715
  1127    715
  1128    715
  1129    715
  1130    715
  1131    715
  1132    715
  1133    715
  1134    715
  1135    715
  1120    716
  1121    716
  1122    716
  1123    716
  1124    716
  1125    716
  1126    716
  1127    716
  1128    716
  1129    716
  1130    716
  1131    716
  1132    716
  1133    716
  1134    716
  1135    716
  1136    716
  1137    716
  1121    717
  1122    717
  1123    717
  1124    717
  1125    717
  1126    717
  1127    717
  1128    717
  1129    717
  1130    717
  1131    717
  1132    717
  1133    717
  1134    717
  1135    717
  1136    717
  1137    717
  1138    717
  1122    718
  1123    718
  1124    718
  1125    718
  1126    718
  1127    718
  1128    718
  1129    718
  1130    718
  1131    718
  1132    718
  1133    718
  1134    718
  1135    718
  1136    718
  1137    718
  1138    718
  1139    718
  1124    719
  1125    719
  1126    719
  1127    719
  1128    719
  1129    719
  1130    719
  1131    719
  1132    719
  1133    719
  1134    719
  1135    719
  1136    719
  1137    719
  1138    719
  1139    719
  1140    719
  1141    719
  1125    720
  1126    720
  1127    720
  1128    720
  1129    720
  1130    720
  1131    720
  1132    720
  1133    720
  1134    720
  1135    720
  1136    720
  1137    720
  1138    720
  1139    720
  1140    720
  1141    720
  1142    720
  1126    721
  1127    721
  1128    721
  1129    721
  1130    721
  1131    721
  1132    721
  1133    721
  1134    721
  1135    721
  1136    721
  1137    721
  1138    721
  1139    721
  1140    721
  1141    721
  1142    721
  1143    721
  1127    722
  1128    722
  1129    722
  1130    722
  1131    722
  1132    722
  1133    722
  1134    722
  1135    722
  1136    722
  1137    722
  1138    722
  1139    722
  1140    722
  1141    722
  1142    722
  1143    722
  1144    722
  1128    723
  1129    723
  1130    723
  1131    723
  1132    723
  1133    723
  1134    723
  1135    723
  1136    723
  1137    723
  1138    723
  1139    723
  1140    723
  1141    723
  1142    723
  1143    723
  1144    723
  1145    723
  1129    724
  1130    724
  1131    724
  1132    724
  1133    724
  1134    724
  1135    724
  1136    724
  1137    724
  1138    724
  1139    724
  1140    724
  1141    724
  1142    724
  1143    724
  1144    724
  1145    724
  1146    724
  1147    724
  1131    725
  1132    725
  1133    725
  1134    725
  1135    725
  1136    725
  1137    725
  1138    725
  1139    725
  1140    725
  1141    725
  1142    725
  1143    725
  1144    725
  1145    725
  1146    725
  1147    725
  1148    725
  1132    726
  1133    726
  1134    726
  1135    726
  1136    726
  1137    726
  1138    726
  1139    726
  1140    726
  1141    726
  1142    726
  1143    726
  1144    726
  1145    726
  1146    726
  1147    726
  1148    726
  1149    726
  1150    726
  1133    727
  1134    727
  1135    727
  1136    727
  1137    727
  1138    727
  1139    727
  1140    727
  1141    727
  1142    727
  1143    727
  1144    727
  1145    727
  1146    727
  1147    727
  1148    727
  1149    727
  1150    727
  1151    727
  1134    728
  1135    728
  1136    728
  1137    728
  1138    728
  1139    728
  1140    728
  1141    728
  1142    728
  1143    728
  1144    728
  1145    728
  1146    728
  1147    728
  1148    728
  1149    728
  1150    728
  1151    728
  1152    728
  1135    729
  1136    729
  1137    729
  1138    729
  1139    729
  1140    729
  1141    729
  1142    729
  1143    729
  1144    729
  1145    729
  1146    729
  1147    729
  1148    729
  1149    729
  1150    729
  1151    729
  1152    729
  1153    729
  1137    730
  1138    730
  1139    730
  1140    730
  1141    730
  1142    730
  1143    730
  1144    730
  1145    730
  1146    730
  1147    730
  1148    730
  1149    730
  1150    730
  1151    730
  1152    730
  1153    730
  1154    730
  1138    731
  1139    731
  1140    731
  1141    731
  1142    731
  1143    731
  1144    731
  1145    731
  1146    731
  1147    731
  1148    731
  1149    731
  1150    731
  1151    731
  1152    731
  1153    731
  1154    731
  1155    731
  1156    731
  1139    732
  1140    732
  1141    732
  1142    732
  1143    732
  1144    732
  1145    732
  1146    732
  1147    732
  1148    732
  1149    732
  1150    732
  1151    732
  1152    732
  1153    732
  1154    732
  1155    732
  1156    732
  1157    732
  1140    733
  1141    733
  1142    733
  1143    733
  1144    733
  1145    733
  1146    733
  1147    733
  1148    733
  1149    733
  1150    733
  1151    733
  1152    733
  1153    733
  1154    733
  1155    733
  1156    733
  1157    733
  1158    733
  1141    734
  1142    734
  1143    734
  1144    734
  1145    734
  1146    734
  1147    734
  1148    734
  1149    734
  1150    734
  1151    734
  1152    734
  1153    734
  1154    734
  1155    734
  1156    734
  1157    734
  1158    734
  1159    734
  1142    735
  1143    735
  1144    735
  1145    735
  1146    735
  1147    735
  1148    735
  1149    735
  1150    735
  1151    735
  1152    735
  1153    735
  1154    735
  1155    735
  1156    735
  1157    735
  1158    735
  1159    735
  1160    735
  1161    735
  1143    736
  1144    736
  1145    736
  1146    736
  1147    736
  1148    736
  1149    736
  1150    736
  1151    736
  1152    736
  1153    736
  1154    736
  1155    736
  1156    736
  1157    736
  1158    736
  1159    736
  1160    736
  1161    736
  1162    736
  1144    737
  1145    737
  1146    737
  1147    737
  1148    737
  1149    737
  1150    737
  1151    737
  1152    737
  1153    737
  1154    737
  1155    737
  1156    737
  1157    737
  1158    737
  1159    737
  1160    737
  1161    737
  1162    737
  1163    737
  1146    738
  1147    738
  1148    738
  1149    738
  1150    738
  1151    738
  1152    738
  1153    738
  1154    738
  1155    738
  1156    738
  1157    738
  1158    738
  1159    738
  1160    738
  1161    738
  1162    738
  1163    738
  1164    738
  1165    738
  1147    739
  1148    739
  1149    739
  1150    739
  1151    739
  1152    739
  1153    739
  1154    739
  1155    739
  1156    739
  1157    739
  1158    739
  1159    739
  1160    739
  1161    739
  1162    739
  1163    739
  1164    739
  1165    739
  1166    739
  1148    740
  1149    740
  1150    740
  1151    740
  1152    740
  1153    740
  1154    740
  1155    740
  1156    740
  1157    740
  1158    740
  1159    740
  1160    740
  1161    740
  1162    740
  1163    740
  1164    740
  1165    740
  1166    740
  1167    740
  1149    741
  1150    741
  1151    741
  1152    741
  1153    741
  1154    741
  1155    741
  1156    741
  1157    741
  1158    741
  1159    741
  1160    741
  1161    741
  1162    741
  1163    741
  1164    741
  1165    741
  1166    741
  1167    741
  1168    741
  1150    742
  1151    742
  1152    742
  1153    742
  1154    742
  1155    742
  1156    742
  1157    742
  1158    742
  1159    742
  1160    742
  1161    742
  1162    742
  1163    742
  1164    742
  1165    742
  1166    742
  1167    742
  1168    742
  1169    742
  1151    743
  1152    743
  1153    743
  1154    743
  1155    743
  1156    743
  1157    743
  1158    743
  1159    743
  1160    743
  1161    743
  1162    743
  1163    743
  1164    743
  1165    743
  1166    743
  1167    743
  1168    743
  1169    743
  1170    743
  1171    743
  1153    744
  1154    744
  1155    744
  1156    744
  1157    744
  1158    744
  1159    744
  1160    744
  1161    744
  1162    744
  1163    744
  1164    744
  1165    744
  1166    744
  1167    744
  1168    744
  1169    744
  1170    744
  1171    744
  1172    744
  1154    745
  1155    745
  1156    745
  1157    745
  1158    745
  1159    745
  1160    745
  1161    745
  1162    745
  1163    745
  1164    745
  1165    745
  1166    745
  1167    745
  1168    745
  1169    745
  1170    745
  1171    745
  1172    745
  1173    745
  1174    745
  1155    746
  1156    746
  1157    746
  1158    746
  1159    746
  1160    746
  1161    746
  1162    746
  1163    746
  1164    746
  1165    746
  1166    746
  1167    746
  1168    746
  1169    746
  1170    746
  1171    746
  1172    746
  1173    746
  1174    746
  1175    746
  1156    747
  1157    747
  1158    747
  1159    747
  1160    747
  1161    747
  1162    747
  1163    747
  1164    747
  1165    747
  1166    747
  1167    747
  1168    747
  1169    747
  1170    747
  1171    747
  1172    747
  1173    747
  1174    747
  1175    747
  1176    747
  1157    748
  1158    748
  1159    748
  1160    748
  1161    748
  1162    748
  1163    748
  1164    748
  1165    748
  1166    748
  1167    748
  1168    748
  1169    748
  1170    748
  1171    748
  1172    748
  1173    748
  1174    748
  1175    748
  1176    748
  1177    748
  1158    749
  1159    749
  1160    749
  1161    749
  1162    749
  1163    749
  1164    749
  1165    749
  1166    749
  1167    749
  1168    749
  1169    749
  1170    749
  1171    749
  1172    749
  1173    749
  1174    749
  1175    749
  1176    749
  1177    749
  1178    749
  1159    750
  1160    750
  1161    750
  1162    750
  1163    750
  1164    750
  1165    750
  1166    750
  1167    750
  1168    750
  1169    750
  1170    750
  1171    750
  1172    750
  1173    750
  1174    750
  1175    750
  1176    750
  1177    750
  1178    750
  1179    750
  1160    751
  1161    751
  1162    751
  1163    751
  1164    751
  1165    751
  1166    751
  1167    751
  1168    751
  1169    751
  1170    751
  1171    751
  1172    751
  1173    751
  1174    751
  1175    751
  1176    751
  1177    751
  1178    751
  1179    751
  1180    751
  1162    752
  1163    752
  1164    752
  1165    752
  1166    752
  1167    752
  1168    752
  1169    752
  1170    752
  1171    752
  1172    752
  1173    752
  1174    752
  1175    752
  1176    752
  1177    752
  1178    752
  1179    752
  1180    752
  1181    752
  1182    752
  1163    753
  1164    753
  1165    753
  1166    753
  1167    753
  1168    753
  1169    753
  1170    753
  1171    753
  1172    753
  1173    753
  1174    753
  1175    753
  1176    753
  1177    753
  1178    753
  1179    753
  1180    753
  1181    753
  1182    753
  1183    753
  1164    754
  1165    754
  1166    754
  1167    754
  1168    754
  1169    754
  1170    754
  1171    754
  1172    754
  1173    754
  1174    754
  1175    754
  1176    754
  1177    754
  1178    754
  1179    754
  1180    754
  1181    754
  1182    754
  1183    754
  1184    754
  1165    755
  1166    755
  1167    755
  1168    755
  1169    755
  1170    755
  1171    755
  1172    755
  1173    755
  1174    755
  1175    755
  1176    755
  1177    755
  1178    755
  1179    755
  1180    755
  1181    755
  1182    755
  1183    755
  1184    755
  1185    755
  1167    756
  1168    756
  1169    756
  1170    756
  1171    756
  1172    756
  1173    756
  1174    756
  1175    756
  1176    756
  1177    756
  1178    756
  1179    756
  1180    756
  1181    756
  1182    756
  1183    756
  1184    756
  1185    756
  1186    756
  1187    756
  1168    757
  1169    757
  1170    757
  1171    757
  1172    757
  1173    757
  1174    757
  1175    757
  1176    757
  1177    757
  1178    757
  1179    757
  1180    757
  1181    757
  1182    757
  1183    757
  1184    757
  1185    757
  1186    757
  1187    757
  1188    757
  1169    758
  1170    758
  1171    758
  1172    758
  1173    758
  1174    758
  1175    758
  1176    758
  1177    758
  1178    758
  1179    758
  1180    758
  1181    758
  1182    758
  1183    758
  1184    758
  1185    758
  1186    758
  1187    758
  1188    758
  1189    758
  1170    759
  1171    759
  1172    759
  1173    759
  1174    759
  1175    759
  1176    759
  1177    759
  1178    759
  1179    759
  1180    759
  1181    759
  1182    759
  1183    759
  1184    759
  1185    759
  1186    759
  1187    759
  1188    759
  1189    759
  1190    759
  1171    760
  1172    760
  1173    760
  1174    760
  1175    760
  1176    760
  1177    760
  1178    760
  1179    760
  1180    760
  1181    760
  1182    760
  1183    760
  1184    760
  1185    760
  1186    760
  1187    760
  1188    760
  1189    760
  1190    760
  1191    760
  1192    760
  1172    761
  1173    761
  1174    761
  1175    761
  1176    761
  1177    761
  1178    761
  1179    761
  1180    761
  1181    761
  1182    761
  1183    761
  1184    761
  1185    761
  1186    761
  1187    761
  1188    761
  1189    761
  1190    761
  1191    761
  1192    761
  1193    761
  1173    762
  1174    762
  1175    762
  1176    762
  1177    762
  1178    762
  1179    762
  1180    762
  1181    762
  1182    762
  1183    762
  1184    762
  1185    762
  1186    762
  1187    762
  1188    762
  1189    762
  1190    762
  1191    762
  1192    762
  1193    762
  1194    762
  1175    763
  1176    763
  1177    763
  1178    763
  1179    763
  1180    763
  1181    763
  1182    763
  1183    763
  1184    763
  1185    763
  1186    763
  1187    763
  1188    763
  1189    763
  1190    763
  1191    763
  1192    763
  1193    763
  1194    763
  1195    763
  1196    763
  1176    764
  1177    764
  1178    764
  1179    764
  1180    764
  1181    764
  1182    764
  1183    764
  1184    764
  1185    764
  1186    764
  1187    764
  1188    764
  1189    764
  1190    764
  1191    764
  1192    764
  1193    764
  1194    764
  1195    764
  1196    764
  1197    764
  1177    765
  1178    765
  1179    765
  1180    765
  1181    765
  1182    765
  1183    765
  1184    765
  1185    765
  1186    765
  1187    765
  1188    765
  1189    765
  1190    765
  1191    765
  1192    765
  1193    765
  1194    765
  1195    765
  1196    765
  1197    765
  1198    765
  1178    766
  1179    766
  1180    766
  1181    766
  1182    766
  1183    766
  1184    766
  1185    766
  1186    766
  1187    766
  1188    766
  1189    766
  1190    766
  1191    766
  1192    766
  1193    766
  1194    766
  1195    766
  1196    766
  1197    766
  1198    766
  1199    766
  1179    767
  1180    767
  1181    767
  1182    767
  1183    767
  1184    767
  1185    767
  1186    767
  1187    767
  1188    767
  1189    767
  1190    767
  1191    767
  1192    767
  1193    767
  1194    767
  1195    767
  1196    767
  1197    767
  1198    767
  1199    767
  1200    767
  1201    767
  1180    768
  1181    768
  1182    768
  1183    768
  1184    768
  1185    768
  1186    768
  1187    768
  1188    768
  1189    768
  1190    768
  1191    768
  1192    768
  1193    768
  1194    768
  1195    768
  1196    768
  1197    768
  1198    768
  1199    768
  1200    768
  1201    768
  1202    768
  1181    769
  1182    769
  1183    769
  1184    769
  1185    769
  1186    769
  1187    769
  1188    769
  1189    769
  1190    769
  1191    769
  1192    769
  1193    769
  1194    769
  1195    769
  1196    769
  1197    769
  1198    769
  1199    769
  1200    769
  1201    769
  1202    769
  1203    769
  1182    770
  1183    770
  1184    770
  1185    770
  1186    770
  1187    770
  1188    770
  1189    770
  1190    770
  1191    770
  1192    770
  1193    770
  1194    770
  1195    770
  1196    770
  1197    770
  1198    770
  1199    770
  1200    770
  1201    770
  1202    770
  1203    770
  1204    770
  1205    770
  1183    771
  1184    771
  1185    771
  1186    771
  1187    771
  1188    771
  1189    771
  1190    771
  1191    771
  1192    771
  1193    771
  1194    771
  1195    771
  1196    771
  1197    771
  1198    771
  1199    771
  1200    771
  1201    771
  1202    771
  1203    771
  1204    771
  1205    771
  1206    771
  1185    772
  1186    772
  1187    772
  1188    772
  1189    772
  1190    772
  1191    772
  1192    772
  1193    772
  1194    772
  1195    772
  1196    772
  1197    772
  1198    772
  1199    772
  1200    772
  1201    772
  1202    772
  1203    772
  1204    772
  1205    772
  1206    772
  1207    772
  1186    773
  1187    773
  1188    773
  1189    773
  1190    773
  1191    773
  1192    773
  1193    773
  1194    773
  1195    773
  1196    773
  1197    773
  1198    773
  1199    773
  1200    773
  1201    773
  1202    773
  1203    773
  1204    773
  1205    773
  1206    773
  1207    773
  1208    773
  1187    774
  1188    774
  1189    774
  1190    774
  1191    774
  1192    774
  1193    774
  1194    774
  1195    774
  1196    774
  1197    774
  1198    774
  1199    774
  1200    774
  1201    774
  1202    774
  1203    774
  1204    774
  1205    774
  1206    774
  1207    774
  1208    774
  1209    774
  1189    775
  1190    775
  1191    775
  1192    775
  1193    775
  1194    775
  1195    775
  1196    775
  1197    775
  1198    775
  1199    775
  1200    775
  1201    775
  1202    775
  1203    775
  1204    775
  1205    775
  1206    775
  1207    775
  1208    775
  1209    775
  1210    775
  1211    775
  1190    776
  1191    776
  1192    776
  1193    776
  1194    776
  1195    776
  1196    776
  1197    776
  1198    776
  1199    776
  1200    776
  1201    776
  1202    776
  1203    776
  1204    776
  1205    776
  1206    776
  1207    776
  1208    776
  1209    776
  1210    776
  1211    776
  1212    776
  1191    777
  1192    777
  1193    777
  1194    777
  1195    777
  1196    777
  1197    777
  1198    777
  1199    777
  1200    777
  1201    777
  1202    777
  1203    777
  1204    777
  1205    777
  1206    777
  1207    777
  1208    777
  1209    777
  1210    777
  1211    777
  1212    777
  1213    777
  1192    778
  1193    778
  1194    778
  1195    778
  1196    778
  1197    778
  1198    778
  1199    778
  1200    778
  1201    778
  1202    778
  1203    778
  1204    778
  1205    778
  1206    778
  1207    778
  1208    778
  1209    778
  1210    778
  1211    778
  1212    778
  1213    778
  1214    778
  1193    779
  1194    779
  1195    779
  1196    779
  1197    779
  1198    779
  1199    779
  1200    779
  1201    779
  1202    779
  1203    779
  1204    779
  1205    779
  1206    779
  1207    779
  1208    779
  1209    779
  1210    779
  1211    779
  1212    779
  1213    779
  1214    779
  1215    779
  1194    780
  1195    780
  1196    780
  1197    780
  1198    780
  1199    780
  1200    780
  1201    780
  1202    780
  1203    780
  1204    780
  1205    780
  1206    780
  1207    780
  1208    780
  1209    780
  1210    780
  1211    780
  1212    780
  1213    780
  1214    780
  1215    780
  1216    780
  1217    780
  1195    781
  1196    781
  1197    781
  1198    781
  1199    781
  1200    781
  1201    781
  1202    781
  1203    781
  1204    781
  1205    781
  1206    781
  1207    781
  1208    781
  1209    781
  1210    781
  1211    781
  1212    781
  1213    781
  1214    781
  1215    781
  1216    781
  1217    781
  1218    781
  1196    782
  1197    782
  1198    782
  1199    782
  1200    782
  1201    782
  1202    782
  1203    782
  1204    782
  1205    782
  1206    782
  1207    782
  1208    782
  1209    782
  1210    782
  1211    782
  1212    782
  1213    782
  1214    782
  1215    782
  1216    782
  1217    782
  1218    782
  1219    782
  1220    782
  1198    783
  1199    783
  1200    783
  1201    783
  1202    783
  1203    783
  1204    783
  1205    783
  1206    783
  1207    783
  1208    783
  1209    783
  1210    783
  1211    783
  1212    783
  1213    783
  1214    783
  1215    783
  1216    783
  1217    783
  1218    783
  1219    783
  1220    783
  1221    783
  1199    784
  1200    784
  1201    784
  1202    784
  1203    784
  1204    784
  1205    784
  1206    784
  1207    784
  1208    784
  1209    784
  1210    784
  1211    784
  1212    784
  1213    784
  1214    784
  1215    784
  1216    784
  1217    784
  1218    784
  1219    784
  1220    784
  1221    784
  1222    784
  1200    785
  1201    785
  1202    785
  1203    785
  1204    785
  1205    785
  1206    785
  1207    785
  1208    785
  1209    785
  1210    785
  1211    785
  1212    785
  1213    785
  1214    785
  1215    785
  1216    785
  1217    785
  1218    785
  1219    785
  1220    785
  1221    785
  1222    785
  1223    785
  1224    785
  1201    786
  1202    786
  1203    786
  1204    786
  1205    786
  1206    786
  1207    786
  1208    786
  1209    786
  1210    786
  1211    786
  1212    786
  1213    786
  1214    786
  1215    786
  1216    786
  1217    786
  1218    786
  1219    786
  1220    786
  1221    786
  1222    786
  1223    786
  1224    786
  1225    786
  1202    787
  1203    787
  1204    787
  1205    787
  1206    787
  1207    787
  1208    787
  1209    787
  1210    787
  1211    787
  1212    787
  1213    787
  1214    787
  1215    787
  1216    787
  1217    787
  1218    787
  1219    787
  1220    787
  1221    787
  1222    787
  1223    787
  1224    787
  1225    787
  1226    787
  1203    788
  1204    788
  1205    788
  1206    788
  1207    788
  1208    788
  1209    788
  1210    788
  1211    788
  1212    788
  1213    788
  1214    788
  1215    788
  1216    788
  1217    788
  1218    788
  1219    788
  1220    788
  1221    788
  1222    788
  1223    788
  1224    788
  1225    788
  1226    788
  1227    788
  1205    789
  1206    789
  1207    789
  1208    789
  1209    789
  1210    789
  1211    789
  1212    789
  1213    789
  1214    789
  1215    789
  1216    789
  1217    789
  1218    789
  1219    789
  1220    789
  1221    789
  1222    789
  1223    789
  1224    789
  1225    789
  1226    789
  1227    789
  1228    789
  1229    789
  1206    790
  1207    790
  1208    790
  1209    790
  1210    790
  1211    790
  1212    790
  1213    790
  1214    790
  1215    790
  1216    790
  1217    790
  1218    790
  1219    790
  1220    790
  1221    790
  1222    790
  1223    790
  1224    790
  1225    790
  1226    790
  1227    790
  1228    790
  1229    790
  1207    791
  1208    791
  1209    791
  1210    791
  1211    791
  1212    791
  1213    791
  1214    791
  1215    791
  1216    791
  1217    791
  1218    791
  1219    791
  1220    791
  1221    791
  1222    791
  1223    791
  1224    791
  1225    791
  1226    791
  1227    791
  1228    791
  1229    791
  1230    791
  1231    791
  1208    792
  1209    792
  1210    792
  1211    792
  1212    792
  1213    792
  1214    792
  1215    792
  1216    792
  1217    792
  1218    792
  1219    792
  1220    792
  1221    792
  1222    792
  1223    792
  1224    792
  1225    792
  1226    792
  1227    792
  1228    792
  1229    792
  1230    792
  1231    792
  1232    792
  1209    793
  1210    793
  1211    793
  1212    793
  1213    793
  1214    793
  1215    793
  1216    793
  1217    793
  1218    793
  1219    793
  1220    793
  1221    793
  1222    793
  1223    793
  1224    793
  1225    793
  1226    793
  1227    793
  1228    793
  1229    793
  1230    793
  1231    793
  1232    793
  1233    793
  1211    794
  1212    794
  1213    794
  1214    794
  1215    794
  1216    794
  1217    794
  1218    794
  1219    794
  1220    794
  1221    794
  1222    794
  1223    794
  1224    794
  1225    794
  1226    794
  1227    794
  1228    794
  1229    794
  1230    794
  1231    794
  1232    794
  1233    794
  1234    794
  1212    795
  1213    795
  1214    795
  1215    795
  1216    795
  1217    795
  1218    795
  1219    795
  1220    795
  1221    795
  1222    795
  1223    795
  1224    795
  1225    795
  1226    795
  1227    795
  1228    795
  1229    795
  1230    795
  1231    795
  1232    795
  1233    795
  1234    795
  1235    795
  1236    795
  1213    796
  1214    796
  1215    796
  1216    796
  1217    796
  1218    796
  1219    796
  1220    796
  1221    796
  1222    796
  1223    796
  1224    796
  1225    796
  1226    796
  1227    796
  1228    796
  1229    796
  1230    796
  1231    796
  1232    796
  1233    796
  1234    796
  1235    796
  1236    796
  1237    796
  1215    797
  1216    797
  1217    797
  1218    797
  1219    797
  1220    797
  1221    797
  1222    797
  1223    797
  1224    797
  1225    797
  1226    797
  1227    797
  1228    797
  1229    797
  1230    797
  1231    797
  1232    797
  1233    797
  1234    797
  1235    797
  1236    797
  1237    797
  1238    797
  1216    798
  1217    798
  1218    798
  1219    798
  1220    798
  1221    798
  1222    798
  1223    798
  1224    798
  1225    798
  1226    798
  1227    798
  1228    798
  1229    798
  1230    798
  1231    798
  1232    798
  1233    798
  1234    798
  1235    798
  1236    798
  1237    798
  1238    798
  1239    798
  1217    799
  1218    799
  1219    799
  1220    799
  1221    799
  1222    799
  1223    799
  1224    799
  1225    799
  1226    799
  1227    799
  1228    799
  1229    799
  1230    799
  1231    799
  1232    799
  1233    799
  1234    799
  1235    799
  1236    799
  1237    799
  1238    799
  1239    799
  1240    799
  1218    800
  1219    800
  1220    800
  1221    800
  1222    800
  1223    800
  1224    800
  1225    800
  1226    800
  1227    800
  1228    800
  1229    800
  1230    800
  1231    800
  1232    800
  1233    800
  1234    800
  1235    800
  1236    800
  1237    800
  1238    800
  1239    800
  1240    800
  1241    800
  1242    800
  1219    801
  1220    801
  1221    801
  1222    801
  1223    801
  1224    801
  1225    801
  1226    801
  1227    801
  1228    801
  1229    801
  1230    801
  1231    801
  1232    801
  1233    801
  1234    801
  1235    801
  1236    801
  1237    801
  1238    801
  1239    801
  1240    801
  1241    801
  1242    801
  1243    801
  1220    802
  1221    802
  1222    802
  1223    802
  1224    802
  1225    802
  1226    802
  1227    802
  1228    802
  1229    802
  1230    802
  1231    802
  1232    802
  1233    802
  1234    802
  1235    802
  1236    802
  1237    802
  1238    802
  1239    802
  1240    802
  1241    802
  1242    802
  1243    802
  1244    802
  1221    803
  1222    803
  1223    803
  1224    803
  1225    803
  1226    803
  1227    803
  1228    803
  1229    803
  1230    803
  1231    803
  1232    803
  1233    803
  1234    803
  1235    803
  1236    803
  1237    803
  1238    803
  1239    803
  1240    803
  1241    803
  1242    803
  1243    803
  1244    803
  1245    803
  1246    803
  1223    804
  1224    804
  1225    804
  1226    804
  1227    804
  1228    804
  1229    804
  1230    804
  1231    804
  1232    804
  1233    804
  1234    804
  1235    804
  1236    804
  1237    804
  1238    804
  1239    804
  1240    804
  1241    804
  1242    804
  1243    804
  1244    804
  1245    804
  1246    804
  1247    804
  1224    805
  1225    805
  1226    805
  1227    805
  1228    805
  1229    805
  1230    805
  1231    805
  1232    805
  1233    805
  1234    805
  1235    805
  1236    805
  1237    805
  1238    805
  1239    805
  1240    805
  1241    805
  1242    805
  1243    805
  1244    805
  1245    805
  1246    805
  1247    805
  1248    805
  1249    805
  1225    806
  1226    806
  1227    806
  1228    806
  1229    806
  1230    806
  1231    806
  1232    806
  1233    806
  1234    806
  1235    806
  1236    806
  1237    806
  1238    806
  1239    806
  1240    806
  1241    806
  1242    806
  1243    806
  1244    806
  1245    806
  1246    806
  1247    806
  1248    806
  1249    806
  1250    806
