  1099    691
  1100    691
  1101    691
  1098    692
  1099    692
  1100    692
  1101    692
  1102    692
  1103    692
  1098    693
  1099    693
  1100    693
  1101    693
  1102    693
  1103    693
  1104    693
  1097    694
  1098    694
  1099    694
  1100    694
  1101    694
  1102    694
  1103    694
  1104    694
  1105    694
  1106    694
  1096    695
  1097    695
  1098    695
  1099    695
  1100    695
  1101    695
  1102    695
  1103    695
  1104    695
  1105    695
  1106    695
  1107    695
  1095    696
  1096    696
  1097    696
  1098    696
  1099    696
  1100    696
  1101    696
  1102    696
  1103    696
  1104    696
  1105    696
  1106    696
  1107    696
  1108    696
  1096    697
  1097    697
  1098    697
  1099    697
  1100    697
  1101    697
  1102    697
  1103    697
  1104    697
  1105    697
  1106    697
  1107    697
  1108    697
  1109    697
  1097    698
  1098    698
  1099    698
  1100    698
  1101    698
  1102    698
  1103    698
  1104    698
  1105    698
  1106    698
  1107    698
  1108    698
  1109    698
  1110    698
  1111    698
  1098    699
  1099    699
  1100    699
  1101    699
  1102    699
  1103    699
  1104    699
  1105    699
  1106    699
  1107    699
  1108    699
  1109    699
  1110    699
  1111    699
  1112    699
  1099    700
  1100    700
  1101    700
  1102    700
  1103    700
  1104    700
  1105    700
  1106    700
  1107    700
  1108    700
  1109    700
  1110    700
  1111    700
  1112    700
  1113    700
  1100    701
  1101    701
  1102    701
  1103    701
  1104    701
  1105    701
  1106    701
  1107    701
  1108    701
  1109    701
  1110    701
  1111    701
  1112    701
  1113    701
  1114    701
  1115    701
  1101    702
  1102    702
  1103    702
  1104    702
  1105    702
  1106    702
  1107    702
  1108    702
  1109    702
  1110    702
  1111    702
  1112    702
  1113    702
  1114    702
  1115    702
  1116    702
  1102    703
  1103    703
  1104    703
  1105    703
  1106    703
  1107    703
  1108    703
  1109    703
  1110    703
  1111    703
  1112    703
  1113    703
  1114    703
  1115    703
  1116    703
  1117    703
  1103    704
  1104    704
  1105    704
  1106    704
  1107    704
  1108    704
  1109    704
  1110    704
  1111    704
  1112    704
  1113    704
  1114    704
  1115    704
  1116    704
  1117    704
  1118    704
  1105    705
  1106    705
  1107    705
  1108    705
  1109    705
  1110    705
  1111    705
  1112    705
  1113    705
  1114    705
  1115    705
  1116    705
  1117    705
  1118    705
  1119    705
  1120    705
  1106    706
  1107    706
  1108    706
  1109    706
  1110    706
  1111    706
  1112    706
  1113    706
  1114    706
  1115    706
  1116    706
  1117    706
  1118    706
  1119    706
  1120    706
  1121    706
  1107    707
  1108    707
  1109    707
  1110    707
  1111    707
  1112    707
  1113    707
  1114    707
  1115    707
  1116    707
  1117    707
  1118    707
  1119    707
  1120    707
  1121    707
  1122    707
  1108    708
  1109    708
  1110    708
  1111    708
  1112    708
  1113    708
  1114    708
  1115    708
  1116    708
  1117    708
  1118    708
  1119    708
  1120    708
  1121    708
  1122    708
  1123    708
  1109    709
  1110    709
  1111    709
  1112    709
  1113    709
  1114    709
  1115    709
  1116    709
  1117    709
  1118    709
  1119    709
  1120    709
  1121    709
  1122    709
  1123    709
  1124    709
  1125    709
  1110    710
  1111    710
  1112    710
  1113    710
  1114    710
  1115    710
  1116    710
  1117    710
  1118    710
  1119    710
  1120    710
  1121    710
  1122    710
  1123    710
  1124    710
  1125    710
  1126    710
  1112    711
  1113    711
  1114    711
  1115    711
  1116    711
  1117    711
  1118    711
  1119    711
  1120    711
  1121    711
  1122    711
  1123    711
  1124    711
  1125    711
  1126    711
  1127    711
  1128    711
  1113    712
  1114    712
  1115    712
  1116    712
  1117    712
  1118    712
  1119    712
  1120    712
  1121    712
  1122    712
  1123    712
  1124    712
  1125    712
  1126    712
  1127    712
  1128    712
  1129    712
  1114    713
  1115    713
  1116    713
  1117    713
  1118    713
  1119    713
  1120    713
  1121    713
  1122    713
  1123    713
  1124    713
  1125    713
  1126    713
  1127    713
  1128    713
  1129    713
  1130    713
  1115    714
  1116    714
  1117    714
  1118    714
  1119    714
  1120    714
  1121    714
  1122    714
  1123    714
  1124    714
  1125    714
  1126    714
  1127    714
  1128    714
  1129    714
  1130    714
  1131    714
  1116    715
  1117    715
  1118    715
  1119    715
  1120    715
  1121    715
  1122    715
  1123    715
  1124    715
  1125    715
  1126    715
  1127    715
  1128    715
  1129    715
  1130    715
  1131    715
  1132    715
  1133    715
  1117    716
  1118    716
  1119    716
  1120    716
  1121    716
  1122    716
  1123    716
  1124    716
  1125    716
  1126    716
  1127    716
  1128    716
  1129    716
  1130    716
  1131    716
  1132    716
  1133    716
  1134    716
  1119    717
  1120    717
  1121    717
  1122    717
  1123    717
  1124    717
  1125    717
  1126    717
  1127    717
  1128    717
  1129    717
  1130    717
  1131    717
  1132    717
  1133    717
  1134    717
  1135    717
  1120    718
  1121    718
  1122    718
  1123    718
  1124    718
  1125    718
  1126    718
  1127    718
  1128    718
  1129    718
  1130    718
  1131    718
  1132    718
  1133    718
  1134    718
  1135    718
  1136    718
  1121    719
  1122    719
  1123    719
  1124    719
  1125    719
  1126    719
  1127    719
  1128    719
  1129    719
  1130    719
  1131    719
  1132    719
  1133    719
  1134    719
  1135    719
  1136    719
  1137    719
  1122    720
  1123    720
  1124    720
  1125    720
  1126    720
  1127    720
  1128    720
  1129    720
  1130    720
  1131    720
  1132    720
  1133    720
  1134    720
  1135    720
  1136    720
  1137    720
  1138    720
  1139    720
  1123    721
  1124    721
  1125    721
  1126    721
  1127    721
  1128    721
  1129    721
  1130    721
  1131    721
  1132    721
  1133    721
  1134    721
  1135    721
  1136    721
  1137    721
  1138    721
  1139    721
  1140    721
  1124    722
  1125    722
  1126    722
  1127    722
  1128    722
  1129    722
  1130    722
  1131    722
  1132    722
  1133    722
  1134    722
  1135    722
  1136    722
  1137    722
  1138    722
  1139    722
  1140    722
  1141    722
  1125    723
  1126    723
  1127    723
  1128    723
  1129    723
  1130    723
  1131    723
  1132    723
  1133    723
  1134    723
  1135    723
  1136    723
  1137    723
  1138    723
  1139    723
  1140    723
  1141    723
  1142    723
  1143    723
  1126    724
  1127    724
  1128    724
  1129    724
  1130    724
  1131    724
  1132    724
  1133    724
  1134    724
  1135    724
  1136    724
  1137    724
  1138    724
  1139    724
  1140    724
  1141    724
  1142    724
  1143    724
  1144    724
  1128    725
  1129    725
  1130    725
  1131    725
  1132    725
  1133    725
  1134    725
  1135    725
  1136    725
  1137    725
  1138    725
  1139    725
  1140    725
  1141    725
  1142    725
  1143    725
  1144    725
  1145    725
  1129    726
  1130    726
  1131    726
  1132    726
  1133    726
  1134    726
  1135    726
  1136    726
  1137    726
  1138    726
  1139    726
  1140    726
  1141    726
  1142    726
  1143    726
  1144    726
  1145    726
  1146    726
  1130    727
  1131    727
  1132    727
  1133    727
  1134    727
  1135    727
  1136    727
  1137    727
  1138    727
  1139    727
  1140    727
  1141    727
  1142    727
  1143    727
  1144    727
  1145    727
  1146    727
  1147    727
  1148    727
  1131    728
  1132    728
  1133    728
  1134    728
  1135    728
  1136    728
  1137    728
  1138    728
  1139    728
  1140    728
  1141    728
  1142    728
  1143    728
  1144    728
  1145    728
  1146    728
  1147    728
  1148    728
  1149    728
  1132    729
  1133    729
  1134    729
  1135    729
  1136    729
  1137    729
  1138    729
  1139    729
  1140    729
  1141    729
  1142    729
  1143    729
  1144    729
  1145    729
  1146    729
  1147    729
  1148    729
  1149    729
  1150    729
  1133    730
  1134    730
  1135    730
  1136    730
  1137    730
  1138    730
  1139    730
  1140    730
  1141    730
  1142    730
  1143    730
  1144    730
  1145    730
  1146    730
  1147    730
  1148    730
  1149    730
  1150    730
  1151    730
  1135    731
  1136    731
  1137    731
  1138    731
  1139    731
  1140    731
  1141    731
  1142    731
  1143    731
  1144    731
  1145    731
  1146    731
  1147    731
  1148    731
  1149    731
  1150    731
  1151    731
  1152    731
  1153    731
  1135    732
  1136    732
  1137    732
  1138    732
  1139    732
  1140    732
  1141    732
  1142    732
  1143    732
  1144    732
  1145    732
  1146    732
  1147    732
  1148    732
  1149    732
  1150    732
  1151    732
  1152    732
  1153    732
  1154    732
  1137    733
  1138    733
  1139    733
  1140    733
  1141    733
  1142    733
  1143    733
  1144    733
  1145    733
  1146    733
  1147    733
  1148    733
  1149    733
  1150    733
  1151    733
  1152    733
  1153    733
  1154    733
  1155    733
  1138    734
  1139    734
  1140    734
  1141    734
  1142    734
  1143    734
  1144    734
  1145    734
  1146    734
  1147    734
  1148    734
  1149    734
  1150    734
  1151    734
  1152    734
  1153    734
  1154    734
  1155    734
  1156    734
  1139    735
  1140    735
  1141    735
  1142    735
  1143    735
  1144    735
  1145    735
  1146    735
  1147    735
  1148    735
  1149    735
  1150    735
  1151    735
  1152    735
  1153    735
  1154    735
  1155    735
  1156    735
  1157    735
  1158    735
  1140    736
  1141    736
  1142    736
  1143    736
  1144    736
  1145    736
  1146    736
  1147    736
  1148    736
  1149    736
  1150    736
  1151    736
  1152    736
  1153    736
  1154    736
  1155    736
  1156    736
  1157    736
  1158    736
  1159    736
  1142    737
  1143    737
  1144    737
  1145    737
  1146    737
  1147    737
  1148    737
  1149    737
  1150    737
  1151    737
  1152    737
  1153    737
  1154    737
  1155    737
  1156    737
  1157    737
  1158    737
  1159    737
  1160    737
  1143    738
  1144    738
  1145    738
  1146    738
  1147    738
  1148    738
  1149    738
  1150    738
  1151    738
  1152    738
  1153    738
  1154    738
  1155    738
  1156    738
  1157    738
  1158    738
  1159    738
  1160    738
  1161    738
  1144    739
  1145    739
  1146    739
  1147    739
  1148    739
  1149    739
  1150    739
  1151    739
  1152    739
  1153    739
  1154    739
  1155    739
  1156    739
  1157    739
  1158    739
  1159    739
  1160    739
  1161    739
  1162    739
  1163    739
  1145    740
  1146    740
  1147    740
  1148    740
  1149    740
  1150    740
  1151    740
  1152    740
  1153    740
  1154    740
  1155    740
  1156    740
  1157    740
  1158    740
  1159    740
  1160    740
  1161    740
  1162    740
  1163    740
  1164    740
  1146    741
  1147    741
  1148    741
  1149    741
  1150    741
  1151    741
  1152    741
  1153    741
  1154    741
  1155    741
  1156    741
  1157    741
  1158    741
  1159    741
  1160    741
  1161    741
  1162    741
  1163    741
  1164    741
  1165    741
  1147    742
  1148    742
  1149    742
  1150    742
  1151    742
  1152    742
  1153    742
  1154    742
  1155    742
  1156    742
  1157    742
  1158    742
  1159    742
  1160    742
  1161    742
  1162    742
  1163    742
  1164    742
  1165    742
  1166    742
  1167    742
  1148    743
  1149    743
  1150    743
  1151    743
  1152    743
  1153    743
  1154    743
  1155    743
  1156    743
  1157    743
  1158    743
  1159    743
  1160    743
  1161    743
  1162    743
  1163    743
  1164    743
  1165    743
  1166    743
  1167    743
  1168    743
  1150    744
  1151    744
  1152    744
  1153    744
  1154    744
  1155    744
  1156    744
  1157    744
  1158    744
  1159    744
  1160    744
  1161    744
  1162    744
  1163    744
  1164    744
  1165    744
  1166    744
  1167    744
  1168    744
  1169    744
  1151    745
  1152    745
  1153    745
  1154    745
  1155    745
  1156    745
  1157    745
  1158    745
  1159    745
  1160    745
  1161    745
  1162    745
  1163    745
  1164    745
  1165    745
  1166    745
  1167    745
  1168    745
  1169    745
  1170    745
  1152    746
  1153    746
  1154    746
  1155    746
  1156    746
  1157    746
  1158    746
  1159    746
  1160    746
  1161    746
  1162    746
  1163    746
  1164    746
  1165    746
  1166    746
  1167    746
  1168    746
  1169    746
  1170    746
  1171    746
  1153    747
  1154    747
  1155    747
  1156    747
  1157    747
  1158    747
  1159    747
  1160    747
  1161    747
  1162    747
  1163    747
  1164    747
  1165    747
  1166    747
  1167    747
  1168    747
  1169    747
  1170    747
  1171    747
  1172    747
  1154    748
  1155    748
  1156    748
  1157    748
  1158    748
  1159    748
  1160    748
  1161    748
  1162    748
  1163    748
  1164    748
  1165    748
  1166    748
  1167    748
  1168    748
  1169    748
  1170    748
  1171    748
  1172    748
  1173    748
  1174    748
  1155    749
  1156    749
  1157    749
  1158    749
  1159    749
  1160    749
  1161    749
  1162    749
  1163    749
  1164    749
  1165    749
  1166    749
  1167    749
  1168    749
  1169    749
  1170    749
  1171    749
  1172    749
  1173    749
  1174    749
  1175    749
  1156    750
  1157    750
  1158    750
  1159    750
  1160    750
  1161    750
  1162    750
  1163    750
  1164    750
  1165    750
  1166    750
  1167    750
  1168    750
  1169    750
  1170    750
  1171    750
  1172    750
  1173    750
  1174    750
  1175    750
  1176    750
  1158    751
  1159    751
  1160    751
  1161    751
  1162    751
  1163    751
  1164    751
  1165    751
  1166    751
  1167    751
  1168    751
  1169    751
  1170    751
  1171    751
  1172    751
  1173    751
  1174    751
  1175    751
  1176    751
  1177    751
  1178    751
  1159    752
  1160    752
  1161    752
  1162    752
  1163    752
  1164    752
  1165    752
  1166    752
  1167    752
  1168    752
  1169    752
  1170    752
  1171    752
  1172    752
  1173    752
  1174    752
  1175    752
  1176    752
  1177    752
  1178    752
  1179    752
  1160    753
  1161    753
  1162    753
  1163    753
  1164    753
  1165    753
  1166    753
  1167    753
  1168    753
  1169    753
  1170    753
  1171    753
  1172    753
  1173    753
  1174    753
  1175    753
  1176    753
  1177    753
  1178    753
  1179    753
  1180    753
  1161    754
  1162    754
  1163    754
  1164    754
  1165    754
  1166    754
  1167    754
  1168    754
  1169    754
  1170    754
  1171    754
  1172    754
  1173    754
  1174    754
  1175    754
  1176    754
  1177    754
  1178    754
  1179    754
  1180    754
  1181    754
  1162    755
  1163    755
  1164    755
  1165    755
  1166    755
  1167    755
  1168    755
  1169    755
  1170    755
  1171    755
  1172    755
  1173    755
  1174    755
  1175    755
  1176    755
  1177    755
  1178    755
  1179    755
  1180    755
  1181    755
  1182    755
  1183    755
  1163    756
  1164    756
  1165    756
  1166    756
  1167    756
  1168    756
  1169    756
  1170    756
  1171    756
  1172    756
  1173    756
  1174    756
  1175    756
  1176    756
  1177    756
  1178    756
  1179    756
  1180    756
  1181    756
  1182    756
  1183    756
  1184    756
  1164    757
  1165    757
  1166    757
  1167    757
  1168    757
  1169    757
  1170    757
  1171    757
  1172    757
  1173    757
  1174    757
  1175    757
  1176    757
  1177    757
  1178    757
  1179    757
  1180    757
  1181    757
  1182    757
  1183    757
  1184    757
  1185    757
  1166    758
  1167    758
  1168    758
  1169    758
  1170    758
  1171    758
  1172    758
  1173    758
  1174    758
  1175    758
  1176    758
  1177    758
  1178    758
  1179    758
  1180    758
  1181    758
  1182    758
  1183    758
  1184    758
  1185    758
  1186    758
  1167    759
  1168    759
  1169    759
  1170    759
  1171    759
  1172    759
  1173    759
  1174    759
  1175    759
  1176    759
  1177    759
  1178    759
  1179    759
  1180    759
  1181    759
  1182    759
  1183    759
  1184    759
  1185    759
  1186    759
  1187    759
  1168    760
  1169    760
  1170    760
  1171    760
  1172    760
  1173    760
  1174    760
  1175    760
  1176    760
  1177    760
  1178    760
  1179    760
  1180    760
  1181    760
  1182    760
  1183    760
  1184    760
  1185    760
  1186    760
  1187    760
  1188    760
  1169    761
  1170    761
  1171    761
  1172    761
  1173    761
  1174    761
  1175    761
  1176    761
  1177    761
  1178    761
  1179    761
  1180    761
  1181    761
  1182    761
  1183    761
  1184    761
  1185    761
  1186    761
  1187    761
  1188    761
  1189    761
  1190    761
  1170    762
  1171    762
  1172    762
  1173    762
  1174    762
  1175    762
  1176    762
  1177    762
  1178    762
  1179    762
  1180    762
  1181    762
  1182    762
  1183    762
  1184    762
  1185    762
  1186    762
  1187    762
  1188    762
  1189    762
  1190    762
  1172    763
  1173    763
  1174    763
  1175    763
  1176    763
  1177    763
  1178    763
  1179    763
  1180    763
  1181    763
  1182    763
  1183    763
  1184    763
  1185    763
  1186    763
  1187    763
  1188    763
  1189    763
  1190    763
  1191    763
  1192    763
  1172    764
  1173    764
  1174    764
  1175    764
  1176    764
  1177    764
  1178    764
  1179    764
  1180    764
  1181    764
  1182    764
  1183    764
  1184    764
  1185    764
  1186    764
  1187    764
  1188    764
  1189    764
  1190    764
  1191    764
  1192    764
  1193    764
  1174    765
  1175    765
  1176    765
  1177    765
  1178    765
  1179    765
  1180    765
  1181    765
  1182    765
  1183    765
  1184    765
  1185    765
  1186    765
  1187    765
  1188    765
  1189    765
  1190    765
  1191    765
  1192    765
  1193    765
  1194    765
  1175    766
  1176    766
  1177    766
  1178    766
  1179    766
  1180    766
  1181    766
  1182    766
  1183    766
  1184    766
  1185    766
  1186    766
  1187    766
  1188    766
  1189    766
  1190    766
  1191    766
  1192    766
  1193    766
  1194    766
  1195    766
  1196    766
  1176    767
  1177    767
  1178    767
  1179    767
  1180    767
  1181    767
  1182    767
  1183    767
  1184    767
  1185    767
  1186    767
  1187    767
  1188    767
  1189    767
  1190    767
  1191    767
  1192    767
  1193    767
  1194    767
  1195    767
  1196    767
  1197    767
  1177    768
  1178    768
  1179    768
  1180    768
  1181    768
  1182    768
  1183    768
  1184    768
  1185    768
  1186    768
  1187    768
  1188    768
  1189    768
  1190    768
  1191    768
  1192    768
  1193    768
  1194    768
  1195    768
  1196    768
  1197    768
  1198    768
  1178    769
  1179    769
  1180    769
  1181    769
  1182    769
  1183    769
  1184    769
  1185    769
  1186    769
  1187    769
  1188    769
  1189    769
  1190    769
  1191    769
  1192    769
  1193    769
  1194    769
  1195    769
  1196    769
  1197    769
  1198    769
  1199    769
  1200    769
  1179    770
  1180    770
  1181    770
  1182    770
  1183    770
  1184    770
  1185    770
  1186    770
  1187    770
  1188    770
  1189    770
  1190    770
  1191    770
  1192    770
  1193    770
  1194    770
  1195    770
  1196    770
  1197    770
  1198    770
  1199    770
  1200    770
  1201    770
  1180    771
  1181    771
  1182    771
  1183    771
  1184    771
  1185    771
  1186    771
  1187    771
  1188    771
  1189    771
  1190    771
  1191    771
  1192    771
  1193    771
  1194    771
  1195    771
  1196    771
  1197    771
  1198    771
  1199    771
  1200    771
  1201    771
  1202    771
  1181    772
  1182    772
  1183    772
  1184    772
  1185    772
  1186    772
  1187    772
  1188    772
  1189    772
  1190    772
  1191    772
  1192    772
  1193    772
  1194    772
  1195    772
  1196    772
  1197    772
  1198    772
  1199    772
  1200    772
  1201    772
  1202    772
  1203    772
  1204    772
  1183    773
  1184    773
  1185    773
  1186    773
  1187    773
  1188    773
  1189    773
  1190    773
  1191    773
  1192    773
  1193    773
  1194    773
  1195    773
  1196    773
  1197    773
  1198    773
  1199    773
  1200    773
  1201    773
  1202    773
  1203    773
  1204    773
  1184    774
  1185    774
  1186    774
  1187    774
  1188    774
  1189    774
  1190    774
  1191    774
  1192    774
  1193    774
  1194    774
  1195    774
  1196    774
  1197    774
  1198    774
  1199    774
  1200    774
  1201    774
  1202    774
  1203    774
  1204    774
  1205    774
  1206    774
  1185    775
  1186    775
  1187    775
  1188    775
  1189    775
  1190    775
  1191    775
  1192    775
  1193    775
  1194    775
  1195    775
  1196    775
  1197    775
  1198    775
  1199    775
  1200    775
  1201    775
  1202    775
  1203    775
  1204    775
  1205    775
  1206    775
  1207    775
  1208    775
  1186    776
  1187    776
  1188    776
  1189    776
  1190    776
  1191    776
  1192    776
  1193    776
  1194    776
  1195    776
  1196    776
  1197    776
  1198    776
  1199    776
  1200    776
  1201    776
  1202    776
  1203    776
  1204    776
  1205    776
  1206    776
  1207    776
  1208    776
  1188    777
  1189    777
  1190    777
  1191    777
  1192    777
  1193    777
  1194    777
  1195    777
  1196    777
  1197    777
  1198    777
  1199    777
  1200    777
  1201    777
  1202    777
  1203    777
  1204    777
  1205    777
  1206    777
  1207    777
  1208    777
  1209    777
  1210    777
  1189    778
  1190    778
  1191    778
  1192    778
  1193    778
  1194    778
  1195    778
  1196    778
  1197    778
  1198    778
  1199    778
  1200    778
  1201    778
  1202    778
  1203    778
  1204    778
  1205    778
  1206    778
  1207    778
  1208    778
  1209    778
  1210    778
  1211    778
  1189    779
  1190    779
  1191    779
  1192    779
  1193    779
  1194    779
  1195    779
  1196    779
  1197    779
  1198    779
  1199    779
  1200    779
  1201    779
  1202    779
  1203    779
  1204    779
  1205    779
  1206    779
  1207    779
  1208    779
  1209    779
  1210    779
  1211    779
  1212    779
  1191    780
  1192    780
  1193    780
  1194    780
  1195    780
  1196    780
  1197    780
  1198    780
  1199    780
  1200    780
  1201    780
  1202    780
  1203    780
  1204    780
  1205    780
  1206    780
  1207    780
  1208    780
  1209    780
  1210    780
  1211    780
  1212    780
  1213    780
  1214    780
  1192    781
  1193    781
  1194    781
  1195    781
  1196    781
  1197    781
  1198    781
  1199    781
  1200    781
  1201    781
  1202    781
  1203    781
  1204    781
  1205    781
  1206    781
  1207    781
  1208    781
  1209    781
  1210    781
  1211    781
  1212    781
  1213    781
  1214    781
  1215    781
  1193    782
  1194    782
  1195    782
  1196    782
  1197    782
  1198    782
  1199    782
  1200    782
  1201    782
  1202    782
  1203    782
  1204    782
  1205    782
  1206    782
  1207    782
  1208    782
  1209    782
  1210    782
  1211    782
  1212    782
  1213    782
  1214    782
  1215    782
  1216    782
  1194    783
  1195    783
  1196    783
  1197    783
  1198    783
  1199    783
  1200    783
  1201    783
  1202    783
  1203    783
  1204    783
  1205    783
  1206    783
  1207    783
  1208    783
  1209    783
  1210    783
  1211    783
  1212    783
  1213    783
  1214    783
  1215    783
  1216    783
  1217    783
  1195    784
  1196    784
  1197    784
  1198    784
  1199    784
  1200    784
  1201    784
  1202    784
  1203    784
  1204    784
  1205    784
  1206    784
  1207    784
  1208    784
  1209    784
  1210    784
  1211    784
  1212    784
  1213    784
  1214    784
  1215    784
  1216    784
  1217    784
  1218    784
  1219    784
  1197    785
  1198    785
  1199    785
  1200    785
  1201    785
  1202    785
  1203    785
  1204    785
  1205    785
  1206    785
  1207    785
  1208    785
  1209    785
  1210    785
  1211    785
  1212    785
  1213    785
  1214    785
  1215    785
  1216    785
  1217    785
  1218    785
  1219    785
  1220    785
  1198    786
  1199    786
  1200    786
  1201    786
  1202    786
  1203    786
  1204    786
  1205    786
  1206    786
  1207    786
  1208    786
  1209    786
  1210    786
  1211    786
  1212    786
  1213    786
  1214    786
  1215    786
  1216    786
  1217    786
  1218    786
  1219    786
  1220    786
  1221    786
  1199    787
  1200    787
  1201    787
  1202    787
  1203    787
  1204    787
  1205    787
  1206    787
  1207    787
  1208    787
  1209    787
  1210    787
  1211    787
  1212    787
  1213    787
  1214    787
  1215    787
  1216    787
  1217    787
  1218    787
  1219    787
  1220    787
  1221    787
  1222    787
  1200    788
  1201    788
  1202    788
  1203    788
  1204    788
  1205    788
  1206    788
  1207    788
  1208    788
  1209    788
  1210    788
  1211    788
  1212    788
  1213    788
  1214    788
  1215    788
  1216    788
  1217    788
  1218    788
  1219    788
  1220    788
  1221    788
  1222    788
  1223    788
  1201    789
  1202    789
  1203    789
  1204    789
  1205    789
  1206    789
  1207    789
  1208    789
  1209    789
  1210    789
  1211    789
  1212    789
  1213    789
  1214    789
  1215    789
  1216    789
  1217    789
  1218    789
  1219    789
  1220    789
  1221    789
  1222    789
  1223    789
  1224    789
  1225    789
  1203    790
  1204    790
  1205    790
  1206    790
  1207    790
  1208    790
  1209    790
  1210    790
  1211    790
  1212    790
  1213    790
  1214    790
  1215    790
  1216    790
  1217    790
  1218    790
  1219    790
  1220    790
  1221    790
  1222    790
  1223    790
  1224    790
  1225    790
  1226    790
  1204    791
  1205    791
  1206    791
  1207    791
  1208    791
  1209    791
  1210    791
  1211    791
  1212    791
  1213    791
  1214    791
  1215    791
  1216    791
  1217    791
  1218    791
  1219    791
  1220    791
  1221    791
  1222    791
  1223    791
  1224    791
  1225    791
  1226    791
  1227    791
  1205    792
  1206    792
  1207    792
  1208    792
  1209    792
  1210    792
  1211    792
  1212    792
  1213    792
  1214    792
  1215    792
  1216    792
  1217    792
  1218    792
  1219    792
  1220    792
  1221    792
  1222    792
  1223    792
  1224    792
  1225    792
  1226    792
  1227    792
  1228    792
  1206    793
  1207    793
  1208    793
  1209    793
  1210    793
  1211    793
  1212    793
  1213    793
  1214    793
  1215    793
  1216    793
  1217    793
  1218    793
  1219    793
  1220    793
  1221    793
  1222    793
  1223    793
  1224    793
  1225    793
  1226    793
  1227    793
  1228    793
  1229    793
  1230    793
  1207    794
  1208    794
  1209    794
  1210    794
  1211    794
  1212    794
  1213    794
  1214    794
  1215    794
  1216    794
  1217    794
  1218    794
  1219    794
  1220    794
  1221    794
  1222    794
  1223    794
  1224    794
  1225    794
  1226    794
  1227    794
  1228    794
  1229    794
  1230    794
  1231    794
  1208    795
  1209    795
  1210    795
  1211    795
  1212    795
  1213    795
  1214    795
  1215    795
  1216    795
  1217    795
  1218    795
  1219    795
  1220    795
  1221    795
  1222    795
  1223    795
  1224    795
  1225    795
  1226    795
  1227    795
  1228    795
  1229    795
  1230    795
  1231    795
  1232    795
  1209    796
  1210    796
  1211    796
  1212    796
  1213    796
  1214    796
  1215    796
  1216    796
  1217    796
  1218    796
  1219    796
  1220    796
  1221    796
  1222    796
  1223    796
  1224    796
  1225    796
  1226    796
  1227    796
  1228    796
  1229    796
  1230    796
  1231    796
  1232    796
  1233    796
  1234    796
  1211    797
  1212    797
  1213    797
  1214    797
  1215    797
  1216    797
  1217    797
  1218    797
  1219    797
  1220    797
  1221    797
  1222    797
  1223    797
  1224    797
  1225    797
  1226    797
  1227    797
  1228    797
  1229    797
  1230    797
  1231    797
  1232    797
  1233    797
  1234    797
  1235    797
  1212    798
  1213    798
  1214    798
  1215    798
  1216    798
  1217    798
  1218    798
  1219    798
  1220    798
  1221    798
  1222    798
  1223    798
  1224    798
  1225    798
  1226    798
  1227    798
  1228    798
  1229    798
  1230    798
  1231    798
  1232    798
  1233    798
  1234    798
  1235    798
  1236    798
  1213    799
  1214    799
  1215    799
  1216    799
  1217    799
  1218    799
  1219    799
  1220    799
  1221    799
  1222    799
  1223    799
  1224    799
  1225    799
  1226    799
  1227    799
  1228    799
  1229    799
  1230    799
  1231    799
  1232    799
  1233    799
  1234    799
  1235    799
  1236    799
  1237    799
  1215    800
  1216    800
  1217    800
  1218    800
  1219    800
  1220    800
  1221    800
  1222    800
  1223    800
  1224    800
  1225    800
  1226    800
  1227    800
  1228    800
  1229    800
  1230    800
  1231    800
  1232    800
  1233    800
  1234    800
  1235    800
  1236    800
  1237    800
  1238    800
  1215    801
  1216    801
  1217    801
  1218    801
  1219    801
  1220    801
  1221    801
  1222    801
  1223    801
  1224    801
  1225    801
  1226    801
  1227    801
  1228    801
  1229    801
  1230    801
  1231    801
  1232    801
  1233    801
  1234    801
  1235    801
  1236    801
  1237    801
  1238    801
  1239    801
  1240    801
  1216    802
  1217    802
  1218    802
  1219    802
  1220    802
  1221    802
  1222    802
  1223    802
  1224    802
  1225    802
  1226    802
  1227    802
  1228    802
  1229    802
  1230    802
  1231    802
  1232    802
  1233    802
  1234    802
  1235    802
  1236    802
  1237    802
  1238    802
  1239    802
  1240    802
  1241    802
  1218    803
  1219    803
  1220    803
  1221    803
  1222    803
  1223    803
  1224    803
  1225    803
  1226    803
  1227    803
  1228    803
  1229    803
  1230    803
  1231    803
  1232    803
  1233    803
  1234    803
  1235    803
  1236    803
  1237    803
  1238    803
  1239    803
  1240    803
  1241    803
  1242    803
  1219    804
  1220    804
  1221    804
  1222    804
  1223    804
  1224    804
  1225    804
  1226    804
  1227    804
  1228    804
  1229    804
  1230    804
  1231    804
  1232    804
  1233    804
  1234    804
  1235    804
  1236    804
  1237    804
  1238    804
  1239    804
  1240    804
  1241    804
  1242    804
  1243    804
  1220    805
  1221    805
  1222    805
  1223    805
  1224    805
  1225    805
  1226    805
  1227    805
  1228    805
  1229    805
  1230    805
  1231    805
  1232    805
  1233    805
  1234    805
  1235    805
  1236    805
  1237    805
  1238    805
  1239    805
  1240    805
  1241    805
  1242    805
  1243    805
  1244    805
  1245    805
