  1201    793
  1202    793
  1203    793
  1204    793
  1205    793
  1206    793
  1207    793
  1208    793
  1209    793
  1210    793
  1211    793
  1212    793
  1213    793
  1214    793
  1215    793
  1216    793
  1217    793
  1218    793
  1219    793
  1220    793
  1221    793
  1222    793
  1223    793
  1224    793
  1202    794
  1203    794
  1204    794
  1205    794
  1206    794
  1207    794
  1208    794
  1209    794
  1210    794
  1211    794
  1212    794
  1213    794
  1214    794
  1215    794
  1216    794
  1217    794
  1218    794
  1219    794
  1220    794
  1221    794
  1222    794
  1223    794
  1224    794
  1225    794
  1204    795
  1205    795
  1206    795
  1207    795
  1208    795
  1209    795
  1210    795
  1211    795
  1212    795
  1213    795
  1214    795
  1215    795
  1216    795
  1217    795
  1218    795
  1219    795
  1220    795
  1221    795
  1222    795
  1223    795
  1224    795
  1225    795
  1226    795
  1205    796
  1206    796
  1207    796
  1208    796
  1209    796
  1210    796
  1211    796
  1212    796
  1213    796
  1214    796
  1215    796
  1216    796
  1217    796
  1218    796
  1219    796
  1220    796
  1221    796
  1222    796
  1223    796
  1224    796
  1225    796
  1226    796
  1227    796
  1228    796
  1205    797
  1206    797
  1207    797
  1208    797
  1209    797
  1210    797
  1211    797
  1212    797
  1213    797
  1214    797
  1215    797
  1216    797
  1217    797
  1218    797
  1219    797
  1220    797
  1221    797
  1222    797
  1223    797
  1224    797
  1225    797
  1226    797
  1227    797
  1228    797
  1229    797
  1207    798
  1208    798
  1209    798
  1210    798
  1211    798
  1212    798
  1213    798
  1214    798
  1215    798
  1216    798
  1217    798
  1218    798
  1219    798
  1220    798
  1221    798
  1222    798
  1223    798
  1224    798
  1225    798
  1226    798
  1227    798
  1228    798
  1229    798
  1230    798
  1208    799
  1209    799
  1210    799
  1211    799
  1212    799
  1213    799
  1214    799
  1215    799
  1216    799
  1217    799
  1218    799
  1219    799
  1220    799
  1221    799
  1222    799
  1223    799
  1224    799
  1225    799
  1226    799
  1227    799
  1228    799
  1229    799
  1230    799
  1231    799
  1209    800
  1210    800
  1211    800
  1212    800
  1213    800
  1214    800
  1215    800
  1216    800
  1217    800
  1218    800
  1219    800
  1220    800
  1221    800
  1222    800
  1223    800
  1224    800
  1225    800
  1226    800
  1227    800
  1228    800
  1229    800
  1230    800
  1231    800
  1232    800
  1210    801
  1211    801
  1212    801
  1213    801
  1214    801
  1215    801
  1216    801
  1217    801
  1218    801
  1219    801
  1220    801
  1221    801
  1222    801
  1223    801
  1224    801
  1225    801
  1226    801
  1227    801
  1228    801
  1229    801
  1230    801
  1231    801
  1232    801
  1233    801
  1234    801
  1212    802
  1213    802
  1214    802
  1215    802
  1216    802
  1217    802
  1218    802
  1219    802
  1220    802
  1221    802
  1222    802
  1223    802
  1224    802
  1225    802
  1226    802
  1227    802
  1228    802
  1229    802
  1230    802
  1231    802
  1232    802
  1233    802
  1234    802
  1235    802
  1213    803
  1214    803
  1215    803
  1216    803
  1217    803
  1218    803
  1219    803
  1220    803
  1221    803
  1222    803
  1223    803
  1224    803
  1225    803
  1226    803
  1227    803
  1228    803
  1229    803
  1230    803
  1231    803
  1232    803
  1233    803
  1234    803
  1235    803
  1236    803
  1215    804
  1216    804
  1217    804
  1218    804
  1219    804
  1220    804
  1221    804
  1222    804
  1223    804
  1224    804
  1225    804
  1226    804
  1227    804
  1228    804
  1229    804
  1230    804
  1231    804
  1232    804
  1233    804
  1234    804
  1235    804
  1236    804
  1237    804
  1238    804
  1216    805
  1217    805
  1218    805
  1219    805
  1220    805
  1221    805
  1222    805
  1223    805
  1224    805
  1225    805
  1226    805
  1227    805
  1228    805
  1229    805
  1230    805
  1231    805
  1232    805
  1233    805
  1234    805
  1235    805
  1236    805
  1237    805
  1238    805
  1239    805
  1217    806
  1218    806
  1219    806
  1220    806
  1221    806
  1222    806
  1223    806
  1224    806
  1225    806
  1226    806
  1227    806
  1228    806
  1229    806
  1230    806
  1231    806
  1232    806
  1233    806
  1234    806
  1235    806
  1236    806
  1237    806
  1238    806
  1239    806
  1240    806
  1219    807
  1220    807
  1221    807
  1222    807
  1223    807
  1224    807
  1225    807
  1226    807
  1227    807
  1228    807
  1229    807
  1230    807
  1231    807
  1232    807
  1233    807
  1234    807
  1235    807
  1236    807
  1237    807
  1238    807
  1239    807
  1240    807
  1241    807
  1220    808
  1221    808
  1222    808
  1223    808
  1224    808
  1225    808
  1226    808
  1227    808
  1228    808
  1229    808
  1230    808
  1231    808
  1232    808
  1233    808
  1234    808
  1235    808
  1236    808
  1237    808
  1238    808
  1239    808
  1240    808
  1241    808
  1242    808
  1221    809
  1222    809
  1223    809
  1224    809
  1225    809
  1226    809
  1227    809
  1228    809
  1229    809
  1230    809
  1231    809
  1232    809
  1233    809
  1234    809
  1235    809
  1236    809
  1237    809
  1238    809
  1239    809
  1240    809
  1241    809
  1242    809
  1243    809
  1222    810
  1223    810
  1224    810
  1225    810
  1226    810
  1227    810
  1228    810
  1229    810
  1230    810
  1231    810
  1232    810
  1233    810
  1234    810
  1235    810
  1236    810
  1237    810
  1238    810
  1239    810
  1240    810
  1241    810
  1242    810
  1243    810
  1244    810
  1245    810
  1223    811
  1224    811
  1225    811
  1226    811
  1227    811
  1228    811
  1229    811
  1230    811
  1231    811
  1232    811
  1233    811
  1234    811
  1235    811
  1236    811
  1237    811
  1238    811
  1239    811
  1240    811
  1241    811
  1242    811
  1243    811
  1244    811
  1245    811
  1246    811
  1224    812
  1225    812
  1226    812
  1227    812
  1228    812
  1229    812
  1230    812
  1231    812
  1232    812
  1233    812
  1234    812
  1235    812
  1236    812
  1237    812
  1238    812
  1239    812
  1240    812
  1241    812
  1242    812
  1243    812
  1244    812
  1245    812
  1246    812
  1247    812
  1226    813
  1227    813
  1228    813
  1229    813
  1230    813
  1231    813
  1232    813
  1233    813
  1234    813
  1235    813
  1236    813
  1237    813
  1238    813
  1239    813
  1240    813
  1241    813
  1242    813
  1243    813
  1244    813
  1245    813
  1246    813
  1247    813
  1248    813
  1249    813
  1226    814
  1227    814
  1228    814
  1229    814
  1230    814
  1231    814
  1232    814
  1233    814
  1234    814
  1235    814
  1236    814
  1237    814
  1238    814
  1239    814
  1240    814
  1241    814
  1242    814
  1243    814
  1244    814
  1245    814
  1246    814
  1247    814
  1248    814
  1249    814
  1250    814
  1227    815
  1228    815
  1229    815
  1230    815
  1231    815
  1232    815
  1233    815
  1234    815
  1235    815
  1236    815
  1237    815
  1238    815
  1239    815
  1240    815
  1241    815
  1242    815
  1243    815
  1244    815
  1245    815
  1246    815
  1247    815
  1248    815
  1249    815
  1250    815
  1251    815
  1229    816
  1230    816
  1231    816
  1232    816
  1233    816
  1234    816
  1235    816
  1236    816
  1237    816
  1238    816
  1239    816
  1240    816
  1241    816
  1242    816
  1243    816
  1244    816
  1245    816
  1246    816
  1247    816
  1248    816
  1249    816
  1250    816
  1251    816
  1252    816
  1253    816
  1230    817
  1231    817
  1232    817
  1233    817
  1234    817
  1235    817
  1236    817
  1237    817
  1238    817
  1239    817
  1240    817
  1241    817
  1242    817
  1243    817
  1244    817
  1245    817
  1246    817
  1247    817
  1248    817
  1249    817
  1250    817
  1251    817
  1252    817
  1253    817
  1254    817
  1231    818
  1232    818
  1233    818
  1234    818
  1235    818
  1236    818
  1237    818
  1238    818
  1239    818
  1240    818
  1241    818
  1242    818
  1243    818
  1244    818
  1245    818
  1246    818
  1247    818
  1248    818
  1249    818
  1250    818
  1251    818
  1252    818
  1253    818
  1254    818
  1255    818
  1232    819
  1233    819
  1234    819
  1235    819
  1236    819
  1237    819
  1238    819
  1239    819
  1240    819
  1241    819
  1242    819
  1243    819
  1244    819
  1245    819
  1246    819
  1247    819
  1248    819
  1249    819
  1250    819
  1251    819
  1252    819
  1253    819
  1254    819
  1255    819
  1256    819
  1233    820
  1234    820
  1235    820
  1236    820
  1237    820
  1238    820
  1239    820
  1240    820
  1241    820
  1242    820
  1243    820
  1244    820
  1245    820
  1246    820
  1247    820
  1248    820
  1249    820
  1250    820
  1251    820
  1252    820
  1253    820
  1254    820
  1255    820
  1256    820
  1257    820
  1234    821
  1235    821
  1236    821
  1237    821
  1238    821
  1239    821
  1240    821
  1241    821
  1242    821
  1243    821
  1244    821
  1245    821
  1246    821
  1247    821
  1248    821
  1249    821
  1250    821
  1251    821
  1252    821
  1253    821
  1254    821
  1255    821
  1256    821
  1257    821
  1258    821
  1235    822
  1236    822
  1237    822
  1238    822
  1239    822
  1240    822
  1241    822
  1242    822
  1243    822
  1244    822
  1245    822
  1246    822
  1247    822
  1248    822
  1249    822
  1250    822
  1251    822
  1252    822
  1253    822
  1254    822
  1255    822
  1256    822
  1257    822
  1258    822
  1259    822
  1260    822
  1236    823
  1237    823
  1238    823
  1239    823
  1240    823
  1241    823
  1242    823
  1243    823
  1244    823
  1245    823
  1246    823
  1247    823
  1248    823
  1249    823
  1250    823
  1251    823
  1252    823
  1253    823
  1254    823
  1255    823
  1256    823
  1257    823
  1258    823
  1259    823
  1260    823
  1261    823
  1237    824
  1238    824
  1239    824
  1240    824
  1241    824
  1242    824
  1243    824
  1244    824
  1245    824
  1246    824
  1247    824
  1248    824
  1249    824
  1250    824
  1251    824
  1252    824
  1253    824
  1254    824
  1255    824
  1256    824
  1257    824
  1258    824
  1259    824
  1260    824
  1261    824
  1262    824
  1239    825
  1240    825
  1241    825
  1242    825
  1243    825
  1244    825
  1245    825
  1246    825
  1247    825
  1248    825
  1249    825
  1250    825
  1251    825
  1252    825
  1253    825
  1254    825
  1255    825
  1256    825
  1257    825
  1258    825
  1259    825
  1260    825
  1261    825
  1262    825
  1263    825
  1239    826
  1240    826
  1241    826
  1242    826
  1243    826
  1244    826
  1245    826
  1246    826
  1247    826
  1248    826
  1249    826
  1250    826
  1251    826
  1252    826
  1253    826
  1254    826
  1255    826
  1256    826
  1257    826
  1258    826
  1259    826
  1260    826
  1261    826
  1262    826
  1263    826
  1264    826
  1241    827
  1242    827
  1243    827
  1244    827
  1245    827
  1246    827
  1247    827
  1248    827
  1249    827
  1250    827
  1251    827
  1252    827
  1253    827
  1254    827
  1255    827
  1256    827
  1257    827
  1258    827
  1259    827
  1260    827
  1261    827
  1262    827
  1263    827
  1264    827
  1265    827
  1266    827
  1242    828
  1243    828
  1244    828
  1245    828
  1246    828
  1247    828
  1248    828
  1249    828
  1250    828
  1251    828
  1252    828
  1253    828
  1254    828
  1255    828
  1256    828
  1257    828
  1258    828
  1259    828
  1260    828
  1261    828
  1262    828
  1263    828
  1264    828
  1265    828
  1266    828
  1267    828
  1243    829
  1244    829
  1245    829
  1246    829
  1247    829
  1248    829
  1249    829
  1250    829
  1251    829
  1252    829
  1253    829
  1254    829
  1255    829
  1256    829
  1257    829
  1258    829
  1259    829
  1260    829
  1261    829
  1262    829
  1263    829
  1264    829
  1265    829
  1266    829
  1267    829
  1268    829
  1244    830
  1245    830
  1246    830
  1247    830
  1248    830
  1249    830
  1250    830
  1251    830
  1252    830
  1253    830
  1254    830
  1255    830
  1256    830
  1257    830
  1258    830
  1259    830
  1260    830
  1261    830
  1262    830
  1263    830
  1264    830
  1265    830
  1266    830
  1267    830
  1268    830
  1269    830
  1245    831
  1246    831
  1247    831
  1248    831
  1249    831
  1250    831
  1251    831
  1252    831
  1253    831
  1254    831
  1255    831
  1256    831
  1257    831
  1258    831
  1259    831
  1260    831
  1261    831
  1262    831
  1263    831
  1264    831
  1265    831
  1266    831
  1267    831
  1268    831
  1269    831
  1270    831
  1271    831
  1247    832
  1248    832
  1249    832
  1250    832
  1251    832
  1252    832
  1253    832
  1254    832
  1255    832
  1256    832
  1257    832
  1258    832
  1259    832
  1260    832
  1261    832
  1262    832
  1263    832
  1264    832
  1265    832
  1266    832
  1267    832
  1268    832
  1269    832
  1270    832
  1271    832
  1272    832
  1248    833
  1249    833
  1250    833
  1251    833
  1252    833
  1253    833
  1254    833
  1255    833
  1256    833
  1257    833
  1258    833
  1259    833
  1260    833
  1261    833
  1262    833
  1263    833
  1264    833
  1265    833
  1266    833
  1267    833
  1268    833
  1269    833
  1270    833
  1271    833
  1272    833
  1273    833
  1249    834
  1250    834
  1251    834
  1252    834
  1253    834
  1254    834
  1255    834
  1256    834
  1257    834
  1258    834
  1259    834
  1260    834
  1261    834
  1262    834
  1263    834
  1264    834
  1265    834
  1266    834
  1267    834
  1268    834
  1269    834
  1270    834
  1271    834
  1272    834
  1273    834
  1274    834
  1275    834
  1250    835
  1251    835
  1252    835
  1253    835
  1254    835
  1255    835
  1256    835
  1257    835
  1258    835
  1259    835
  1260    835
  1261    835
  1262    835
  1263    835
  1264    835
  1265    835
  1266    835
  1267    835
  1268    835
  1269    835
  1270    835
  1271    835
  1272    835
  1273    835
  1274    835
  1275    835
  1251    836
  1252    836
  1253    836
  1254    836
  1255    836
  1256    836
  1257    836
  1258    836
  1259    836
  1260    836
  1261    836
  1262    836
  1263    836
  1264    836
  1265    836
  1266    836
  1267    836
  1268    836
  1269    836
  1270    836
  1271    836
  1272    836
  1273    836
  1274    836
  1275    836
  1276    836
  1277    836
  1253    837
  1254    837
  1255    837
  1256    837
  1257    837
  1258    837
  1259    837
  1260    837
  1261    837
  1262    837
  1263    837
  1264    837
  1265    837
  1266    837
  1267    837
  1268    837
  1269    837
  1270    837
  1271    837
  1272    837
  1273    837
  1274    837
  1275    837
  1276    837
  1277    837
  1278    837
  1254    838
  1255    838
  1256    838
  1257    838
  1258    838
  1259    838
  1260    838
  1261    838
  1262    838
  1263    838
  1264    838
  1265    838
  1266    838
  1267    838
  1268    838
  1269    838
  1270    838
  1271    838
  1272    838
  1273    838
  1274    838
  1275    838
  1276    838
  1277    838
  1278    838
  1279    838
  1255    839
  1256    839
  1257    839
  1258    839
  1259    839
  1260    839
  1261    839
  1262    839
  1263    839
  1264    839
  1265    839
  1266    839
  1267    839
  1268    839
  1269    839
  1270    839
  1271    839
  1272    839
  1273    839
  1274    839
  1275    839
  1276    839
  1277    839
  1278    839
  1279    839
  1280    839
  1281    839
  1256    840
  1257    840
  1258    840
  1259    840
  1260    840
  1261    840
  1262    840
  1263    840
  1264    840
  1265    840
  1266    840
  1267    840
  1268    840
  1269    840
  1270    840
  1271    840
  1272    840
  1273    840
  1274    840
  1275    840
  1276    840
  1277    840
  1278    840
  1279    840
  1280    840
  1281    840
  1282    840
  1257    841
  1258    841
  1259    841
  1260    841
  1261    841
  1262    841
  1263    841
  1264    841
  1265    841
  1266    841
  1267    841
  1268    841
  1269    841
  1270    841
  1271    841
  1272    841
  1273    841
  1274    841
  1275    841
  1276    841
  1277    841
  1278    841
  1279    841
  1280    841
  1281    841
  1282    841
  1283    841
  1258    842
  1259    842
  1260    842
  1261    842
  1262    842
  1263    842
  1264    842
  1265    842
  1266    842
  1267    842
  1268    842
  1269    842
  1270    842
  1271    842
  1272    842
  1273    842
  1274    842
  1275    842
  1276    842
  1277    842
  1278    842
  1279    842
  1280    842
  1281    842
  1282    842
  1283    842
  1284    842
  1285    842
  1259    843
  1260    843
  1261    843
  1262    843
  1263    843
  1264    843
  1265    843
  1266    843
  1267    843
  1268    843
  1269    843
  1270    843
  1271    843
  1272    843
  1273    843
  1274    843
  1275    843
  1276    843
  1277    843
  1278    843
  1279    843
  1280    843
  1281    843
  1282    843
  1283    843
  1284    843
  1285    843
  1286    843
  1261    844
  1262    844
  1263    844
  1264    844
  1265    844
  1266    844
  1267    844
  1268    844
  1269    844
  1270    844
  1271    844
  1272    844
  1273    844
  1274    844
  1275    844
  1276    844
  1277    844
  1278    844
  1279    844
  1280    844
  1281    844
  1282    844
  1283    844
  1284    844
  1285    844
  1286    844
  1287    844
  1262    845
  1263    845
  1264    845
  1265    845
  1266    845
  1267    845
  1268    845
  1269    845
  1270    845
  1271    845
  1272    845
  1273    845
  1274    845
  1275    845
  1276    845
  1277    845
  1278    845
  1279    845
  1280    845
  1281    845
  1282    845
  1283    845
  1284    845
  1285    845
  1286    845
  1287    845
  1288    845
  1263    846
  1264    846
  1265    846
  1266    846
  1267    846
  1268    846
  1269    846
  1270    846
  1271    846
  1272    846
  1273    846
  1274    846
  1275    846
  1276    846
  1277    846
  1278    846
  1279    846
  1280    846
  1281    846
  1282    846
  1283    846
  1284    846
  1285    846
  1286    846
  1287    846
  1288    846
  1289    846
  1264    847
  1265    847
  1266    847
  1267    847
  1268    847
  1269    847
  1270    847
  1271    847
  1272    847
  1273    847
  1274    847
  1275    847
  1276    847
  1277    847
  1278    847
  1279    847
  1280    847
  1281    847
  1282    847
  1283    847
  1284    847
  1285    847
  1286    847
  1287    847
  1288    847
  1289    847
  1290    847
  1265    848
  1266    848
  1267    848
  1268    848
  1269    848
  1270    848
  1271    848
  1272    848
  1273    848
  1274    848
  1275    848
  1276    848
  1277    848
  1278    848
  1279    848
  1280    848
  1281    848
  1282    848
  1283    848
  1284    848
  1285    848
  1286    848
  1287    848
  1288    848
  1289    848
  1290    848
  1291    848
  1266    849
  1267    849
  1268    849
  1269    849
  1270    849
  1271    849
  1272    849
  1273    849
  1274    849
  1275    849
  1276    849
  1277    849
  1278    849
  1279    849
  1280    849
  1281    849
  1282    849
  1283    849
  1284    849
  1285    849
  1286    849
  1287    849
  1288    849
  1289    849
  1290    849
  1291    849
  1292    849
  1293    849
  1268    850
  1269    850
  1270    850
  1271    850
  1272    850
  1273    850
  1274    850
  1275    850
  1276    850
  1277    850
  1278    850
  1279    850
  1280    850
  1281    850
  1282    850
  1283    850
  1284    850
  1285    850
  1286    850
  1287    850
  1288    850
  1289    850
  1290    850
  1291    850
  1292    850
  1293    850
  1269    851
  1270    851
  1271    851
  1272    851
  1273    851
  1274    851
  1275    851
  1276    851
  1277    851
  1278    851
  1279    851
  1280    851
  1281    851
  1282    851
  1283    851
  1284    851
  1285    851
  1286    851
  1287    851
  1288    851
  1289    851
  1290    851
  1291    851
  1292    851
  1293    851
  1294    851
  1270    852
  1271    852
  1272    852
  1273    852
  1274    852
  1275    852
  1276    852
  1277    852
  1278    852
  1279    852
  1280    852
  1281    852
  1282    852
  1283    852
  1284    852
  1285    852
  1286    852
  1287    852
  1288    852
  1289    852
  1290    852
  1291    852
  1292    852
  1293    852
  1294    852
  1295    852
  1296    852
  1271    853
  1272    853
  1273    853
  1274    853
  1275    853
  1276    853
  1277    853
  1278    853
  1279    853
  1280    853
  1281    853
  1282    853
  1283    853
  1284    853
  1285    853
  1286    853
  1287    853
  1288    853
  1289    853
  1290    853
  1291    853
  1292    853
  1293    853
  1294    853
  1295    853
  1296    853
  1297    853
  1298    853
  1272    854
  1273    854
  1274    854
  1275    854
  1276    854
  1277    854
  1278    854
  1279    854
  1280    854
  1281    854
  1282    854
  1283    854
  1284    854
  1285    854
  1286    854
  1287    854
  1288    854
  1289    854
  1290    854
  1291    854
  1292    854
  1293    854
  1294    854
  1295    854
  1296    854
  1297    854
  1298    854
  1299    854
  1273    855
  1274    855
  1275    855
  1276    855
  1277    855
  1278    855
  1279    855
  1280    855
  1281    855
  1282    855
  1283    855
  1284    855
  1285    855
  1286    855
  1287    855
  1288    855
  1289    855
  1290    855
  1291    855
  1292    855
  1293    855
  1294    855
  1295    855
  1296    855
  1297    855
  1298    855
  1299    855
  1300    855
  1274    856
  1275    856
  1276    856
  1277    856
  1278    856
  1279    856
  1280    856
  1281    856
  1282    856
  1283    856
  1284    856
  1285    856
  1286    856
  1287    856
  1288    856
  1289    856
  1290    856
  1291    856
  1292    856
  1293    856
  1294    856
  1295    856
  1296    856
  1297    856
  1298    856
  1299    856
  1300    856
  1301    856
  1302    856
  1275    857
  1276    857
  1277    857
  1278    857
  1279    857
  1280    857
  1281    857
  1282    857
  1283    857
  1284    857
  1285    857
  1286    857
  1287    857
  1288    857
  1289    857
  1290    857
  1291    857
  1292    857
  1293    857
  1294    857
  1295    857
  1296    857
  1297    857
  1298    857
  1299    857
  1300    857
  1301    857
  1302    857
  1303    857
  1277    858
  1278    858
  1279    858
  1280    858
  1281    858
  1282    858
  1283    858
  1284    858
  1285    858
  1286    858
  1287    858
  1288    858
  1289    858
  1290    858
  1291    858
  1292    858
  1293    858
  1294    858
  1295    858
  1296    858
  1297    858
  1298    858
  1299    858
  1300    858
  1301    858
  1302    858
  1303    858
  1304    858
  1305    858
  1277    859
  1278    859
  1279    859
  1280    859
  1281    859
  1282    859
  1283    859
  1284    859
  1285    859
  1286    859
  1287    859
  1288    859
  1289    859
  1290    859
  1291    859
  1292    859
  1293    859
  1294    859
  1295    859
  1296    859
  1297    859
  1298    859
  1299    859
  1300    859
  1301    859
  1302    859
  1303    859
  1304    859
  1305    859
  1306    859
  1279    860
  1280    860
  1281    860
  1282    860
  1283    860
  1284    860
  1285    860
  1286    860
  1287    860
  1288    860
  1289    860
  1290    860
  1291    860
  1292    860
  1293    860
  1294    860
  1295    860
  1296    860
  1297    860
  1298    860
  1299    860
  1300    860
  1301    860
  1302    860
  1303    860
  1304    860
  1305    860
  1306    860
  1307    860
  1280    861
  1281    861
  1282    861
  1283    861
  1284    861
  1285    861
  1286    861
  1287    861
  1288    861
  1289    861
  1290    861
  1291    861
  1292    861
  1293    861
  1294    861
  1295    861
  1296    861
  1297    861
  1298    861
  1299    861
  1300    861
  1301    861
  1302    861
  1303    861
  1304    861
  1305    861
  1306    861
  1307    861
  1308    861
  1281    862
  1282    862
  1283    862
  1284    862
  1285    862
  1286    862
  1287    862
  1288    862
  1289    862
  1290    862
  1291    862
  1292    862
  1293    862
  1294    862
  1295    862
  1296    862
  1297    862
  1298    862
  1299    862
  1300    862
  1301    862
  1302    862
  1303    862
  1304    862
  1305    862
  1306    862
  1307    862
  1308    862
  1309    862
  1283    863
  1284    863
  1285    863
  1286    863
  1287    863
  1288    863
  1289    863
  1290    863
  1291    863
  1292    863
  1293    863
  1294    863
  1295    863
  1296    863
  1297    863
  1298    863
  1299    863
  1300    863
  1301    863
  1302    863
  1303    863
  1304    863
  1305    863
  1306    863
  1307    863
  1308    863
  1309    863
  1310    863
  1284    864
  1285    864
  1286    864
  1287    864
  1288    864
  1289    864
  1290    864
  1291    864
  1292    864
  1293    864
  1294    864
  1295    864
  1296    864
  1297    864
  1298    864
  1299    864
  1300    864
  1301    864
  1302    864
  1303    864
  1304    864
  1305    864
  1306    864
  1307    864
  1308    864
  1309    864
  1310    864
  1311    864
  1284    865
  1285    865
  1286    865
  1287    865
  1288    865
  1289    865
  1290    865
  1291    865
  1292    865
  1293    865
  1294    865
  1295    865
  1296    865
  1297    865
  1298    865
  1299    865
  1300    865
  1301    865
  1302    865
  1303    865
  1304    865
  1305    865
  1306    865
  1307    865
  1308    865
  1309    865
  1310    865
  1311    865
  1312    865
  1313    865
  1286    866
  1287    866
  1288    866
  1289    866
  1290    866
  1291    866
  1292    866
  1293    866
  1294    866
  1295    866
  1296    866
  1297    866
  1298    866
  1299    866
  1300    866
  1301    866
  1302    866
  1303    866
  1304    866
  1305    866
  1306    866
  1307    866
  1308    866
  1309    866
  1310    866
  1311    866
  1312    866
  1313    866
  1314    866
  1287    867
  1288    867
  1289    867
  1290    867
  1291    867
  1292    867
  1293    867
  1294    867
  1295    867
  1296    867
  1297    867
  1298    867
  1299    867
  1300    867
  1301    867
  1302    867
  1303    867
  1304    867
  1305    867
  1306    867
  1307    867
  1308    867
  1309    867
  1310    867
  1311    867
  1312    867
  1313    867
  1314    867
  1315    867
  1288    868
  1289    868
  1290    868
  1291    868
  1292    868
  1293    868
  1294    868
  1295    868
  1296    868
  1297    868
  1298    868
  1299    868
  1300    868
  1301    868
  1302    868
  1303    868
  1304    868
  1305    868
  1306    868
  1307    868
  1308    868
  1309    868
  1310    868
  1311    868
  1312    868
  1313    868
  1314    868
  1315    868
  1316    868
  1317    868
  1289    869
  1290    869
  1291    869
  1292    869
  1293    869
  1294    869
  1295    869
  1296    869
  1297    869
  1298    869
  1299    869
  1300    869
  1301    869
  1302    869
  1303    869
  1304    869
  1305    869
  1306    869
  1307    869
  1308    869
  1309    869
  1310    869
  1311    869
  1312    869
  1313    869
  1314    869
  1315    869
  1316    869
  1317    869
  1318    869
  1290    870
  1291    870
  1292    870
  1293    870
  1294    870
  1295    870
  1296    870
  1297    870
  1298    870
  1299    870
  1300    870
  1301    870
  1302    870
  1303    870
  1304    870
  1305    870
  1306    870
  1307    870
  1308    870
  1309    870
  1310    870
  1311    870
  1312    870
  1313    870
  1314    870
  1315    870
  1316    870
  1317    870
  1318    870
  1319    870
  1291    871
  1292    871
  1293    871
  1294    871
  1295    871
  1296    871
  1297    871
  1298    871
  1299    871
  1300    871
  1301    871
  1302    871
  1303    871
  1304    871
  1305    871
  1306    871
  1307    871
  1308    871
  1309    871
  1310    871
  1311    871
  1312    871
  1313    871
  1314    871
  1315    871
  1316    871
  1317    871
  1318    871
  1319    871
  1320    871
  1293    872
  1294    872
  1295    872
  1296    872
  1297    872
  1298    872
  1299    872
  1300    872
  1301    872
  1302    872
  1303    872
  1304    872
  1305    872
  1306    872
  1307    872
  1308    872
  1309    872
  1310    872
  1311    872
  1312    872
  1313    872
  1314    872
  1315    872
  1316    872
  1317    872
  1318    872
  1319    872
  1320    872
  1321    872
  1294    873
  1295    873
  1296    873
  1297    873
  1298    873
  1299    873
  1300    873
  1301    873
  1302    873
  1303    873
  1304    873
  1305    873
  1306    873
  1307    873
  1308    873
  1309    873
  1310    873
  1311    873
  1312    873
  1313    873
  1314    873
  1315    873
  1316    873
  1317    873
  1318    873
  1319    873
  1320    873
  1321    873
  1322    873
  1294    874
  1295    874
  1296    874
  1297    874
  1298    874
  1299    874
  1300    874
  1301    874
  1302    874
  1303    874
  1304    874
  1305    874
  1306    874
  1307    874
  1308    874
  1309    874
  1310    874
  1311    874
  1312    874
  1313    874
  1314    874
  1315    874
  1316    874
  1317    874
  1318    874
  1319    874
  1320    874
  1321    874
  1322    874
  1323    874
  1324    874
  1296    875
  1297    875
  1298    875
  1299    875
  1300    875
  1301    875
  1302    875
  1303    875
  1304    875
  1305    875
  1306    875
  1307    875
  1308    875
  1309    875
  1310    875
  1311    875
  1312    875
  1313    875
  1314    875
  1315    875
  1316    875
  1317    875
  1318    875
  1319    875
  1320    875
  1321    875
  1322    875
  1323    875
  1324    875
  1325    875
  1297    876
  1298    876
  1299    876
  1300    876
  1301    876
  1302    876
  1303    876
  1304    876
  1305    876
  1306    876
  1307    876
  1308    876
  1309    876
  1310    876
  1311    876
  1312    876
  1313    876
  1314    876
  1315    876
  1316    876
  1317    876
  1318    876
  1319    876
  1320    876
  1321    876
  1322    876
  1323    876
  1324    876
  1325    876
  1326    876
  1327    876
  1299    877
  1300    877
  1301    877
  1302    877
  1303    877
  1304    877
  1305    877
  1306    877
  1307    877
  1308    877
  1309    877
  1310    877
  1311    877
  1312    877
  1313    877
  1314    877
  1315    877
  1316    877
  1317    877
  1318    877
  1319    877
  1320    877
  1321    877
  1322    877
  1323    877
  1324    877
  1325    877
  1326    877
  1327    877
  1328    877
  1300    878
  1301    878
  1302    878
  1303    878
  1304    878
  1305    878
  1306    878
  1307    878
  1308    878
  1309    878
  1310    878
  1311    878
  1312    878
  1313    878
  1314    878
  1315    878
  1316    878
  1317    878
  1318    878
  1319    878
  1320    878
  1321    878
  1322    878
  1323    878
  1324    878
  1325    878
  1326    878
  1327    878
  1328    878
  1329    878
  1301    879
  1302    879
  1303    879
  1304    879
  1305    879
  1306    879
  1307    879
  1308    879
  1309    879
  1310    879
  1311    879
  1312    879
  1313    879
  1314    879
  1315    879
  1316    879
  1317    879
  1318    879
  1319    879
  1320    879
  1321    879
  1322    879
  1323    879
  1324    879
  1325    879
  1326    879
  1327    879
  1328    879
  1329    879
  1330    879
  1302    880
  1303    880
  1304    880
  1305    880
  1306    880
  1307    880
  1308    880
  1309    880
  1310    880
  1311    880
  1312    880
  1313    880
  1314    880
  1315    880
  1316    880
  1317    880
  1318    880
  1319    880
  1320    880
  1321    880
  1322    880
  1323    880
  1324    880
  1325    880
  1326    880
  1327    880
  1328    880
  1329    880
  1330    880
  1331    880
  1303    881
  1304    881
  1305    881
  1306    881
  1307    881
  1308    881
  1309    881
  1310    881
  1311    881
  1312    881
  1313    881
  1314    881
  1315    881
  1316    881
  1317    881
  1318    881
  1319    881
  1320    881
  1321    881
  1322    881
  1323    881
  1324    881
  1325    881
  1326    881
  1327    881
  1328    881
  1329    881
  1330    881
  1331    881
  1332    881
  1304    882
  1305    882
  1306    882
  1307    882
  1308    882
  1309    882
  1310    882
  1311    882
  1312    882
  1313    882
  1314    882
  1315    882
  1316    882
  1317    882
  1318    882
  1319    882
  1320    882
  1321    882
  1322    882
  1323    882
  1324    882
  1325    882
  1326    882
  1327    882
  1328    882
  1329    882
  1330    882
  1331    882
  1332    882
  1305    883
  1306    883
  1307    883
  1308    883
  1309    883
  1310    883
  1311    883
  1312    883
  1313    883
  1314    883
  1315    883
  1316    883
  1317    883
  1318    883
  1319    883
  1320    883
  1321    883
  1322    883
  1323    883
  1324    883
  1325    883
  1326    883
  1327    883
  1328    883
  1329    883
  1330    883
  1331    883
  1332    883
  1333    883
  1307    884
  1308    884
  1309    884
  1310    884
  1311    884
  1312    884
  1313    884
  1314    884
  1315    884
  1316    884
  1317    884
  1318    884
  1319    884
  1320    884
  1321    884
  1322    884
  1323    884
  1324    884
  1325    884
  1326    884
  1327    884
  1328    884
  1329    884
  1330    884
  1331    884
  1332    884
  1333    884
  1334    884
  1308    885
  1309    885
  1310    885
  1311    885
  1312    885
  1313    885
  1314    885
  1315    885
  1316    885
  1317    885
  1318    885
  1319    885
  1320    885
  1321    885
  1322    885
  1323    885
  1324    885
  1325    885
  1326    885
  1327    885
  1328    885
  1329    885
  1330    885
  1331    885
  1332    885
  1333    885
  1334    885
  1335    885
  1336    885
  1337    885
  1308    886
  1309    886
  1310    886
  1311    886
  1312    886
  1313    886
  1314    886
  1315    886
  1316    886
  1317    886
  1318    886
  1319    886
  1320    886
  1321    886
  1322    886
  1323    886
  1324    886
  1325    886
  1326    886
  1327    886
  1328    886
  1329    886
  1330    886
  1331    886
  1332    886
  1333    886
  1334    886
  1335    886
  1336    886
  1337    886
  1338    886
  1339    886
  1309    887
  1310    887
  1311    887
  1312    887
  1313    887
  1314    887
  1315    887
  1316    887
  1317    887
  1318    887
  1319    887
  1320    887
  1321    887
  1322    887
  1323    887
  1324    887
  1325    887
  1326    887
  1327    887
  1328    887
  1329    887
  1330    887
  1331    887
  1332    887
  1333    887
  1334    887
  1335    887
  1336    887
  1337    887
  1338    887
  1339    887
  1311    888
  1312    888
  1313    888
  1314    888
  1315    888
  1316    888
  1317    888
  1318    888
  1319    888
  1320    888
  1321    888
  1322    888
  1323    888
  1324    888
  1325    888
  1326    888
  1327    888
  1328    888
  1329    888
  1330    888
  1331    888
  1332    888
  1333    888
  1334    888
  1335    888
  1336    888
  1337    888
  1338    888
  1339    888
  1340    888
  1341    888
  1312    889
  1313    889
  1314    889
  1315    889
  1316    889
  1317    889
  1318    889
  1319    889
  1320    889
  1321    889
  1322    889
  1323    889
  1324    889
  1325    889
  1326    889
  1327    889
  1328    889
  1329    889
  1330    889
  1331    889
  1332    889
  1333    889
  1334    889
  1335    889
  1336    889
  1337    889
  1338    889
  1339    889
  1340    889
  1341    889
  1313    890
  1314    890
  1315    890
  1316    890
  1317    890
  1318    890
  1319    890
  1320    890
  1321    890
  1322    890
  1323    890
  1324    890
  1325    890
  1326    890
  1327    890
  1328    890
  1329    890
  1330    890
  1331    890
  1332    890
  1333    890
  1334    890
  1335    890
  1336    890
  1337    890
  1338    890
  1339    890
  1314    891
  1315    891
  1316    891
  1317    891
  1318    891
  1319    891
  1320    891
  1321    891
  1322    891
  1323    891
  1324    891
  1325    891
  1326    891
  1327    891
  1328    891
  1329    891
  1330    891
  1331    891
  1332    891
  1333    891
  1334    891
  1335    891
  1336    891
  1337    891
  1316    892
  1317    892
  1318    892
  1319    892
  1320    892
  1321    892
  1322    892
  1323    892
  1324    892
  1325    892
  1326    892
  1327    892
  1328    892
  1329    892
  1330    892
  1331    892
  1332    892
  1316    893
  1317    893
  1318    893
  1319    893
  1320    893
  1321    893
  1322    893
  1323    893
  1324    893
  1325    893
  1326    893
  1327    893
  1328    893
  1316    894
  1317    894
  1318    894
  1319    894
  1320    894
  1321    894
  1322    894
  1323    894
  1324    894
  1318    895
  1319    895
  1320    895
  1320    896
  1321    896
  1321    897
  1322    897
  1323    897
