  1077    687
  1078    687
  1079    687
  1080    687
  1081    687
  1082    687
  1083    687
  1084    687
  1085    687
  1086    687
  1087    687
  1088    687
  1089    687
  1090    687
  1078    688
  1079    688
  1080    688
  1081    688
  1082    688
  1083    688
  1084    688
  1085    688
  1086    688
  1087    688
  1088    688
  1089    688
  1090    688
  1091    688
  1092    688
  1079    689
  1080    689
  1081    689
  1082    689
  1083    689
  1084    689
  1085    689
  1086    689
  1087    689
  1088    689
  1089    689
  1090    689
  1091    689
  1092    689
  1093    689
  1081    690
  1082    690
  1083    690
  1084    690
  1085    690
  1086    690
  1087    690
  1088    690
  1089    690
  1090    690
  1091    690
  1092    690
  1093    690
  1094    690
  1081    691
  1082    691
  1083    691
  1084    691
  1085    691
  1086    691
  1087    691
  1088    691
  1089    691
  1090    691
  1091    691
  1092    691
  1093    691
  1094    691
  1095    691
  1083    692
  1084    692
  1085    692
  1086    692
  1087    692
  1088    692
  1089    692
  1090    692
  1091    692
  1092    692
  1093    692
  1094    692
  1095    692
  1096    692
  1084    693
  1085    693
  1086    693
  1087    693
  1088    693
  1089    693
  1090    693
  1091    693
  1092    693
  1093    693
  1094    693
  1095    693
  1096    693
  1097    693
  1085    694
  1086    694
  1087    694
  1088    694
  1089    694
  1090    694
  1091    694
  1092    694
  1093    694
  1094    694
  1095    694
  1096    694
  1097    694
  1098    694
  1099    694
  1086    695
  1087    695
  1088    695
  1089    695
  1090    695
  1091    695
  1092    695
  1093    695
  1094    695
  1095    695
  1096    695
  1097    695
  1098    695
  1099    695
  1100    695
  1087    696
  1088    696
  1089    696
  1090    696
  1091    696
  1092    696
  1093    696
  1094    696
  1095    696
  1096    696
  1097    696
  1098    696
  1099    696
  1100    696
  1101    696
  1102    696
  1088    697
  1089    697
  1090    697
  1091    697
  1092    697
  1093    697
  1094    697
  1095    697
  1096    697
  1097    697
  1098    697
  1099    697
  1100    697
  1101    697
  1102    697
  1089    698
  1090    698
  1091    698
  1092    698
  1093    698
  1094    698
  1095    698
  1096    698
  1097    698
  1098    698
  1099    698
  1100    698
  1101    698
  1102    698
  1103    698
  1104    698
  1091    699
  1092    699
  1093    699
  1094    699
  1095    699
  1096    699
  1097    699
  1098    699
  1099    699
  1100    699
  1101    699
  1102    699
  1103    699
  1104    699
  1105    699
  1092    700
  1093    700
  1094    700
  1095    700
  1096    700
  1097    700
  1098    700
  1099    700
  1100    700
  1101    700
  1102    700
  1103    700
  1104    700
  1105    700
  1106    700
  1093    701
  1094    701
  1095    701
  1096    701
  1097    701
  1098    701
  1099    701
  1100    701
  1101    701
  1102    701
  1103    701
  1104    701
  1105    701
  1106    701
  1107    701
  1094    702
  1095    702
  1096    702
  1097    702
  1098    702
  1099    702
  1100    702
  1101    702
  1102    702
  1103    702
  1104    702
  1105    702
  1106    702
  1107    702
  1108    702
  1109    702
  1095    703
  1096    703
  1097    703
  1098    703
  1099    703
  1100    703
  1101    703
  1102    703
  1103    703
  1104    703
  1105    703
  1106    703
  1107    703
  1108    703
  1109    703
  1110    703
  1111    703
  1097    704
  1098    704
  1099    704
  1100    704
  1101    704
  1102    704
  1103    704
  1104    704
  1105    704
  1106    704
  1107    704
  1108    704
  1109    704
  1110    704
  1111    704
  1112    704
  1098    705
  1099    705
  1100    705
  1101    705
  1102    705
  1103    705
  1104    705
  1105    705
  1106    705
  1107    705
  1108    705
  1109    705
  1110    705
  1111    705
  1112    705
  1113    705
  1099    706
  1100    706
  1101    706
  1102    706
  1103    706
  1104    706
  1105    706
  1106    706
  1107    706
  1108    706
  1109    706
  1110    706
  1111    706
  1112    706
  1113    706
  1114    706
  1100    707
  1101    707
  1102    707
  1103    707
  1104    707
  1105    707
  1106    707
  1107    707
  1108    707
  1109    707
  1110    707
  1111    707
  1112    707
  1113    707
  1114    707
  1115    707
  1101    708
  1102    708
  1103    708
  1104    708
  1105    708
  1106    708
  1107    708
  1108    708
  1109    708
  1110    708
  1111    708
  1112    708
  1113    708
  1114    708
  1115    708
  1116    708
  1103    709
  1104    709
  1105    709
  1106    709
  1107    709
  1108    709
  1109    709
  1110    709
  1111    709
  1112    709
  1113    709
  1114    709
  1115    709
  1116    709
  1117    709
  1118    709
  1104    710
  1105    710
  1106    710
  1107    710
  1108    710
  1109    710
  1110    710
  1111    710
  1112    710
  1113    710
  1114    710
  1115    710
  1116    710
  1117    710
  1118    710
  1119    710
  1105    711
  1106    711
  1107    711
  1108    711
  1109    711
  1110    711
  1111    711
  1112    711
  1113    711
  1114    711
  1115    711
  1116    711
  1117    711
  1118    711
  1119    711
  1120    711
  1121    711
  1106    712
  1107    712
  1108    712
  1109    712
  1110    712
  1111    712
  1112    712
  1113    712
  1114    712
  1115    712
  1116    712
  1117    712
  1118    712
  1119    712
  1120    712
  1121    712
  1122    712
  1107    713
  1108    713
  1109    713
  1110    713
  1111    713
  1112    713
  1113    713
  1114    713
  1115    713
  1116    713
  1117    713
  1118    713
  1119    713
  1120    713
  1121    713
  1122    713
  1123    713
  1108    714
  1109    714
  1110    714
  1111    714
  1112    714
  1113    714
  1114    714
  1115    714
  1116    714
  1117    714
  1118    714
  1119    714
  1120    714
  1121    714
  1122    714
  1123    714
  1124    714
  1109    715
  1110    715
  1111    715
  1112    715
  1113    715
  1114    715
  1115    715
  1116    715
  1117    715
  1118    715
  1119    715
  1120    715
  1121    715
  1122    715
  1123    715
  1124    715
  1125    715
  1126    715
  1111    716
  1112    716
  1113    716
  1114    716
  1115    716
  1116    716
  1117    716
  1118    716
  1119    716
  1120    716
  1121    716
  1122    716
  1123    716
  1124    716
  1125    716
  1126    716
  1127    716
  1112    717
  1113    717
  1114    717
  1115    717
  1116    717
  1117    717
  1118    717
  1119    717
  1120    717
  1121    717
  1122    717
  1123    717
  1124    717
  1125    717
  1126    717
  1127    717
  1128    717
  1113    718
  1114    718
  1115    718
  1116    718
  1117    718
  1118    718
  1119    718
  1120    718
  1121    718
  1122    718
  1123    718
  1124    718
  1125    718
  1126    718
  1127    718
  1128    718
  1129    718
  1114    719
  1115    719
  1116    719
  1117    719
  1118    719
  1119    719
  1120    719
  1121    719
  1122    719
  1123    719
  1124    719
  1125    719
  1126    719
  1127    719
  1128    719
  1129    719
  1130    719
  1116    720
  1117    720
  1118    720
  1119    720
  1120    720
  1121    720
  1122    720
  1123    720
  1124    720
  1125    720
  1126    720
  1127    720
  1128    720
  1129    720
  1130    720
  1131    720
  1132    720
  1117    721
  1118    721
  1119    721
  1120    721
  1121    721
  1122    721
  1123    721
  1124    721
  1125    721
  1126    721
  1127    721
  1128    721
  1129    721
  1130    721
  1131    721
  1132    721
  1133    721
  1117    722
  1118    722
  1119    722
  1120    722
  1121    722
  1122    722
  1123    722
  1124    722
  1125    722
  1126    722
  1127    722
  1128    722
  1129    722
  1130    722
  1131    722
  1132    722
  1133    722
  1134    722
  1119    723
  1120    723
  1121    723
  1122    723
  1123    723
  1124    723
  1125    723
  1126    723
  1127    723
  1128    723
  1129    723
  1130    723
  1131    723
  1132    723
  1133    723
  1134    723
  1135    723
  1120    724
  1121    724
  1122    724
  1123    724
  1124    724
  1125    724
  1126    724
  1127    724
  1128    724
  1129    724
  1130    724
  1131    724
  1132    724
  1133    724
  1134    724
  1135    724
  1136    724
  1137    724
  1121    725
  1122    725
  1123    725
  1124    725
  1125    725
  1126    725
  1127    725
  1128    725
  1129    725
  1130    725
  1131    725
  1132    725
  1133    725
  1134    725
  1135    725
  1136    725
  1137    725
  1138    725
  1122    726
  1123    726
  1124    726
  1125    726
  1126    726
  1127    726
  1128    726
  1129    726
  1130    726
  1131    726
  1132    726
  1133    726
  1134    726
  1135    726
  1136    726
  1137    726
  1138    726
  1139    726
  1123    727
  1124    727
  1125    727
  1126    727
  1127    727
  1128    727
  1129    727
  1130    727
  1131    727
  1132    727
  1133    727
  1134    727
  1135    727
  1136    727
  1137    727
  1138    727
  1139    727
  1140    727
  1124    728
  1125    728
  1126    728
  1127    728
  1128    728
  1129    728
  1130    728
  1131    728
  1132    728
  1133    728
  1134    728
  1135    728
  1136    728
  1137    728
  1138    728
  1139    728
  1140    728
  1141    728
  1142    728
  1125    729
  1126    729
  1127    729
  1128    729
  1129    729
  1130    729
  1131    729
  1132    729
  1133    729
  1134    729
  1135    729
  1136    729
  1137    729
  1138    729
  1139    729
  1140    729
  1141    729
  1142    729
  1143    729
  1127    730
  1128    730
  1129    730
  1130    730
  1131    730
  1132    730
  1133    730
  1134    730
  1135    730
  1136    730
  1137    730
  1138    730
  1139    730
  1140    730
  1141    730
  1142    730
  1143    730
  1144    730
  1128    731
  1129    731
  1130    731
  1131    731
  1132    731
  1133    731
  1134    731
  1135    731
  1136    731
  1137    731
  1138    731
  1139    731
  1140    731
  1141    731
  1142    731
  1143    731
  1144    731
  1145    731
  1129    732
  1130    732
  1131    732
  1132    732
  1133    732
  1134    732
  1135    732
  1136    732
  1137    732
  1138    732
  1139    732
  1140    732
  1141    732
  1142    732
  1143    732
  1144    732
  1145    732
  1146    732
  1147    732
  1130    733
  1131    733
  1132    733
  1133    733
  1134    733
  1135    733
  1136    733
  1137    733
  1138    733
  1139    733
  1140    733
  1141    733
  1142    733
  1143    733
  1144    733
  1145    733
  1146    733
  1147    733
  1148    733
  1131    734
  1132    734
  1133    734
  1134    734
  1135    734
  1136    734
  1137    734
  1138    734
  1139    734
  1140    734
  1141    734
  1142    734
  1143    734
  1144    734
  1145    734
  1146    734
  1147    734
  1148    734
  1149    734
  1132    735
  1133    735
  1134    735
  1135    735
  1136    735
  1137    735
  1138    735
  1139    735
  1140    735
  1141    735
  1142    735
  1143    735
  1144    735
  1145    735
  1146    735
  1147    735
  1148    735
  1149    735
  1150    735
  1133    736
  1134    736
  1135    736
  1136    736
  1137    736
  1138    736
  1139    736
  1140    736
  1141    736
  1142    736
  1143    736
  1144    736
  1145    736
  1146    736
  1147    736
  1148    736
  1149    736
  1150    736
  1151    736
  1152    736
  1134    737
  1135    737
  1136    737
  1137    737
  1138    737
  1139    737
  1140    737
  1141    737
  1142    737
  1143    737
  1144    737
  1145    737
  1146    737
  1147    737
  1148    737
  1149    737
  1150    737
  1151    737
  1152    737
  1153    737
  1136    738
  1137    738
  1138    738
  1139    738
  1140    738
  1141    738
  1142    738
  1143    738
  1144    738
  1145    738
  1146    738
  1147    738
  1148    738
  1149    738
  1150    738
  1151    738
  1152    738
  1153    738
  1154    738
  1137    739
  1138    739
  1139    739
  1140    739
  1141    739
  1142    739
  1143    739
  1144    739
  1145    739
  1146    739
  1147    739
  1148    739
  1149    739
  1150    739
  1151    739
  1152    739
  1153    739
  1154    739
  1155    739
  1138    740
  1139    740
  1140    740
  1141    740
  1142    740
  1143    740
  1144    740
  1145    740
  1146    740
  1147    740
  1148    740
  1149    740
  1150    740
  1151    740
  1152    740
  1153    740
  1154    740
  1155    740
  1156    740
  1157    740
  1139    741
  1140    741
  1141    741
  1142    741
  1143    741
  1144    741
  1145    741
  1146    741
  1147    741
  1148    741
  1149    741
  1150    741
  1151    741
  1152    741
  1153    741
  1154    741
  1155    741
  1156    741
  1157    741
  1158    741
  1141    742
  1142    742
  1143    742
  1144    742
  1145    742
  1146    742
  1147    742
  1148    742
  1149    742
  1150    742
  1151    742
  1152    742
  1153    742
  1154    742
  1155    742
  1156    742
  1157    742
  1158    742
  1159    742
  1141    743
  1142    743
  1143    743
  1144    743
  1145    743
  1146    743
  1147    743
  1148    743
  1149    743
  1150    743
  1151    743
  1152    743
  1153    743
  1154    743
  1155    743
  1156    743
  1157    743
  1158    743
  1159    743
  1160    743
  1142    744
  1143    744
  1144    744
  1145    744
  1146    744
  1147    744
  1148    744
  1149    744
  1150    744
  1151    744
  1152    744
  1153    744
  1154    744
  1155    744
  1156    744
  1157    744
  1158    744
  1159    744
  1160    744
  1161    744
  1162    744
  1144    745
  1145    745
  1146    745
  1147    745
  1148    745
  1149    745
  1150    745
  1151    745
  1152    745
  1153    745
  1154    745
  1155    745
  1156    745
  1157    745
  1158    745
  1159    745
  1160    745
  1161    745
  1162    745
  1163    745
  1145    746
  1146    746
  1147    746
  1148    746
  1149    746
  1150    746
  1151    746
  1152    746
  1153    746
  1154    746
  1155    746
  1156    746
  1157    746
  1158    746
  1159    746
  1160    746
  1161    746
  1162    746
  1163    746
  1164    746
  1146    747
  1147    747
  1148    747
  1149    747
  1150    747
  1151    747
  1152    747
  1153    747
  1154    747
  1155    747
  1156    747
  1157    747
  1158    747
  1159    747
  1160    747
  1161    747
  1162    747
  1163    747
  1164    747
  1165    747
  1147    748
  1148    748
  1149    748
  1150    748
  1151    748
  1152    748
  1153    748
  1154    748
  1155    748
  1156    748
  1157    748
  1158    748
  1159    748
  1160    748
  1161    748
  1162    748
  1163    748
  1164    748
  1165    748
  1166    748
  1167    748
  1149    749
  1150    749
  1151    749
  1152    749
  1153    749
  1154    749
  1155    749
  1156    749
  1157    749
  1158    749
  1159    749
  1160    749
  1161    749
  1162    749
  1163    749
  1164    749
  1165    749
  1166    749
  1167    749
  1168    749
  1150    750
  1151    750
  1152    750
  1153    750
  1154    750
  1155    750
  1156    750
  1157    750
  1158    750
  1159    750
  1160    750
  1161    750
  1162    750
  1163    750
  1164    750
  1165    750
  1166    750
  1167    750
  1168    750
  1169    750
  1150    751
  1151    751
  1152    751
  1153    751
  1154    751
  1155    751
  1156    751
  1157    751
  1158    751
  1159    751
  1160    751
  1161    751
  1162    751
  1163    751
  1164    751
  1165    751
  1166    751
  1167    751
  1168    751
  1169    751
  1170    751
  1151    752
  1152    752
  1153    752
  1154    752
  1155    752
  1156    752
  1157    752
  1158    752
  1159    752
  1160    752
  1161    752
  1162    752
  1163    752
  1164    752
  1165    752
  1166    752
  1167    752
  1168    752
  1169    752
  1170    752
  1171    752
  1172    752
  1153    753
  1154    753
  1155    753
  1156    753
  1157    753
  1158    753
  1159    753
  1160    753
  1161    753
  1162    753
  1163    753
  1164    753
  1165    753
  1166    753
  1167    753
  1168    753
  1169    753
  1170    753
  1171    753
  1172    753
  1173    753
  1154    754
  1155    754
  1156    754
  1157    754
  1158    754
  1159    754
  1160    754
  1161    754
  1162    754
  1163    754
  1164    754
  1165    754
  1166    754
  1167    754
  1168    754
  1169    754
  1170    754
  1171    754
  1172    754
  1173    754
  1174    754
  1155    755
  1156    755
  1157    755
  1158    755
  1159    755
  1160    755
  1161    755
  1162    755
  1163    755
  1164    755
  1165    755
  1166    755
  1167    755
  1168    755
  1169    755
  1170    755
  1171    755
  1172    755
  1173    755
  1174    755
  1175    755
  1157    756
  1158    756
  1159    756
  1160    756
  1161    756
  1162    756
  1163    756
  1164    756
  1165    756
  1166    756
  1167    756
  1168    756
  1169    756
  1170    756
  1171    756
  1172    756
  1173    756
  1174    756
  1175    756
  1176    756
  1177    756
  1158    757
  1159    757
  1160    757
  1161    757
  1162    757
  1163    757
  1164    757
  1165    757
  1166    757
  1167    757
  1168    757
  1169    757
  1170    757
  1171    757
  1172    757
  1173    757
  1174    757
  1175    757
  1176    757
  1177    757
  1178    757
  1159    758
  1160    758
  1161    758
  1162    758
  1163    758
  1164    758
  1165    758
  1166    758
  1167    758
  1168    758
  1169    758
  1170    758
  1171    758
  1172    758
  1173    758
  1174    758
  1175    758
  1176    758
  1177    758
  1178    758
  1179    758
  1160    759
  1161    759
  1162    759
  1163    759
  1164    759
  1165    759
  1166    759
  1167    759
  1168    759
  1169    759
  1170    759
  1171    759
  1172    759
  1173    759
  1174    759
  1175    759
  1176    759
  1177    759
  1178    759
  1179    759
  1180    759
  1161    760
  1162    760
  1163    760
  1164    760
  1165    760
  1166    760
  1167    760
  1168    760
  1169    760
  1170    760
  1171    760
  1172    760
  1173    760
  1174    760
  1175    760
  1176    760
  1177    760
  1178    760
  1179    760
  1180    760
  1181    760
  1182    760
  1162    761
  1163    761
  1164    761
  1165    761
  1166    761
  1167    761
  1168    761
  1169    761
  1170    761
  1171    761
  1172    761
  1173    761
  1174    761
  1175    761
  1176    761
  1177    761
  1178    761
  1179    761
  1180    761
  1181    761
  1182    761
  1183    761
  1163    762
  1164    762
  1165    762
  1166    762
  1167    762
  1168    762
  1169    762
  1170    762
  1171    762
  1172    762
  1173    762
  1174    762
  1175    762
  1176    762
  1177    762
  1178    762
  1179    762
  1180    762
  1181    762
  1182    762
  1183    762
  1184    762
  1164    763
  1165    763
  1166    763
  1167    763
  1168    763
  1169    763
  1170    763
  1171    763
  1172    763
  1173    763
  1174    763
  1175    763
  1176    763
  1177    763
  1178    763
  1179    763
  1180    763
  1181    763
  1182    763
  1183    763
  1184    763
  1185    763
  1166    764
  1167    764
  1168    764
  1169    764
  1170    764
  1171    764
  1172    764
  1173    764
  1174    764
  1175    764
  1176    764
  1177    764
  1178    764
  1179    764
  1180    764
  1181    764
  1182    764
  1183    764
  1184    764
  1185    764
  1186    764
  1187    764
  1167    765
  1168    765
  1169    765
  1170    765
  1171    765
  1172    765
  1173    765
  1174    765
  1175    765
  1176    765
  1177    765
  1178    765
  1179    765
  1180    765
  1181    765
  1182    765
  1183    765
  1184    765
  1185    765
  1186    765
  1187    765
  1188    765
  1168    766
  1169    766
  1170    766
  1171    766
  1172    766
  1173    766
  1174    766
  1175    766
  1176    766
  1177    766
  1178    766
  1179    766
  1180    766
  1181    766
  1182    766
  1183    766
  1184    766
  1185    766
  1186    766
  1187    766
  1188    766
  1169    767
  1170    767
  1171    767
  1172    767
  1173    767
  1174    767
  1175    767
  1176    767
  1177    767
  1178    767
  1179    767
  1180    767
  1181    767
  1182    767
  1183    767
  1184    767
  1185    767
  1186    767
  1187    767
  1188    767
  1189    767
  1190    767
  1170    768
  1171    768
  1172    768
  1173    768
  1174    768
  1175    768
  1176    768
  1177    768
  1178    768
  1179    768
  1180    768
  1181    768
  1182    768
  1183    768
  1184    768
  1185    768
  1186    768
  1187    768
  1188    768
  1189    768
  1190    768
  1191    768
  1171    769
  1172    769
  1173    769
  1174    769
  1175    769
  1176    769
  1177    769
  1178    769
  1179    769
  1180    769
  1181    769
  1182    769
  1183    769
  1184    769
  1185    769
  1186    769
  1187    769
  1188    769
  1189    769
  1190    769
  1191    769
  1192    769
  1173    770
  1174    770
  1175    770
  1176    770
  1177    770
  1178    770
  1179    770
  1180    770
  1181    770
  1182    770
  1183    770
  1184    770
  1185    770
  1186    770
  1187    770
  1188    770
  1189    770
  1190    770
  1191    770
  1192    770
  1193    770
  1174    771
  1175    771
  1176    771
  1177    771
  1178    771
  1179    771
  1180    771
  1181    771
  1182    771
  1183    771
  1184    771
  1185    771
  1186    771
  1187    771
  1188    771
  1189    771
  1190    771
  1191    771
  1192    771
  1193    771
  1194    771
  1195    771
  1175    772
  1176    772
  1177    772
  1178    772
  1179    772
  1180    772
  1181    772
  1182    772
  1183    772
  1184    772
  1185    772
  1186    772
  1187    772
  1188    772
  1189    772
  1190    772
  1191    772
  1192    772
  1193    772
  1194    772
  1195    772
  1196    772
  1176    773
  1177    773
  1178    773
  1179    773
  1180    773
  1181    773
  1182    773
  1183    773
  1184    773
  1185    773
  1186    773
  1187    773
  1188    773
  1189    773
  1190    773
  1191    773
  1192    773
  1193    773
  1194    773
  1195    773
  1196    773
  1197    773
  1198    773
  1177    774
  1178    774
  1179    774
  1180    774
  1181    774
  1182    774
  1183    774
  1184    774
  1185    774
  1186    774
  1187    774
  1188    774
  1189    774
  1190    774
  1191    774
  1192    774
  1193    774
  1194    774
  1195    774
  1196    774
  1197    774
  1198    774
  1199    774
  1178    775
  1179    775
  1180    775
  1181    775
  1182    775
  1183    775
  1184    775
  1185    775
  1186    775
  1187    775
  1188    775
  1189    775
  1190    775
  1191    775
  1192    775
  1193    775
  1194    775
  1195    775
  1196    775
  1197    775
  1198    775
  1199    775
  1200    775
  1179    776
  1180    776
  1181    776
  1182    776
  1183    776
  1184    776
  1185    776
  1186    776
  1187    776
  1188    776
  1189    776
  1190    776
  1191    776
  1192    776
  1193    776
  1194    776
  1195    776
  1196    776
  1197    776
  1198    776
  1199    776
  1200    776
  1201    776
  1180    777
  1181    777
  1182    777
  1183    777
  1184    777
  1185    777
  1186    777
  1187    777
  1188    777
  1189    777
  1190    777
  1191    777
  1192    777
  1193    777
  1194    777
  1195    777
  1196    777
  1197    777
  1198    777
  1199    777
  1200    777
  1201    777
  1202    777
  1203    777
  1182    778
  1183    778
  1184    778
  1185    778
  1186    778
  1187    778
  1188    778
  1189    778
  1190    778
  1191    778
  1192    778
  1193    778
  1194    778
  1195    778
  1196    778
  1197    778
  1198    778
  1199    778
  1200    778
  1201    778
  1202    778
  1203    778
  1183    779
  1184    779
  1185    779
  1186    779
  1187    779
  1188    779
  1189    779
  1190    779
  1191    779
  1192    779
  1193    779
  1194    779
  1195    779
  1196    779
  1197    779
  1198    779
  1199    779
  1200    779
  1201    779
  1202    779
  1203    779
  1204    779
  1205    779
  1184    780
  1185    780
  1186    780
  1187    780
  1188    780
  1189    780
  1190    780
  1191    780
  1192    780
  1193    780
  1194    780
  1195    780
  1196    780
  1197    780
  1198    780
  1199    780
  1200    780
  1201    780
  1202    780
  1203    780
  1204    780
  1205    780
  1206    780
  1185    781
  1186    781
  1187    781
  1188    781
  1189    781
  1190    781
  1191    781
  1192    781
  1193    781
  1194    781
  1195    781
  1196    781
  1197    781
  1198    781
  1199    781
  1200    781
  1201    781
  1202    781
  1203    781
  1204    781
  1205    781
  1206    781
  1207    781
  1186    782
  1187    782
  1188    782
  1189    782
  1190    782
  1191    782
  1192    782
  1193    782
  1194    782
  1195    782
  1196    782
  1197    782
  1198    782
  1199    782
  1200    782
  1201    782
  1202    782
  1203    782
  1204    782
  1205    782
  1206    782
  1207    782
  1208    782
  1187    783
  1188    783
  1189    783
  1190    783
  1191    783
  1192    783
  1193    783
  1194    783
  1195    783
  1196    783
  1197    783
  1198    783
  1199    783
  1200    783
  1201    783
  1202    783
  1203    783
  1204    783
  1205    783
  1206    783
  1207    783
  1208    783
  1209    783
  1210    783
  1188    784
  1189    784
  1190    784
  1191    784
  1192    784
  1193    784
  1194    784
  1195    784
  1196    784
  1197    784
  1198    784
  1199    784
  1200    784
  1201    784
  1202    784
  1203    784
  1204    784
  1205    784
  1206    784
  1207    784
  1208    784
  1209    784
  1210    784
  1211    784
  1190    785
  1191    785
  1192    785
  1193    785
  1194    785
  1195    785
  1196    785
  1197    785
  1198    785
  1199    785
  1200    785
  1201    785
  1202    785
  1203    785
  1204    785
  1205    785
  1206    785
  1207    785
  1208    785
  1209    785
  1210    785
  1211    785
  1212    785
  1190    786
  1191    786
  1192    786
  1193    786
  1194    786
  1195    786
  1196    786
  1197    786
  1198    786
  1199    786
  1200    786
  1201    786
  1202    786
  1203    786
  1204    786
  1205    786
  1206    786
  1207    786
  1208    786
  1209    786
  1210    786
  1211    786
  1212    786
  1213    786
  1192    787
  1193    787
  1194    787
  1195    787
  1196    787
  1197    787
  1198    787
  1199    787
  1200    787
  1201    787
  1202    787
  1203    787
  1204    787
  1205    787
  1206    787
  1207    787
  1208    787
  1209    787
  1210    787
  1211    787
  1212    787
  1213    787
  1214    787
  1215    787
  1193    788
  1194    788
  1195    788
  1196    788
  1197    788
  1198    788
  1199    788
  1200    788
  1201    788
  1202    788
  1203    788
  1204    788
  1205    788
  1206    788
  1207    788
  1208    788
  1209    788
  1210    788
  1211    788
  1212    788
  1213    788
  1214    788
  1215    788
  1194    789
  1195    789
  1196    789
  1197    789
  1198    789
  1199    789
  1200    789
  1201    789
  1202    789
  1203    789
  1204    789
  1205    789
  1206    789
  1207    789
  1208    789
  1209    789
  1210    789
  1211    789
  1212    789
  1213    789
  1214    789
  1215    789
  1216    789
  1195    790
  1196    790
  1197    790
  1198    790
  1199    790
  1200    790
  1201    790
  1202    790
  1203    790
  1204    790
  1205    790
  1206    790
  1207    790
  1208    790
  1209    790
  1210    790
  1211    790
  1212    790
  1213    790
  1214    790
  1215    790
  1216    790
  1217    790
  1218    790
  1196    791
  1197    791
  1198    791
  1199    791
  1200    791
  1201    791
  1202    791
  1203    791
  1204    791
  1205    791
  1206    791
  1207    791
  1208    791
  1209    791
  1210    791
  1211    791
  1212    791
  1213    791
  1214    791
  1215    791
  1216    791
  1217    791
  1218    791
  1219    791
  1197    792
  1198    792
  1199    792
  1200    792
  1201    792
  1202    792
  1203    792
  1204    792
  1205    792
  1206    792
  1207    792
  1208    792
  1209    792
  1210    792
  1211    792
  1212    792
  1213    792
  1214    792
  1215    792
  1216    792
  1217    792
  1218    792
  1219    792
  1220    792
  1221    792
  1198    793
  1199    793
  1200    793
  1201    793
  1202    793
  1203    793
  1204    793
  1205    793
  1206    793
  1207    793
  1208    793
  1209    793
  1210    793
  1211    793
  1212    793
  1213    793
  1214    793
  1215    793
  1216    793
  1217    793
  1218    793
  1219    793
  1220    793
  1221    793
  1222    793
  1199    794
  1200    794
  1201    794
  1202    794
  1203    794
  1204    794
  1205    794
  1206    794
  1207    794
  1208    794
  1209    794
  1210    794
  1211    794
  1212    794
  1213    794
  1214    794
  1215    794
  1216    794
  1217    794
  1218    794
  1219    794
  1220    794
  1221    794
  1222    794
  1223    794
  1200    795
  1201    795
  1202    795
  1203    795
  1204    795
  1205    795
  1206    795
  1207    795
  1208    795
  1209    795
  1210    795
  1211    795
  1212    795
  1213    795
  1214    795
  1215    795
  1216    795
  1217    795
  1218    795
  1219    795
  1220    795
  1221    795
  1222    795
  1223    795
  1224    795
  1201    796
  1202    796
  1203    796
  1204    796
  1205    796
  1206    796
  1207    796
  1208    796
  1209    796
  1210    796
  1211    796
  1212    796
  1213    796
  1214    796
  1215    796
  1216    796
  1217    796
  1218    796
  1219    796
  1220    796
  1221    796
  1222    796
  1223    796
  1224    796
  1225    796
  1203    797
  1204    797
  1205    797
  1206    797
  1207    797
  1208    797
  1209    797
  1210    797
  1211    797
  1212    797
  1213    797
  1214    797
  1215    797
  1216    797
  1217    797
  1218    797
  1219    797
  1220    797
  1221    797
  1222    797
  1223    797
  1224    797
  1225    797
  1226    797
  1204    798
  1205    798
  1206    798
  1207    798
  1208    798
  1209    798
  1210    798
  1211    798
  1212    798
  1213    798
  1214    798
  1215    798
  1216    798
  1217    798
  1218    798
  1219    798
  1220    798
  1221    798
  1222    798
  1223    798
  1224    798
  1225    798
  1226    798
  1227    798
  1228    798
  1205    799
  1206    799
  1207    799
  1208    799
  1209    799
  1210    799
  1211    799
  1212    799
  1213    799
  1214    799
  1215    799
  1216    799
  1217    799
  1218    799
  1219    799
  1220    799
  1221    799
  1222    799
  1223    799
  1224    799
  1225    799
  1226    799
  1227    799
  1228    799
  1229    799
  1207    800
  1208    800
  1209    800
  1210    800
  1211    800
  1212    800
  1213    800
  1214    800
  1215    800
  1216    800
  1217    800
  1218    800
  1219    800
  1220    800
  1221    800
  1222    800
  1223    800
  1224    800
  1225    800
  1226    800
  1227    800
  1228    800
  1229    800
  1230    800
  1207    801
  1208    801
  1209    801
  1210    801
  1211    801
  1212    801
  1213    801
  1214    801
  1215    801
  1216    801
  1217    801
  1218    801
  1219    801
  1220    801
  1221    801
  1222    801
  1223    801
  1224    801
  1225    801
  1226    801
  1227    801
  1228    801
  1229    801
  1230    801
  1231    801
  1208    802
  1209    802
  1210    802
  1211    802
  1212    802
  1213    802
  1214    802
  1215    802
  1216    802
  1217    802
  1218    802
  1219    802
  1220    802
  1221    802
  1222    802
  1223    802
  1224    802
  1225    802
  1226    802
  1227    802
  1228    802
  1229    802
  1230    802
  1231    802
  1232    802
  1233    802
