   986    672
   987    672
   988    672
   989    672
   993    672
   994    672
   996    672
   997    672
  1005    672
  1006    672
  1007    672
  1008    672
  1009    672
  1010    672
  1011    672
  1012    672
  1013    672
  1014    672
  1015    672
  1016    672
  1017    672
  1018    672
  1019    672
  1020    672
  1021    672
  1023    672
  1024    672
  1025    672
  1026    672
  1027    672
  1028    672
  1029    672
  1030    672
  1031    672
  1032    672
  1033    672
  1034    672
  1035    672
  1036    672
  1037    672
  1038    672
  1039    672
   981    673
   982    673
   985    673
   986    673
   987    673
   988    673
   989    673
   992    673
   993    673
   994    673
   997    673
  1004    673
  1005    673
  1006    673
  1007    673
  1008    673
  1009    673
  1010    673
  1011    673
  1012    673
  1013    673
  1014    673
  1015    673
  1016    673
  1017    673
  1022    673
  1023    673
  1024    673
  1026    673
  1027    673
  1028    673
  1029    673
  1030    673
  1032    673
  1033    673
  1034    673
  1035    673
  1036    673
  1037    673
  1038    673
  1039    673
  1040    673
   986    674
   987    674
   988    674
   990    674
   991    674
   992    674
   993    674
   994    674
   995    674
   998    674
   999    674
  1000    674
  1001    674
  1004    674
  1005    674
  1006    674
  1007    674
  1008    674
  1009    674
  1010    674
  1011    674
  1012    674
  1013    674
  1014    674
  1015    674
  1016    674
  1017    674
  1018    674
  1019    674
  1022    674
  1023    674
  1024    674
  1025    674
  1026    674
  1027    674
  1028    674
  1029    674
  1030    674
  1031    674
  1032    674
  1033    674
  1034    674
  1035    674
  1036    674
  1037    674
  1038    674
  1039    674
  1040    674
  1041    674
  1042    674
   981    675
   982    675
   983    675
   984    675
   987    675
   992    675
   993    675
   994    675
   999    675
  1000    675
  1004    675
  1005    675
  1006    675
  1007    675
  1008    675
  1009    675
  1010    675
  1011    675
  1012    675
  1013    675
  1014    675
  1015    675
  1016    675
  1017    675
  1023    675
  1024    675
  1025    675
  1026    675
  1027    675
  1030    675
  1031    675
  1032    675
  1033    675
  1034    675
  1035    675
  1036    675
  1037    675
  1038    675
  1039    675
  1040    675
  1041    675
   980    676
   981    676
   982    676
   983    676
   987    676
   988    676
   989    676
   990    676
   991    676
  1006    676
  1007    676
  1008    676
  1011    676
  1012    676
  1013    676
  1014    676
  1015    676
  1016    676
  1018    676
  1019    676
  1020    676
  1021    676
  1022    676
  1032    676
  1033    676
  1034    676
  1035    676
  1036    676
  1037    676
  1038    676
  1039    676
  1040    676
   980    677
   981    677
   982    677
   983    677
   987    677
   988    677
   989    677
   997    677
  1006    677
  1007    677
  1008    677
  1013    677
  1014    677
  1015    677
  1018    677
  1021    677
  1022    677
  1032    677
  1033    677
  1034    677
  1035    677
  1036    677
  1037    677
  1038    677
  1039    677
   988    678
   997    678
   998    678
  1001    678
  1002    678
  1007    678
  1008    678
  1013    678
  1018    678
  1019    678
  1020    678
  1021    678
  1022    678
  1031    678
  1032    678
  1033    678
  1034    678
  1035    678
  1036    678
  1037    678
  1038    678
  1039    678
   997    679
   998    679
   999    679
  1001    679
  1002    679
  1010    679
  1034    679
  1035    679
  1036    679
  1037    679
  1038    679
  1039    679
   998    680
