   896    688
   897    688
   898    688
   899    688
   900    688
   901    688
   902    688
   903    688
   904    688
   905    688
   906    688
   907    688
   908    688
   909    688
   910    688
   911    688
   912    688
   896    689
   897    689
   898    689
   899    689
   900    689
   901    689
   902    689
   903    689
   904    689
   905    689
   906    689
   907    689
   908    689
   909    689
   910    689
   911    689
   912    689
   896    690
   897    690
   898    690
   899    690
   900    690
   901    690
   902    690
   903    690
   904    690
   905    690
   906    690
   907    690
   908    690
   909    690
   910    690
   911    690
   912    690
   913    690
   896    691
   897    691
   898    691
   899    691
   900    691
   901    691
   902    691
   903    691
   904    691
   905    691
   906    691
   907    691
   908    691
   909    691
   910    691
   911    691
   912    691
   913    691
   896    692
   897    692
   898    692
   899    692
   900    692
   901    692
   902    692
   903    692
   904    692
   905    692
   906    692
   907    692
   908    692
   909    692
   910    692
   911    692
   912    692
   913    692
   896    693
   897    693
   898    693
   899    693
   900    693
   901    693
   902    693
   903    693
   904    693
   905    693
   906    693
   907    693
   908    693
   909    693
   910    693
   911    693
   912    693
   913    693
   897    694
   898    694
   899    694
   900    694
   901    694
   902    694
   903    694
   904    694
   905    694
   906    694
   907    694
   908    694
   909    694
   910    694
   911    694
   912    694
   913    694
   914    694
   897    695
   898    695
   899    695
   900    695
   901    695
   902    695
   903    695
   904    695
   905    695
   906    695
   907    695
   908    695
   909    695
   910    695
   911    695
   912    695
   913    695
   914    695
   897    696
   898    696
   899    696
   900    696
   901    696
   902    696
   903    696
   904    696
   905    696
   906    696
   907    696
   908    696
   909    696
   910    696
   911    696
   912    696
   913    696
   914    696
   897    697
   898    697
   899    697
   900    697
   901    697
   902    697
   903    697
   904    697
   905    697
   906    697
   907    697
   908    697
   909    697
   910    697
   911    697
   912    697
   913    697
   914    697
   897    698
   898    698
   899    698
   900    698
   901    698
   902    698
   903    698
   904    698
   905    698
   906    698
   907    698
   908    698
   909    698
   910    698
   911    698
   912    698
   913    698
   914    698
   915    698
   897    699
   898    699
   899    699
   900    699
   901    699
   902    699
   903    699
   904    699
   905    699
   906    699
   907    699
   908    699
   909    699
   910    699
   911    699
   912    699
   913    699
   914    699
   915    699
   897    700
   898    700
   899    700
   900    700
   901    700
   902    700
   903    700
   904    700
   905    700
   906    700
   907    700
   908    700
   909    700
   910    700
   911    700
   912    700
   913    700
   914    700
   915    700
   898    701
   899    701
   900    701
   901    701
   902    701
   903    701
   904    701
   905    701
   906    701
   907    701
   908    701
   909    701
   910    701
   911    701
   912    701
   913    701
   914    701
   915    701
   898    702
   899    702
   900    702
   901    702
   902    702
   903    702
   904    702
   905    702
   906    702
   907    702
   908    702
   909    702
   910    702
   911    702
   912    702
   913    702
   914    702
   915    702
   916    702
   898    703
   899    703
   900    703
   901    703
   902    703
   903    703
   904    703
   905    703
   906    703
   907    703
   908    703
   909    703
   910    703
   911    703
   912    703
   913    703
   914    703
   915    703
   916    703
   898    704
   899    704
   900    704
   901    704
   902    704
   903    704
   904    704
   905    704
   906    704
   907    704
   908    704
   909    704
   910    704
   911    704
   912    704
   913    704
   914    704
   915    704
   916    704
   898    705
   899    705
   900    705
   901    705
   902    705
   903    705
   904    705
   905    705
   906    705
   907    705
   908    705
   909    705
   910    705
   911    705
   912    705
   913    705
   914    705
   915    705
   916    705
   898    706
   899    706
   900    706
   901    706
   902    706
   903    706
   904    706
   905    706
   906    706
   907    706
   908    706
   909    706
   910    706
   911    706
   912    706
   913    706
   914    706
   915    706
   916    706
   917    706
   898    707
   899    707
   900    707
   901    707
   902    707
   903    707
   904    707
   905    707
   906    707
   907    707
   908    707
   909    707
   910    707
   911    707
   912    707
   913    707
   914    707
   915    707
   916    707
   917    707
   899    708
   900    708
   901    708
   902    708
   903    708
   904    708
   905    708
   906    708
   907    708
   908    708
   909    708
   910    708
   911    708
   912    708
   913    708
   914    708
   915    708
   916    708
   917    708
   918    708
   899    709
   900    709
   901    709
   902    709
   903    709
   904    709
   905    709
   906    709
   907    709
   908    709
   909    709
   910    709
   911    709
   912    709
   913    709
   914    709
   915    709
   916    709
   917    709
   918    709
   899    710
   900    710
   901    710
   902    710
   903    710
   904    710
   905    710
   906    710
   907    710
   908    710
   909    710
   910    710
   911    710
   912    710
   913    710
   914    710
   915    710
   916    710
   917    710
   918    710
   899    711
   900    711
   901    711
   902    711
   903    711
   904    711
   905    711
   906    711
   907    711
   908    711
   909    711
   910    711
   911    711
   912    711
   913    711
   914    711
   915    711
   916    711
   917    711
   918    711
   899    712
   900    712
   901    712
   902    712
   903    712
   904    712
   905    712
   906    712
   907    712
   908    712
   909    712
   910    712
   911    712
   912    712
   913    712
   914    712
   915    712
   916    712
   917    712
   918    712
   919    712
   899    713
   900    713
   901    713
   902    713
   903    713
   904    713
   905    713
   906    713
   907    713
   908    713
   909    713
   910    713
   911    713
   912    713
   913    713
   914    713
   915    713
   916    713
   917    713
   918    713
   919    713
   899    714
   900    714
   901    714
   902    714
   903    714
   904    714
   905    714
   906    714
   907    714
   908    714
   909    714
   910    714
   911    714
   912    714
   913    714
   914    714
   915    714
   916    714
   917    714
   918    714
   919    714
   899    715
   900    715
   901    715
   902    715
   903    715
   904    715
   905    715
   906    715
   907    715
   908    715
   909    715
   910    715
   911    715
   912    715
   913    715
   914    715
   915    715
   916    715
   917    715
   918    715
   919    715
   920    715
   899    716
   900    716
   901    716
   902    716
   903    716
   904    716
   905    716
   906    716
   907    716
   908    716
   909    716
   910    716
   911    716
   912    716
   913    716
   914    716
   915    716
   916    716
   917    716
   918    716
   919    716
   920    716
   899    717
   900    717
   901    717
   902    717
   903    717
   904    717
   905    717
   906    717
   907    717
   908    717
   909    717
   910    717
   911    717
   912    717
   913    717
   914    717
   915    717
   916    717
   917    717
   918    717
   919    717
   920    717
   899    718
   900    718
   901    718
   902    718
   903    718
   904    718
   905    718
   906    718
   907    718
   908    718
   909    718
   910    718
   911    718
   912    718
   913    718
   914    718
   915    718
   916    718
   917    718
   918    718
   919    718
   920    718
   900    719
   901    719
   902    719
   903    719
   904    719
   905    719
   906    719
   907    719
   908    719
   909    719
   910    719
   911    719
   912    719
   913    719
   914    719
   915    719
   916    719
   917    719
   918    719
   919    719
   920    719
   900    720
   901    720
   902    720
   903    720
   904    720
   905    720
   906    720
   907    720
   908    720
   909    720
   910    720
   911    720
   912    720
   913    720
   914    720
   915    720
   916    720
   917    720
   918    720
   919    720
   920    720
   921    720
   899    721
   900    721
   901    721
   902    721
   903    721
   904    721
   905    721
   906    721
   907    721
   908    721
   909    721
   910    721
   911    721
   912    721
   913    721
   914    721
   915    721
   916    721
   917    721
   918    721
   919    721
   920    721
   921    721
   900    722
   901    722
   902    722
   903    722
   904    722
   905    722
   906    722
   907    722
   908    722
   909    722
   910    722
   911    722
   912    722
   913    722
   914    722
   915    722
   916    722
   917    722
   918    722
   919    722
   920    722
   921    722
   900    723
   901    723
   902    723
   903    723
   904    723
   905    723
   906    723
   907    723
   908    723
   909    723
   910    723
   911    723
   912    723
   913    723
   914    723
   915    723
   916    723
   917    723
   918    723
   919    723
   920    723
   921    723
   900    724
   901    724
   902    724
   903    724
   904    724
   905    724
   906    724
   907    724
   908    724
   909    724
   910    724
   911    724
   912    724
   913    724
   914    724
   915    724
   916    724
   917    724
   918    724
   919    724
   920    724
   921    724
   922    724
   900    725
   901    725
   902    725
   903    725
   904    725
   905    725
   906    725
   907    725
   908    725
   909    725
   910    725
   911    725
   912    725
   913    725
   914    725
   915    725
   916    725
   917    725
   918    725
   919    725
   920    725
   921    725
   922    725
   900    726
   901    726
   902    726
   903    726
   904    726
   905    726
   906    726
   907    726
   908    726
   909    726
   910    726
   911    726
   912    726
   913    726
   914    726
   915    726
   916    726
   917    726
   918    726
   919    726
   920    726
   921    726
   922    726
   900    727
   901    727
   902    727
   903    727
   904    727
   905    727
   906    727
   907    727
   908    727
   909    727
   910    727
   911    727
   912    727
   913    727
   914    727
   915    727
   916    727
   917    727
   918    727
   919    727
   920    727
   921    727
   922    727
   923    727
   900    728
   901    728
   902    728
   903    728
   904    728
   905    728
   906    728
   907    728
   908    728
   909    728
   910    728
   911    728
   912    728
   913    728
   914    728
   915    728
   916    728
   917    728
   918    728
   919    728
   920    728
   921    728
   922    728
   901    729
   902    729
   903    729
   904    729
   905    729
   906    729
   907    729
   908    729
   909    729
   910    729
   911    729
   912    729
   913    729
   914    729
   915    729
   916    729
   917    729
   918    729
   919    729
   920    729
   921    729
   922    729
   901    730
   902    730
   903    730
   904    730
   905    730
   906    730
   907    730
   908    730
   909    730
   910    730
   911    730
   912    730
   913    730
   914    730
   915    730
   916    730
   917    730
   918    730
   919    730
   920    730
   921    730
   922    730
   901    731
   902    731
   903    731
   904    731
   905    731
   906    731
   907    731
   908    731
   909    731
   910    731
   911    731
   912    731
   913    731
   914    731
   915    731
   916    731
   917    731
   918    731
   919    731
   920    731
   921    731
   922    731
   902    732
   903    732
   904    732
   905    732
   906    732
   907    732
   908    732
   909    732
   910    732
   911    732
   912    732
   913    732
   914    732
   915    732
   916    732
   917    732
   918    732
   919    732
   920    732
   921    732
   902    733
   903    733
   904    733
   905    733
   906    733
   907    733
   908    733
   909    733
   910    733
   911    733
   912    733
   913    733
   914    733
   915    733
   916    733
   917    733
   918    733
   919    733
   920    733
   921    733
   922    733
   902    734
   903    734
   904    734
   905    734
   906    734
   907    734
   908    734
   909    734
   910    734
   911    734
   912    734
   913    734
   914    734
   915    734
   916    734
   917    734
   918    734
   919    734
   920    734
   921    734
   903    735
   904    735
   905    735
   906    735
   907    735
   908    735
   909    735
   910    735
   911    735
   912    735
   913    735
   914    735
   915    735
   916    735
   917    735
   918    735
   919    735
   920    735
   921    735
   906    736
   907    736
   908    736
   909    736
   910    736
   911    736
   915    736
   916    736
   917    736
   918    736
   919    736
