   876    598
   877    598
   878    598
   879    598
   880    598
   881    598
   882    598
   883    598
  1098    598
  1109    598
  1110    598
  1111    598
  1112    598
  1113    598
  1116    598
  1117    598
  1118    598
  1119    598
  1120    598
  1121    598
  1122    598
   875    599
   876    599
   877    599
   878    599
   879    599
   880    599
   881    599
   882    599
   883    599
  1090    599
  1091    599
  1100    599
  1101    599
  1102    599
  1110    599
  1111    599
  1112    599
  1113    599
  1114    599
  1115    599
  1116    599
  1117    599
  1118    599
  1119    599
  1120    599
  1121    599
  1122    599
  1123    599
   875    600
   876    600
   877    600
   878    600
   879    600
   880    600
   881    600
   882    600
   883    600
  1093    600
  1094    600
  1095    600
  1096    600
  1101    600
  1102    600
  1103    600
  1104    600
  1112    600
  1113    600
  1114    600
  1115    600
  1122    600
  1123    600
  1124    600
  1125    600
   875    601
   876    601
   877    601
   878    601
   879    601
   880    601
   881    601
   882    601
   883    601
  1076    601
  1077    601
  1086    601
  1087    601
  1094    601
  1095    601
  1096    601
  1097    601
  1098    601
  1099    601
  1102    601
  1103    601
  1104    601
  1105    601
  1106    601
  1107    601
  1108    601
  1114    601
  1115    601
  1116    601
  1125    601
  1126    601
   875    602
   876    602
   877    602
   878    602
   879    602
   880    602
   881    602
   882    602
   883    602
  1067    602
  1068    602
  1069    602
  1077    602
  1078    602
  1079    602
  1080    602
  1087    602
  1088    602
  1097    602
  1098    602
  1099    602
  1100    602
  1101    602
  1107    602
  1108    602
  1109    602
  1117    602
  1118    602
   875    603
   876    603
   877    603
   878    603
   879    603
   880    603
   881    603
   882    603
   883    603
  1071    603
  1072    603
  1073    603
  1078    603
  1079    603
  1080    603
  1081    603
  1091    603
  1092    603
  1101    603
  1102    603
   875    604
   876    604
   877    604
   878    604
   879    604
   880    604
   881    604
   882    604
   883    604
  1071    604
  1072    604
  1073    604
  1074    604
  1075    604
  1076    604
  1085    604
   875    605
   876    605
   877    605
   878    605
   879    605
   880    605
   881    605
   882    605
   883    605
  1064    605
  1065    605
  1066    605
  1067    605
  1068    605
  1076    605
  1077    605
  1078    605
  1079    605
   875    606
   876    606
   877    606
   878    606
   879    606
   880    606
   881    606
   882    606
   883    606
  1057    606
  1058    606
  1067    606
  1068    606
  1069    606
  1070    606
  1071    606
   874    607
   875    607
   876    607
   877    607
   878    607
   879    607
   880    607
   881    607
   882    607
   883    607
  1044    607
  1052    607
  1053    607
  1063    607
  1064    607
  1065    607
  1066    607
   874    608
   875    608
   876    608
   877    608
   878    608
   879    608
   880    608
   881    608
   882    608
   883    608
  1027    608
  1028    608
  1029    608
  1036    608
  1037    608
  1038    608
  1039    608
  1040    608
  1045    608
  1046    608
  1047    608
  1057    608
  1058    608
  1059    608
  1060    608
  1065    608
  1066    608
  1067    608
  1068    608
  1069    608
  1070    608
   874    609
   875    609
   876    609
   877    609
   878    609
   879    609
   880    609
   881    609
   882    609
   883    609
  1015    609
  1021    609
  1022    609
  1024    609
  1025    609
  1029    609
  1030    609
  1031    609
  1032    609
  1033    609
  1034    609
  1035    609
  1040    609
  1041    609
  1042    609
  1043    609
  1044    609
  1051    609
  1052    609
  1053    609
  1054    609
  1060    609
  1061    609
  1062    609
  1063    609
  1064    609
  1065    609
  1066    609
  1069    609
  1070    609
   874    610
   875    610
   876    610
   877    610
   878    610
   879    610
   880    610
   881    610
   882    610
   883    610
  1009    610
  1016    610
  1017    610
  1018    610
  1019    610
  1020    610
  1023    610
  1024    610
  1025    610
  1026    610
  1027    610
  1028    610
  1029    610
  1035    610
  1036    610
  1037    610
  1038    610
  1039    610
  1044    610
  1045    610
  1046    610
  1047    610
  1048    610
  1056    610
  1057    610
  1058    610
  1059    610
  1060    610
  1061    610
  1064    610
  1065    610
  1066    610
  1067    610
   874    611
   875    611
   876    611
   877    611
   878    611
   879    611
   880    611
   881    611
   882    611
   883    611
  1011    611
  1012    611
  1013    611
  1018    611
  1019    611
  1020    611
  1021    611
  1022    611
  1029    611
  1030    611
  1031    611
  1032    611
  1033    611
  1034    611
  1035    611
  1036    611
  1037    611
  1038    611
  1039    611
  1040    611
  1041    611
  1042    611
  1043    611
  1050    611
  1051    611
  1052    611
  1053    611
  1060    611
  1061    611
  1062    611
  1063    611
   874    612
   875    612
   876    612
   877    612
   878    612
   879    612
   880    612
   881    612
   882    612
   883    612
  1006    612
  1007    612
  1008    612
  1009    612
  1014    612
  1015    612
  1016    612
  1017    612
  1018    612
  1019    612
  1024    612
  1025    612
  1026    612
  1027    612
  1028    612
  1029    612
  1030    612
  1031    612
  1032    612
  1033    612
  1034    612
  1035    612
  1036    612
  1037    612
  1038    612
  1039    612
  1046    612
  1047    612
  1048    612
  1049    612
  1055    612
  1056    612
  1057    612
  1058    612
  1065    612
   873    613
   874    613
   875    613
   876    613
   877    613
   878    613
   879    613
   880    613
   881    613
   882    613
  1000    613
  1001    613
  1002    613
  1009    613
  1010    613
  1011    613
  1012    613
  1013    613
  1019    613
  1020    613
  1021    613
  1022    613
  1023    613
  1024    613
  1025    613
  1026    613
  1027    613
  1028    613
  1029    613
  1030    613
  1031    613
  1032    613
  1033    613
  1034    613
  1041    613
  1042    613
  1043    613
  1044    613
  1045    613
  1051    613
  1052    613
  1053    613
  1061    613
  1062    613
   873    614
   874    614
   875    614
   876    614
   877    614
   878    614
   879    614
   880    614
   881    614
   882    614
   997    614
   998    614
  1006    614
  1007    614
  1008    614
  1009    614
  1015    614
  1016    614
  1017    614
  1018    614
  1019    614
  1020    614
  1021    614
  1022    614
  1023    614
  1024    614
  1025    614
  1026    614
  1027    614
  1028    614
  1029    614
  1036    614
  1037    614
  1038    614
  1039    614
  1047    614
  1048    614
  1049    614
   873    615
   874    615
   875    615
   876    615
   877    615
   878    615
   879    615
   880    615
   881    615
   882    615
  1001    615
  1002    615
  1003    615
  1004    615
  1011    615
  1012    615
  1013    615
  1014    615
  1019    615
  1020    615
  1021    615
  1022    615
  1023    615
  1024    615
  1025    615
  1031    615
  1032    615
  1033    615
  1034    615
  1042    615
  1043    615
  1044    615
   873    616
   874    616
   875    616
   876    616
   877    616
   878    616
   879    616
   880    616
   881    616
   882    616
   883    616
   987    616
   996    616
   997    616
   998    616
   999    616
  1000    616
  1006    616
  1007    616
  1008    616
  1009    616
  1018    616
  1019    616
  1020    616
  1028    616
  1029    616
  1030    616
  1031    616
  1032    616
  1039    616
  1040    616
   873    617
   874    617
   875    617
   876    617
   877    617
   878    617
   879    617
   880    617
   881    617
   882    617
   883    617
   993    617
   994    617
   995    617
   996    617
  1001    617
  1002    617
  1003    617
  1004    617
  1005    617
  1006    617
  1014    617
  1015    617
  1016    617
  1024    617
  1025    617
  1026    617
  1027    617
  1035    617
  1036    617
   873    618
   874    618
   875    618
   876    618
   877    618
   878    618
   879    618
   880    618
   881    618
   882    618
   986    618
   987    618
   988    618
   989    618
   990    618
   991    618
   997    618
   998    618
   999    618
  1000    618
  1001    618
  1002    618
  1003    618
  1004    618
  1005    618
  1006    618
  1007    618
  1010    618
  1011    618
  1031    618
  1032    618
   873    619
   874    619
   875    619
   876    619
   877    619
   878    619
   879    619
   880    619
   881    619
   882    619
   993    619
   994    619
   995    619
   996    619
   997    619
   998    619
   999    619
  1000    619
  1001    619
  1002    619
  1003    619
  1004    619
  1005    619
  1006    619
  1007    619
   872    620
   873    620
   874    620
   875    620
   876    620
   877    620
   878    620
   879    620
   880    620
   881    620
   882    620
   989    620
   990    620
   991    620
   992    620
   993    620
   994    620
   995    620
   996    620
   997    620
   998    620
   999    620
  1001    620
  1002    620
  1003    620
   872    621
   873    621
   874    621
   875    621
   876    621
   877    621
   878    621
   879    621
   880    621
   881    621
   882    621
   984    621
   985    621
   986    621
   987    621
   988    621
   991    621
   992    621
   993    621
   994    621
   995    621
   996    621
   997    621
   998    621
   999    621
   872    622
   873    622
   874    622
   875    622
   876    622
   877    622
   878    622
   879    622
   880    622
   881    622
   882    622
   961    622
   962    622
   963    622
   964    622
   965    622
   966    622
   967    622
   968    622
   969    622
   986    622
   987    622
   988    622
   989    622
   990    622
   991    622
   992    622
   993    622
   994    622
   995    622
   872    623
   873    623
   874    623
   875    623
   876    623
   877    623
   878    623
   879    623
   880    623
   881    623
   882    623
   956    623
   957    623
   958    623
   969    623
   970    623
   976    623
   977    623
   978    623
   985    623
   986    623
   987    623
   988    623
   989    623
   990    623
   991    623
   992    623
   999    623
  1000    623
  1001    623
  1002    623
  1003    623
  1004    623
   872    624
   873    624
   874    624
   875    624
   876    624
   877    624
   878    624
   879    624
   880    624
   881    624
   882    624
   953    624
   954    624
   955    624
   956    624
   957    624
   958    624
   959    624
   960    624
   961    624
   962    624
   963    624
   964    624
   965    624
   966    624
   973    624
   974    624
   975    624
   976    624
   977    624
   978    624
   979    624
   980    624
   984    624
   985    624
   986    624
   987    624
   995    624
   996    624
   997    624
   998    624
   999    624
  1000    624
  1001    624
   871    625
   872    625
   873    625
   874    625
   875    625
   876    625
   877    625
   878    625
   879    625
   880    625
   881    625
   882    625
   949    625
   954    625
   955    625
   956    625
   957    625
   958    625
   959    625
   960    625
   961    625
   962    625
   968    625
   969    625
   970    625
   971    625
   972    625
   973    625
   974    625
   975    625
   976    625
   977    625
   978    625
   979    625
   980    625
   981    625
   982    625
   983    625
   992    625
   993    625
   994    625
   995    625
   996    625
   997    625
   998    625
   999    625
  1000    625
  1004    625
  1005    625
   871    626
   872    626
   873    626
   874    626
   875    626
   876    626
   877    626
   878    626
   879    626
   880    626
   881    626
   882    626
   945    626
   946    626
   947    626
   948    626
   949    626
   950    626
   951    626
   952    626
   953    626
   954    626
   955    626
   956    626
   957    626
   958    626
   965    626
   966    626
   967    626
   968    626
   969    626
   970    626
   971    626
   972    626
   973    626
   974    626
   975    626
   976    626
   977    626
   978    626
   979    626
   980    626
   988    626
   989    626
   990    626
   991    626
   992    626
   993    626
   994    626
   995    626
   996    626
   997    626
   998    626
   999    626
  1000    626
  1001    626
  1002    626
   871    627
   872    627
   873    627
   874    627
   875    627
   876    627
   877    627
   878    627
   879    627
   880    627
   881    627
   882    627
   941    627
   942    627
   943    627
   944    627
   945    627
   946    627
   947    627
   948    627
   949    627
   950    627
   951    627
   952    627
   953    627
   954    627
   961    627
   962    627
   963    627
   964    627
   965    627
   966    627
   967    627
   968    627
   969    627
   970    627
   971    627
   972    627
   973    627
   974    627
   975    627
   976    627
   985    627
   986    627
   987    627
   988    627
   989    627
   990    627
   991    627
   992    627
   994    627
   995    627
   996    627
   997    627
   998    627
   871    628
   872    628
   873    628
   874    628
   875    628
   876    628
   877    628
   878    628
   879    628
   880    628
   881    628
   938    628
   939    628
   940    628
   941    628
   942    628
   943    628
   944    628
   945    628
   946    628
   947    628
   948    628
   949    628
   950    628
   951    628
   958    628
   959    628
   960    628
   961    628
   962    628
   963    628
   964    628
   965    628
   966    628
   967    628
   968    628
   969    628
   970    628
   971    628
   972    628
   973    628
   982    628
   983    628
   984    628
   985    628
   986    628
   987    628
   988    628
   989    628
   990    628
   991    628
   993    628
   994    628
   995    628
   871    629
   872    629
   873    629
   874    629
   875    629
   876    629
   877    629
   878    629
   879    629
   880    629
   881    629
   928    629
   935    629
   936    629
   937    629
   938    629
   939    629
   940    629
   941    629
   942    629
   943    629
   944    629
   945    629
   946    629
   947    629
   948    629
   955    629
   956    629
   957    629
   958    629
   959    629
   960    629
   961    629
   962    629
   963    629
   964    629
   965    629
   966    629
   967    629
   968    629
   969    629
   970    629
   979    629
   980    629
   981    629
   982    629
   983    629
   984    629
   985    629
   986    629
   987    629
   988    629
   990    629
   991    629
   992    629
   871    630
   872    630
   873    630
   874    630
   875    630
   876    630
   877    630
   878    630
   879    630
   880    630
   881    630
   932    630
   933    630
   934    630
   935    630
   936    630
   937    630
   938    630
   939    630
   940    630
   941    630
   942    630
   943    630
   944    630
   945    630
   952    630
   953    630
   954    630
   955    630
   956    630
   957    630
   958    630
   959    630
   960    630
   961    630
   962    630
   963    630
   964    630
   965    630
   966    630
   967    630
   976    630
   977    630
   978    630
   979    630
   980    630
   981    630
   982    630
   983    630
   984    630
   985    630
   986    630
   987    630
   988    630
   989    630
   871    631
   872    631
   873    631
   874    631
   875    631
   876    631
   877    631
   878    631
   879    631
   880    631
   881    631
   928    631
   929    631
   930    631
   931    631
   932    631
   933    631
   934    631
   935    631
   936    631
   937    631
   938    631
   939    631
   940    631
   941    631
   942    631
   949    631
   950    631
   951    631
   952    631
   953    631
   954    631
   955    631
   956    631
   957    631
   958    631
   959    631
   960    631
   961    631
   962    631
   963    631
   964    631
   974    631
   975    631
   976    631
   978    631
   979    631
   980    631
   981    631
   982    631
   983    631
   984    631
   985    631
   986    631
   870    632
   871    632
   872    632
   873    632
   874    632
   875    632
   876    632
   877    632
   878    632
   879    632
   880    632
   881    632
   925    632
   926    632
   927    632
   928    632
   929    632
   930    632
   931    632
   932    632
   933    632
   934    632
   935    632
   936    632
   937    632
   938    632
   946    632
   947    632
   948    632
   949    632
   950    632
   951    632
   952    632
   953    632
   954    632
   955    632
   956    632
   957    632
   958    632
   959    632
   960    632
   961    632
   970    632
   971    632
   972    632
   973    632
   974    632
   975    632
   976    632
   977    632
   978    632
   979    632
   980    632
   981    632
   982    632
   983    632
   870    633
   871    633
   872    633
   873    633
   874    633
   875    633
   876    633
   877    633
   878    633
   879    633
   880    633
   881    633
   922    633
   923    633
   924    633
   925    633
   926    633
   927    633
   928    633
   929    633
   930    633
   931    633
   932    633
   933    633
   934    633
   935    633
   943    633
   944    633
   945    633
   946    633
   947    633
   948    633
   949    633
   950    633
   951    633
   952    633
   953    633
   954    633
   955    633
   956    633
   957    633
   958    633
   967    633
   968    633
   969    633
   970    633
   971    633
   972    633
   973    633
   974    633
   975    633
   976    633
   977    633
   978    633
   979    633
   980    633
   870    634
   871    634
   872    634
   873    634
   874    634
   875    634
   876    634
   877    634
   878    634
   879    634
   880    634
   881    634
   920    634
   921    634
   922    634
   923    634
   924    634
   925    634
   926    634
   927    634
   928    634
   929    634
   930    634
   931    634
   932    634
   933    634
   940    634
   941    634
   942    634
   943    634
   944    634
   945    634
   946    634
   947    634
   948    634
   949    634
   950    634
   951    634
   952    634
   953    634
   954    634
   955    634
   956    634
   966    634
   967    634
   971    634
   972    634
   973    634
   974    634
   975    634
   976    634
   977    634
   978    634
   870    635
   871    635
   872    635
   873    635
   874    635
   875    635
   876    635
   877    635
   878    635
   879    635
   880    635
   881    635
   916    635
   917    635
   918    635
   919    635
   920    635
   921    635
   922    635
   923    635
   924    635
   925    635
   926    635
   927    635
   928    635
   929    635
   930    635
   938    635
   939    635
   940    635
   941    635
   942    635
   943    635
   944    635
   945    635
   946    635
   947    635
   948    635
   949    635
   950    635
   951    635
   952    635
   953    635
   963    635
   964    635
   967    635
   968    635
   969    635
   970    635
   971    635
   972    635
   973    635
   974    635
   975    635
   870    636
   871    636
   872    636
   873    636
   874    636
   875    636
   876    636
   877    636
   878    636
   879    636
   880    636
   881    636
   914    636
   915    636
   916    636
   917    636
   918    636
   919    636
   920    636
   921    636
   922    636
   923    636
   924    636
   925    636
   926    636
   927    636
   935    636
   936    636
   937    636
   938    636
   939    636
   940    636
   941    636
   942    636
   943    636
   944    636
   945    636
   946    636
   947    636
   948    636
   949    636
   950    636
   960    636
   961    636
   965    636
   966    636
   967    636
   968    636
   969    636
   970    636
   971    636
   972    636
   973    636
   870    637
   871    637
   872    637
   873    637
   874    637
   875    637
   876    637
   877    637
   878    637
   879    637
   880    637
   881    637
   911    637
   912    637
   913    637
   914    637
   915    637
   916    637
   917    637
   918    637
   919    637
   920    637
   921    637
   922    637
   923    637
   924    637
   932    637
   933    637
   934    637
   935    637
   936    637
   937    637
   938    637
   939    637
   940    637
   941    637
   942    637
   943    637
   944    637
   945    637
   946    637
   947    637
   958    637
   959    637
   963    637
   964    637
   965    637
   966    637
   967    637
   968    637
   969    637
   970    637
   971    637
   870    638
   871    638
   872    638
   873    638
   874    638
   875    638
   876    638
   877    638
   878    638
   879    638
   880    638
   881    638
   909    638
   911    638
   912    638
   913    638
   914    638
   915    638
   916    638
   917    638
   918    638
   919    638
   920    638
   921    638
   930    638
   931    638
   932    638
   933    638
   934    638
   935    638
   936    638
   937    638
   938    638
   939    638
   940    638
   941    638
   942    638
   943    638
   944    638
   956    638
   957    638
   958    638
   959    638
   960    638
   961    638
   962    638
   963    638
   964    638
   965    638
   966    638
   967    638
   968    638
   870    639
   871    639
   872    639
   873    639
   874    639
   875    639
   876    639
   877    639
   878    639
   879    639
   880    639
   881    639
   911    639
   912    639
   913    639
   914    639
   915    639
   916    639
   917    639
   918    639
   919    639
   927    639
   928    639
   929    639
   930    639
   931    639
   932    639
   933    639
   934    639
   935    639
   936    639
   937    639
   938    639
   939    639
   940    639
   941    639
   942    639
   954    639
   958    639
   959    639
   960    639
   961    639
   962    639
   963    639
   964    639
   965    639
   966    639
   869    640
   870    640
   871    640
   872    640
   873    640
   874    640
   875    640
   876    640
   877    640
   878    640
   879    640
   880    640
   881    640
   925    640
   926    640
   927    640
   928    640
   929    640
   930    640
   931    640
   932    640
   933    640
   934    640
   935    640
   936    640
   937    640
   938    640
   939    640
   956    640
   957    640
   958    640
   959    640
   960    640
   961    640
   962    640
   963    640
   869    641
   870    641
   871    641
   872    641
   873    641
   874    641
   875    641
   876    641
   877    641
   878    641
   879    641
   880    641
   881    641
   922    641
   923    641
   924    641
   925    641
   926    641
   927    641
   928    641
   929    641
   930    641
   931    641
   932    641
   933    641
   934    641
   935    641
   936    641
   937    641
   869    642
   870    642
   871    642
   872    642
   873    642
   874    642
   875    642
   876    642
   877    642
   878    642
   879    642
   880    642
   881    642
   920    642
   921    642
   922    642
   923    642
   924    642
   925    642
   926    642
   927    642
   928    642
   929    642
   930    642
   931    642
   932    642
   933    642
   934    642
   935    642
   869    643
   870    643
   871    643
   872    643
   873    643
   874    643
   875    643
   876    643
   877    643
   878    643
   879    643
   880    643
   881    643
   918    643
   919    643
   920    643
   921    643
   922    643
   923    643
   924    643
   925    643
   926    643
   927    643
   928    643
   929    643
   930    643
   931    643
   932    643
   933    643
   839    644
   840    644
   869    644
   870    644
   871    644
   872    644
   873    644
   874    644
   875    644
   876    644
   877    644
   878    644
   879    644
   880    644
   881    644
   916    644
   917    644
   918    644
   919    644
   920    644
   921    644
   922    644
   923    644
   924    644
   925    644
   926    644
   927    644
   928    644
   929    644
   930    644
   931    644
   838    645
   839    645
   840    645
   841    645
   869    645
   870    645
   871    645
   872    645
   873    645
   874    645
   875    645
   876    645
   877    645
   878    645
   879    645
   880    645
   881    645
   914    645
   915    645
   916    645
   917    645
   918    645
   919    645
   920    645
   921    645
   922    645
   923    645
   924    645
   925    645
   926    645
   927    645
   928    645
   929    645
   837    646
   838    646
   839    646
   840    646
   841    646
   842    646
   868    646
   869    646
   870    646
   871    646
   872    646
   873    646
   874    646
   875    646
   876    646
   877    646
   878    646
   879    646
   880    646
   881    646
   911    646
   912    646
   913    646
   914    646
   915    646
   916    646
   917    646
   918    646
   919    646
   920    646
   921    646
   922    646
   923    646
   924    646
   925    646
   926    646
   927    646
   837    647
   838    647
   839    647
   840    647
   841    647
   842    647
   843    647
   844    647
   868    647
   869    647
   870    647
   871    647
   872    647
   873    647
   874    647
   875    647
   876    647
   877    647
   878    647
   879    647
   880    647
   881    647
   910    647
   911    647
   912    647
   913    647
   914    647
   915    647
   916    647
   917    647
   918    647
   919    647
   920    647
   921    647
   922    647
   923    647
   924    647
   925    647
   836    648
   837    648
   838    648
   839    648
   840    648
   841    648
   842    648
   843    648
   844    648
   845    648
   869    648
   870    648
   871    648
   872    648
   873    648
   874    648
   875    648
   876    648
   877    648
   878    648
   879    648
   880    648
   881    648
   907    648
   908    648
   909    648
   910    648
   911    648
   912    648
   913    648
   914    648
   915    648
   916    648
   917    648
   918    648
   919    648
   920    648
   921    648
   922    648
   923    648
   924    648
   835    649
   836    649
   837    649
   838    649
   839    649
   840    649
   841    649
   842    649
   843    649
   844    649
   845    649
   846    649
   868    649
   869    649
   870    649
   871    649
   872    649
   873    649
   874    649
   875    649
   876    649
   877    649
   878    649
   879    649
   880    649
   881    649
   906    649
   907    649
   908    649
   909    649
   910    649
   911    649
   912    649
   913    649
   914    649
   915    649
   916    649
   917    649
   918    649
   919    649
   920    649
   921    649
   922    649
   835    650
   836    650
   837    650
   838    650
   839    650
   840    650
   841    650
   842    650
   843    650
   844    650
   845    650
   846    650
   847    650
   848    650
   868    650
   869    650
   870    650
   871    650
   872    650
   873    650
   874    650
   875    650
   876    650
   877    650
   878    650
   879    650
   880    650
   881    650
   904    650
   905    650
   906    650
   907    650
   908    650
   909    650
   910    650
   911    650
   912    650
   913    650
   914    650
   915    650
   916    650
   917    650
   918    650
   919    650
   920    650
   834    651
   835    651
   836    651
   837    651
   838    651
   839    651
   840    651
   841    651
   842    651
   843    651
   844    651
   845    651
   846    651
   847    651
   848    651
   868    651
   869    651
   870    651
   871    651
   872    651
   873    651
   874    651
   875    651
   876    651
   877    651
   878    651
   879    651
   880    651
   881    651
   902    651
   903    651
   904    651
   905    651
   906    651
   907    651
   908    651
   909    651
   910    651
   911    651
   912    651
   913    651
   914    651
   915    651
   916    651
   917    651
   918    651
   835    652
   836    652
   837    652
   838    652
   839    652
   840    652
   841    652
   842    652
   843    652
   844    652
   845    652
   846    652
   847    652
   848    652
   849    652
   850    652
   868    652
   869    652
   870    652
   871    652
   872    652
   873    652
   874    652
   875    652
   876    652
   877    652
   878    652
   879    652
   880    652
   881    652
   900    652
   901    652
   902    652
   903    652
   904    652
   905    652
   906    652
   907    652
   908    652
   909    652
   910    652
   911    652
   912    652
   913    652
   914    652
   915    652
   916    652
   836    653
   837    653
   838    653
   839    653
   840    653
   841    653
   842    653
   843    653
   844    653
   845    653
   846    653
   847    653
   848    653
   849    653
   850    653
   851    653
   868    653
   869    653
   870    653
   871    653
   872    653
   873    653
   874    653
   875    653
   876    653
   877    653
   878    653
   879    653
   880    653
   881    653
   899    653
   900    653
   901    653
   902    653
   903    653
   904    653
   905    653
   906    653
   907    653
   908    653
   909    653
   910    653
   911    653
   912    653
   913    653
   914    653
   837    654
   838    654
   839    654
   840    654
   841    654
   842    654
   843    654
   844    654
   845    654
   846    654
   847    654
   848    654
   849    654
   850    654
   851    654
   852    654
   867    654
   868    654
   869    654
   870    654
   871    654
   872    654
   873    654
   874    654
   875    654
   876    654
   877    654
   878    654
   879    654
   880    654
   881    654
   898    654
   899    654
   900    654
   901    654
   902    654
   903    654
   904    654
   905    654
   906    654
   907    654
   908    654
   909    654
   910    654
   911    654
   912    654
   913    654
   838    655
   839    655
   840    655
   841    655
   842    655
   843    655
   844    655
   845    655
   846    655
   847    655
   848    655
   849    655
   850    655
   851    655
   852    655
   853    655
   867    655
   868    655
   869    655
   870    655
   871    655
   872    655
   873    655
   874    655
   875    655
   876    655
   877    655
   878    655
   879    655
   880    655
   881    655
   896    655
   897    655
   898    655
   899    655
   900    655
   901    655
   902    655
   903    655
   904    655
   905    655
   906    655
   907    655
   908    655
   909    655
   910    655
   911    655
   840    656
   841    656
   842    656
   843    656
   844    656
   845    656
   846    656
   847    656
   848    656
   849    656
   850    656
   851    656
   852    656
   853    656
   854    656
   867    656
   868    656
   869    656
   870    656
   871    656
   872    656
   873    656
   874    656
   875    656
   876    656
   877    656
   878    656
   879    656
   880    656
   881    656
   894    656
   895    656
   896    656
   897    656
   898    656
   899    656
   900    656
   901    656
   902    656
   903    656
   904    656
   905    656
   906    656
   907    656
   908    656
   909    656
   910    656
   840    657
   841    657
   842    657
   843    657
   844    657
   845    657
   846    657
   847    657
   848    657
   849    657
   850    657
   851    657
   852    657
   853    657
   854    657
   855    657
   867    657
   868    657
   869    657
   870    657
   871    657
   872    657
   873    657
   874    657
   875    657
   876    657
   877    657
   878    657
   879    657
   880    657
   881    657
   893    657
   894    657
   895    657
   896    657
   897    657
   898    657
   899    657
   900    657
   901    657
   902    657
   903    657
   904    657
   905    657
   906    657
   907    657
   908    657
   909    657
   841    658
   842    658
   843    658
   844    658
   845    658
   846    658
   847    658
   848    658
   849    658
   850    658
   851    658
   852    658
   853    658
   854    658
   855    658
   867    658
   868    658
   869    658
   870    658
   871    658
   872    658
   873    658
   874    658
   875    658
   876    658
   877    658
   878    658
   879    658
   880    658
   881    658
   892    658
   893    658
   894    658
   895    658
   896    658
   897    658
   898    658
   899    658
   900    658
   901    658
   902    658
   903    658
   904    658
   905    658
   906    658
   907    658
   908    658
   842    659
   843    659
   844    659
   845    659
   846    659
   847    659
   848    659
   849    659
   850    659
   851    659
   852    659
   853    659
   854    659
   855    659
   856    659
   867    659
   868    659
   869    659
   870    659
   871    659
   872    659
   873    659
   874    659
   875    659
   876    659
   877    659
   878    659
   879    659
   880    659
   881    659
   891    659
   892    659
   893    659
   894    659
   895    659
   896    659
   897    659
   898    659
   899    659
   900    659
   901    659
   902    659
   903    659
   904    659
   905    659
   906    659
   843    660
   844    660
   845    660
   846    660
   847    660
   848    660
   849    660
   850    660
   851    660
   852    660
   853    660
   854    660
   855    660
   856    660
   857    660
   866    660
   867    660
   868    660
   869    660
   870    660
   871    660
   872    660
   873    660
   874    660
   875    660
   876    660
   877    660
   878    660
   879    660
   880    660
   881    660
   890    660
   891    660
   892    660
   893    660
   894    660
   895    660
   896    660
   897    660
   898    660
   899    660
   900    660
   901    660
   902    660
   903    660
   904    660
   905    660
   844    661
   845    661
   846    661
   847    661
   848    661
   849    661
   850    661
   851    661
   852    661
   853    661
   854    661
   855    661
   856    661
   857    661
   858    661
   866    661
   867    661
   868    661
   869    661
   870    661
   871    661
   872    661
   873    661
   874    661
   875    661
   876    661
   877    661
   878    661
   879    661
   880    661
   881    661
   889    661
   890    661
   891    661
   892    661
   893    661
   894    661
   895    661
   896    661
   897    661
   898    661
   899    661
   900    661
   901    661
   902    661
   903    661
   904    661
   845    662
   846    662
   847    662
   848    662
   849    662
   850    662
   851    662
   852    662
   853    662
   854    662
   855    662
   856    662
   857    662
   858    662
   859    662
   866    662
   867    662
   868    662
   869    662
   870    662
   871    662
   872    662
   873    662
   874    662
   875    662
   876    662
   877    662
   878    662
   879    662
   880    662
   881    662
   887    662
   888    662
   889    662
   890    662
   891    662
   892    662
   893    662
   894    662
   895    662
   896    662
   897    662
   898    662
   899    662
   900    662
   901    662
   902    662
   903    662
   846    663
   847    663
   848    663
   849    663
   850    663
   851    663
   852    663
   853    663
   854    663
   855    663
   856    663
   857    663
   858    663
   859    663
   860    663
   866    663
   867    663
   868    663
   869    663
   870    663
   871    663
   872    663
   873    663
   874    663
   875    663
   876    663
   877    663
   878    663
   879    663
   880    663
   881    663
   886    663
   887    663
   888    663
   889    663
   890    663
   891    663
   892    663
   893    663
   894    663
   895    663
   896    663
   897    663
   898    663
   899    663
   900    663
   901    663
   902    663
   846    664
   847    664
   848    664
   849    664
   850    664
   851    664
   852    664
   853    664
   854    664
   855    664
   856    664
   857    664
   858    664
   859    664
   860    664
   861    664
   866    664
   867    664
   868    664
   869    664
   870    664
   871    664
   872    664
   873    664
   874    664
   875    664
   876    664
   877    664
   878    664
   879    664
   880    664
   881    664
   885    664
   886    664
   887    664
   888    664
   889    664
   890    664
   891    664
   892    664
   893    664
   894    664
   895    664
   896    664
   897    664
   898    664
   899    664
   900    664
   901    664
   847    665
   848    665
   849    665
   850    665
   851    665
   852    665
   853    665
   854    665
   855    665
   856    665
   857    665
   858    665
   859    665
   860    665
   861    665
   862    665
   866    665
   867    665
   868    665
   869    665
   870    665
   871    665
   872    665
   873    665
   874    665
   875    665
   876    665
   877    665
   878    665
   879    665
   880    665
   881    665
   884    665
   885    665
   886    665
   887    665
   888    665
   889    665
   890    665
   891    665
   892    665
   893    665
   894    665
   895    665
   896    665
   897    665
   898    665
   899    665
   900    665
   848    666
   849    666
   850    666
   851    666
   852    666
   853    666
   854    666
   855    666
   856    666
   857    666
   858    666
   859    666
   860    666
   861    666
   862    666
   863    666
   865    666
   866    666
   867    666
   868    666
   869    666
   870    666
   871    666
   872    666
   873    666
   874    666
   875    666
   876    666
   877    666
   878    666
   879    666
   880    666
   881    666
   883    666
   884    666
   885    666
   886    666
   887    666
   888    666
   889    666
   890    666
   891    666
   892    666
   893    666
   894    666
   895    666
   896    666
   897    666
   898    666
   899    666
   849    667
   850    667
   851    667
   852    667
   853    667
   854    667
   855    667
   856    667
   857    667
   858    667
   859    667
   860    667
   861    667
   862    667
   863    667
   864    667
   865    667
   866    667
   867    667
   868    667
   869    667
   870    667
   871    667
   872    667
   873    667
   874    667
   875    667
   876    667
   877    667
   878    667
   879    667
   880    667
   882    667
   883    667
   884    667
   885    667
   886    667
   887    667
   888    667
   889    667
   890    667
   891    667
   892    667
   893    667
   894    667
   895    667
   896    667
   897    667
   898    667
   850    668
   851    668
   852    668
   853    668
   854    668
   855    668
   856    668
   857    668
   858    668
   859    668
   860    668
   861    668
   862    668
   863    668
   864    668
   865    668
   866    668
   867    668
   868    668
   869    668
   870    668
   871    668
   872    668
   873    668
   874    668
   875    668
   876    668
   877    668
   878    668
   879    668
   880    668
   881    668
   882    668
   883    668
   884    668
   885    668
   886    668
   887    668
   888    668
   889    668
   890    668
   891    668
   892    668
   893    668
   894    668
   895    668
   896    668
   897    668
   850    669
   851    669
   852    669
   853    669
   854    669
   855    669
   856    669
   857    669
   858    669
   859    669
   860    669
   861    669
   862    669
   863    669
   864    669
   865    669
   866    669
   867    669
   868    669
   869    669
   870    669
   871    669
   872    669
   873    669
   874    669
   875    669
   876    669
   877    669
   878    669
   879    669
   880    669
   881    669
   882    669
   883    669
   884    669
   885    669
   886    669
   887    669
   888    669
   889    669
   890    669
   891    669
   892    669
   893    669
   894    669
   895    669
   896    669
   851    670
   852    670
   853    670
   854    670
   855    670
   856    670
   857    670
   858    670
   859    670
   860    670
   861    670
   862    670
   863    670
   864    670
   865    670
   866    670
   867    670
   868    670
   869    670
   870    670
   871    670
   872    670
   873    670
   874    670
   875    670
   876    670
   877    670
   878    670
   879    670
   880    670
   881    670
   882    670
   883    670
   884    670
   885    670
   886    670
   887    670
   888    670
   889    670
   890    670
   891    670
   892    670
   893    670
   894    670
   895    670
   852    671
   853    671
   854    671
   855    671
   856    671
   857    671
   858    671
   859    671
   860    671
   861    671
   862    671
   863    671
   864    671
   865    671
   866    671
   867    671
   868    671
   869    671
   870    671
   871    671
   872    671
   873    671
   874    671
   875    671
   876    671
   877    671
   878    671
   879    671
   880    671
   881    671
   882    671
   883    671
   884    671
   885    671
   886    671
   887    671
   888    671
   889    671
   890    671
   891    671
   892    671
   893    671
   894    671
   852    672
   853    672
   854    672
   855    672
   856    672
   857    672
   858    672
   859    672
   860    672
   861    672
   862    672
   863    672
   864    672
   865    672
   866    672
   867    672
   868    672
   869    672
   870    672
   871    672
   872    672
   873    672
   874    672
   875    672
   876    672
   877    672
   878    672
   879    672
   880    672
   881    672
   882    672
   883    672
   884    672
   885    672
   886    672
   887    672
   888    672
   889    672
   890    672
   891    672
   892    672
   893    672
   894    672
   853    673
   854    673
   855    673
   856    673
   857    673
   858    673
   859    673
   860    673
   861    673
   862    673
   863    673
   864    673
   865    673
   866    673
   867    673
   868    673
   869    673
   870    673
   871    673
   872    673
   873    673
   874    673
   875    673
   876    673
   877    673
   878    673
   879    673
   880    673
   881    673
   882    673
   883    673
   884    673
   885    673
   886    673
   887    673
   888    673
   889    673
   890    673
   891    673
   892    673
   893    673
   853    674
   854    674
   855    674
   856    674
   857    674
   858    674
   859    674
   860    674
   861    674
   862    674
   863    674
   864    674
   865    674
   866    674
   867    674
   868    674
   869    674
   870    674
   871    674
   872    674
   873    674
   874    674
   875    674
   876    674
   877    674
   878    674
   879    674
   880    674
   881    674
   882    674
   883    674
   884    674
   885    674
   886    674
   887    674
   888    674
   889    674
   890    674
   891    674
   892    674
   854    675
   855    675
   856    675
   857    675
   858    675
   859    675
   860    675
   861    675
   862    675
   863    675
   864    675
   865    675
   866    675
   867    675
   868    675
   869    675
   870    675
   871    675
   872    675
   873    675
   874    675
   875    675
   876    675
   877    675
   878    675
   879    675
   880    675
   881    675
   882    675
   883    675
   884    675
   885    675
   886    675
   887    675
   888    675
   889    675
   890    675
   891    675
   892    675
   855    676
   856    676
   857    676
   858    676
   859    676
   860    676
   861    676
   862    676
   863    676
   864    676
   865    676
   866    676
   867    676
   868    676
   869    676
   870    676
   871    676
   872    676
   873    676
   874    676
   875    676
   876    676
   877    676
   878    676
   879    676
   880    676
   881    676
   882    676
   883    676
   884    676
   885    676
   886    676
   887    676
   888    676
   889    676
   890    676
   891    676
   855    677
   856    677
   857    677
   858    677
   859    677
   860    677
   861    677
   862    677
   863    677
   864    677
   865    677
   866    677
   867    677
   868    677
   869    677
   870    677
   871    677
   872    677
   873    677
   874    677
   875    677
   876    677
   877    677
   878    677
   879    677
   880    677
   881    677
   882    677
   883    677
   884    677
   885    677
   886    677
   887    677
   888    677
   889    677
   890    677
   891    677
   855    678
   856    678
   857    678
   858    678
   859    678
   860    678
   861    678
   862    678
   863    678
   864    678
   865    678
   866    678
   867    678
   868    678
   869    678
   870    678
   871    678
   872    678
   873    678
   874    678
   875    678
   876    678
   877    678
   878    678
   879    678
   880    678
   881    678
   882    678
   883    678
   884    678
   885    678
   886    678
   887    678
   888    678
   889    678
   890    678
   855    679
   856    679
   857    679
   858    679
   859    679
   860    679
   861    679
   862    679
   863    679
   864    679
   865    679
   866    679
   867    679
   868    679
   869    679
   870    679
   871    679
   872    679
   873    679
   874    679
   875    679
   876    679
   877    679
   878    679
   879    679
   880    679
   881    679
   882    679
   883    679
   884    679
   885    679
   886    679
   887    679
   888    679
   889    679
   855    680
   856    680
   857    680
   858    680
   859    680
   860    680
   861    680
   862    680
   863    680
   864    680
   865    680
   866    680
   867    680
   868    680
   869    680
   870    680
   871    680
   872    680
   873    680
   874    680
   875    680
   876    680
   877    680
   878    680
   879    680
   880    680
   881    680
   882    680
   883    680
   884    680
   885    680
   886    680
   887    680
   888    680
   889    680
   856    681
   857    681
   858    681
   859    681
   860    681
   861    681
   862    681
   863    681
   864    681
   865    681
   866    681
   867    681
   868    681
   869    681
   870    681
   871    681
   872    681
   873    681
   874    681
   875    681
   876    681
   877    681
   878    681
   879    681
   880    681
   881    681
   882    681
   883    681
   884    681
   885    681
   886    681
   887    681
   888    681
   856    682
   857    682
   858    682
   859    682
   860    682
   861    682
   862    682
   863    682
   864    682
   865    682
   866    682
   867    682
   868    682
   869    682
   870    682
   871    682
   872    682
   873    682
   874    682
   875    682
   876    682
   877    682
   878    682
   879    682
   880    682
   881    682
   882    682
   883    682
   884    682
   885    682
   886    682
   887    682
   888    682
   857    683
   858    683
   859    683
   860    683
   861    683
   862    683
   863    683
   864    683
   865    683
   866    683
   867    683
   868    683
   869    683
   870    683
   871    683
   872    683
   873    683
   874    683
   875    683
   876    683
   877    683
   878    683
   879    683
   880    683
   881    683
   882    683
   883    683
   884    683
   885    683
   886    683
   887    683
   857    684
   858    684
   859    684
   860    684
   861    684
   862    684
   863    684
   864    684
   865    684
   866    684
   867    684
   868    684
   869    684
   870    684
   871    684
   872    684
   873    684
   874    684
   875    684
   876    684
   877    684
   878    684
   879    684
   880    684
   881    684
   882    684
   883    684
   884    684
   885    684
   886    684
   857    685
   858    685
   859    685
   860    685
   861    685
   862    685
   863    685
   864    685
   865    685
   866    685
   867    685
   868    685
   869    685
   870    685
   871    685
   872    685
   873    685
   874    685
   875    685
   876    685
   877    685
   878    685
   879    685
   880    685
   881    685
   882    685
   883    685
   884    685
   885    685
   886    685
   856    686
   857    686
   858    686
   859    686
   860    686
   861    686
   862    686
   863    686
   864    686
   865    686
   866    686
   867    686
   868    686
   869    686
   870    686
   871    686
   872    686
   873    686
   874    686
   875    686
   876    686
   877    686
   878    686
   879    686
   880    686
   881    686
   882    686
   883    686
   884    686
   885    686
   886    686
   857    687
   858    687
   859    687
   860    687
   861    687
   862    687
   863    687
   864    687
   865    687
   866    687
   867    687
   868    687
   869    687
   870    687
   871    687
   872    687
   873    687
   874    687
   875    687
   876    687
   877    687
   878    687
   879    687
   880    687
   881    687
   882    687
   883    687
   884    687
   885    687
   857    688
   858    688
   859    688
   860    688
   861    688
   862    688
   863    688
   864    688
   865    688
   866    688
   867    688
   868    688
   869    688
   870    688
   871    688
   872    688
   873    688
   874    688
   875    688
   876    688
   877    688
   878    688
   879    688
   880    688
   881    688
   882    688
   883    688
   884    688
   857    689
   858    689
   859    689
   860    689
   861    689
   862    689
   863    689
   864    689
   865    689
   866    689
   867    689
   868    689
   869    689
   870    689
   871    689
   872    689
   873    689
   874    689
   875    689
   876    689
   877    689
   878    689
   879    689
   880    689
   881    689
   882    689
   883    689
   884    689
   857    690
   858    690
   859    690
   860    690
   861    690
   862    690
   863    690
   864    690
   865    690
   866    690
   867    690
   868    690
   869    690
   870    690
   871    690
   872    690
   873    690
   874    690
   875    690
   876    690
   877    690
   878    690
   879    690
   880    690
   881    690
   882    690
   883    690
   884    690
   857    691
   858    691
   859    691
   860    691
   861    691
   862    691
   863    691
   864    691
   865    691
   866    691
   867    691
   868    691
   869    691
   870    691
   871    691
   872    691
   873    691
   874    691
   875    691
   876    691
   877    691
   878    691
   879    691
   880    691
   881    691
   882    691
   883    691
   858    692
   859    692
   860    692
   861    692
   862    692
   863    692
   864    692
   865    692
   866    692
   867    692
   868    692
   869    692
   870    692
   871    692
   872    692
   873    692
   874    692
   875    692
   876    692
   877    692
   878    692
   879    692
   880    692
   881    692
   882    692
   883    692
   884    692
   858    693
   859    693
   860    693
   861    693
   862    693
   863    693
   864    693
   865    693
   866    693
   867    693
   868    693
   869    693
   870    693
   871    693
   872    693
   873    693
   874    693
   875    693
   876    693
   877    693
   878    693
   879    693
   880    693
   881    693
   882    693
   883    693
   858    694
   859    694
   860    694
   861    694
   862    694
   863    694
   864    694
   865    694
   866    694
   867    694
   868    694
   869    694
   870    694
   871    694
   872    694
   873    694
   874    694
   875    694
   876    694
   877    694
   878    694
   879    694
   880    694
   881    694
   882    694
   883    694
   858    695
   859    695
   860    695
   861    695
   862    695
   863    695
   864    695
   865    695
   866    695
   867    695
   868    695
   869    695
   870    695
   871    695
   872    695
   873    695
   874    695
   875    695
   876    695
   877    695
   878    695
   879    695
   880    695
   881    695
   882    695
   858    696
   859    696
   860    696
   861    696
   862    696
   863    696
   864    696
   865    696
   866    696
   867    696
   868    696
   869    696
   870    696
   871    696
   872    696
   873    696
   874    696
   875    696
   876    696
   877    696
   878    696
   879    696
   880    696
   881    696
   882    696
   858    697
   859    697
   860    697
   861    697
   862    697
   863    697
   864    697
   865    697
   866    697
   867    697
   868    697
   869    697
   870    697
   871    697
   872    697
   873    697
   874    697
   875    697
   876    697
   877    697
   878    697
   879    697
   880    697
   881    697
   882    697
   858    698
   859    698
   860    698
   861    698
   862    698
   863    698
   864    698
   865    698
   866    698
   867    698
   868    698
   869    698
   870    698
   871    698
   872    698
   873    698
   874    698
   875    698
   876    698
   877    698
   878    698
   879    698
   880    698
   881    698
   858    699
   859    699
   860    699
   861    699
   862    699
   863    699
   864    699
   865    699
   866    699
   867    699
   868    699
   869    699
   870    699
   871    699
   872    699
   873    699
   874    699
   875    699
   876    699
   877    699
   878    699
   879    699
   880    699
   881    699
   858    700
   859    700
   860    700
   861    700
   862    700
   863    700
   864    700
   865    700
   866    700
   867    700
   868    700
   869    700
   870    700
   871    700
   872    700
   873    700
   874    700
   875    700
   876    700
   877    700
   878    700
   879    700
   880    700
   881    700
   858    701
   859    701
   860    701
   861    701
   862    701
   863    701
   864    701
   865    701
   866    701
   867    701
   868    701
   869    701
   870    701
   871    701
   872    701
   873    701
   874    701
   875    701
   876    701
   877    701
   878    701
   879    701
   880    701
   881    701
   858    702
   859    702
   860    702
   861    702
   862    702
   863    702
   864    702
   865    702
   866    702
   867    702
   868    702
   869    702
   870    702
   871    702
   872    702
   873    702
   874    702
   875    702
   876    702
   877    702
   878    702
   879    702
   880    702
   858    703
   859    703
   860    703
   861    703
   862    703
   863    703
   864    703
   865    703
   866    703
   867    703
   868    703
   869    703
   870    703
   871    703
   872    703
   873    703
   874    703
   875    703
   876    703
   877    703
   878    703
   879    703
   880    703
   857    704
   858    704
   859    704
   860    704
   861    704
   862    704
   863    704
   864    704
   865    704
   866    704
   867    704
   868    704
   869    704
   870    704
   871    704
   872    704
   873    704
   874    704
   875    704
   876    704
   877    704
   878    704
   879    704
   880    704
   857    705
   858    705
   859    705
   860    705
   861    705
   862    705
   863    705
   864    705
   865    705
   866    705
   867    705
   868    705
   869    705
   870    705
   871    705
   872    705
   873    705
   874    705
   875    705
   876    705
   877    705
   878    705
   879    705
   880    705
   858    706
   859    706
   860    706
   861    706
   862    706
   863    706
   864    706
   865    706
   866    706
   867    706
   868    706
   869    706
   870    706
   871    706
   872    706
   873    706
   874    706
   875    706
   876    706
   877    706
   878    706
   879    706
   880    706
   858    707
   859    707
   860    707
   861    707
   862    707
   863    707
   864    707
   865    707
   866    707
   867    707
   868    707
   869    707
   870    707
   871    707
   872    707
   873    707
   874    707
   875    707
   876    707
   877    707
   878    707
   879    707
   859    708
   860    708
   861    708
   862    708
   863    708
   864    708
   865    708
   866    708
   867    708
   868    708
   869    708
   870    708
   871    708
   872    708
   873    708
   874    708
   875    708
   876    708
   877    708
   878    708
   879    708
   880    708
   859    709
   860    709
   861    709
   862    709
   863    709
   864    709
   865    709
   866    709
   867    709
   868    709
   869    709
   870    709
   871    709
   872    709
   873    709
   874    709
   875    709
   876    709
   877    709
   878    709
   879    709
   859    710
   860    710
   861    710
   862    710
   863    710
   864    710
   865    710
   866    710
   867    710
   868    710
   869    710
   870    710
   871    710
   872    710
   873    710
   874    710
   875    710
   876    710
   877    710
   878    710
   879    710
   860    711
   861    711
   862    711
   863    711
   864    711
   865    711
   866    711
   867    711
   868    711
   869    711
   870    711
   871    711
   872    711
   873    711
   874    711
   875    711
   876    711
   877    711
   878    711
   879    711
   859    712
   860    712
   861    712
   862    712
   863    712
   864    712
   865    712
   866    712
   867    712
   868    712
   869    712
   870    712
   871    712
   872    712
   873    712
   874    712
   875    712
   876    712
   877    712
   878    712
   879    712
   859    713
   860    713
   861    713
   862    713
   863    713
   864    713
   865    713
   866    713
   867    713
   868    713
   869    713
   870    713
   871    713
   872    713
   873    713
   874    713
   875    713
   876    713
   877    713
   878    713
   879    713
   859    714
   860    714
   861    714
   862    714
   863    714
   864    714
   865    714
   866    714
   867    714
   868    714
   869    714
   870    714
   871    714
   872    714
   873    714
   874    714
   875    714
   876    714
   877    714
   878    714
   879    714
   859    715
   860    715
   861    715
   862    715
   863    715
   864    715
   865    715
   866    715
   867    715
   868    715
   869    715
   870    715
   871    715
   872    715
   873    715
   874    715
   875    715
   876    715
   877    715
   878    715
   879    715
   859    716
   860    716
   861    716
   862    716
   863    716
   864    716
   865    716
   866    716
   867    716
   868    716
   869    716
   870    716
   871    716
   872    716
   873    716
   874    716
   875    716
   876    716
   877    716
   878    716
   879    716
   859    717
   860    717
   861    717
   862    717
   863    717
   864    717
   865    717
   866    717
   867    717
   868    717
   869    717
   870    717
   871    717
   872    717
   873    717
   874    717
   875    717
   876    717
   877    717
   878    717
   879    717
   859    718
   860    718
   861    718
   862    718
   863    718
   864    718
   865    718
   866    718
   867    718
   868    718
   869    718
   870    718
   871    718
   872    718
   873    718
   874    718
   875    718
   876    718
   877    718
   878    718
   879    718
   859    719
   860    719
   861    719
   862    719
   863    719
   864    719
   865    719
   866    719
   867    719
   868    719
   869    719
   870    719
   871    719
   872    719
   873    719
   874    719
   875    719
   876    719
   877    719
   878    719
   879    719
   859    720
   860    720
   861    720
   862    720
   863    720
   864    720
   865    720
   866    720
   867    720
   868    720
   869    720
   870    720
   871    720
   872    720
   873    720
   874    720
   875    720
   876    720
   877    720
   878    720
   879    720
   859    721
   860    721
   861    721
   862    721
   863    721
   864    721
   865    721
   866    721
   867    721
   868    721
   869    721
   870    721
   871    721
   872    721
   873    721
   874    721
   875    721
   876    721
   877    721
   878    721
   879    721
   859    722
   860    722
   861    722
   862    722
   863    722
   864    722
   865    722
   866    722
   867    722
   868    722
   869    722
   870    722
   871    722
   872    722
   873    722
   874    722
   875    722
   876    722
   877    722
   878    722
   879    722
   859    723
   860    723
   861    723
   862    723
   863    723
   864    723
   865    723
   866    723
   867    723
   868    723
   869    723
   870    723
   871    723
   872    723
   873    723
   874    723
   875    723
   876    723
   877    723
   878    723
   879    723
   858    724
   859    724
   860    724
   861    724
   862    724
   863    724
   864    724
   865    724
   866    724
   867    724
   868    724
   869    724
   870    724
   871    724
   872    724
   873    724
   874    724
   875    724
   876    724
   877    724
   878    724
   879    724
   858    725
   859    725
   860    725
   861    725
   862    725
   863    725
   864    725
   865    725
   866    725
   867    725
   868    725
   869    725
   870    725
   871    725
   872    725
   873    725
   874    725
   875    725
   876    725
   877    725
   878    725
   879    725
   858    726
   859    726
   860    726
   861    726
   862    726
   863    726
   864    726
   865    726
   866    726
   867    726
   868    726
   869    726
   870    726
   871    726
   872    726
   873    726
   874    726
   875    726
   876    726
   877    726
   878    726
   879    726
   858    727
   859    727
   860    727
   861    727
   862    727
   863    727
   864    727
   865    727
   866    727
   867    727
   868    727
   869    727
   870    727
   871    727
   872    727
   873    727
   874    727
   875    727
   876    727
   877    727
   878    727
   879    727
   858    728
   859    728
   860    728
   861    728
   862    728
   863    728
   864    728
   865    728
   866    728
   867    728
   868    728
   869    728
   870    728
   871    728
   872    728
   873    728
   874    728
   875    728
   876    728
   877    728
   878    728
   879    728
   858    729
   859    729
   860    729
   861    729
   862    729
   863    729
   864    729
   865    729
   866    729
   867    729
   868    729
   869    729
   870    729
   871    729
   872    729
   873    729
   874    729
   875    729
   876    729
   877    729
   878    729
   858    730
   859    730
   860    730
   861    730
   862    730
   863    730
   864    730
   865    730
   866    730
   867    730
   868    730
   869    730
   870    730
   871    730
   872    730
   873    730
   874    730
   875    730
   876    730
   877    730
   878    730
   879    730
   858    731
   859    731
   860    731
   861    731
   862    731
   863    731
   864    731
   865    731
   866    731
   867    731
   868    731
   869    731
   870    731
   871    731
   872    731
   873    731
   874    731
   875    731
   876    731
   877    731
   878    731
   879    731
   859    732
   860    732
   861    732
   862    732
   863    732
   864    732
   865    732
   866    732
   867    732
   868    732
   869    732
   870    732
   871    732
   872    732
   873    732
   874    732
   875    732
   876    732
   877    732
   878    732
   879    732
   861    733
   862    733
   863    733
   864    733
   865    733
   866    733
   867    733
   868    733
   869    733
   870    733
   871    733
   872    733
   873    733
   874    733
   875    733
   876    733
   877    733
   878    733
   867    734
   868    734
   869    734
   873    734
   874    734
   875    734
   876    734
   877    734
