   938    598
   939    598
   940    598
   941    598
   942    598
   943    598
   944    598
   945    598
   938    599
   939    599
   940    599
   941    599
   942    599
   943    599
   944    599
   945    599
   938    600
   939    600
   940    600
   941    600
   942    600
   943    600
   944    600
   945    600
   938    601
   939    601
   940    601
   941    601
   942    601
   943    601
   944    601
   945    601
   938    602
   939    602
   940    602
   941    602
   942    602
   943    602
   944    602
   945    602
   938    603
   939    603
   940    603
   941    603
   942    603
   943    603
   944    603
   945    603
   938    604
   939    604
   940    604
   941    604
   942    604
   943    604
   944    604
   945    604
   938    605
   939    605
   940    605
   941    605
   942    605
   943    605
   944    605
   938    606
   939    606
   940    606
   941    606
   942    606
   943    606
   944    606
   938    607
   939    607
   940    607
   941    607
   942    607
   943    607
   944    607
   938    608
   939    608
   940    608
   941    608
   942    608
   943    608
   938    609
   939    609
   940    609
   941    609
   942    609
   937    610
   938    610
   939    610
   940    610
   941    610
   942    610
   937    611
   938    611
   939    611
   940    611
   941    611
   942    611
   937    612
   938    612
   939    612
   940    612
   941    612
   937    613
   938    613
   939    613
   940    613
   937    614
   938    614
   939    614
   940    614
   937    615
   938    615
   939    615
   940    615
   937    616
   938    616
   939    616
   937    617
   938    617
   937    618
