  1717    779
  1718    779
  1719    779
  1720    779
  1721    779
  1722    779
  1723    779
  1724    779
  1725    779
  1726    779
  1727    779
  1728    779
  1729    779
  1730    779
  1731    779
  1732    779
  1733    779
  1713    780
  1714    780
  1715    780
  1716    780
  1717    780
  1718    780
  1719    780
  1720    780
  1721    780
  1722    780
  1723    780
  1724    780
  1725    780
  1726    780
  1727    780
  1728    780
  1729    780
  1730    780
  1710    781
  1711    781
  1712    781
  1713    781
  1714    781
  1715    781
  1716    781
  1717    781
  1718    781
  1719    781
  1720    781
  1721    781
  1722    781
  1723    781
  1724    781
  1725    781
  1726    781
  1727    781
  1728    781
  1707    782
  1708    782
  1709    782
  1710    782
  1711    782
  1712    782
  1713    782
  1714    782
  1715    782
  1716    782
  1717    782
  1718    782
  1719    782
  1720    782
  1721    782
  1722    782
  1723    782
  1724    782
  1725    782
  1703    783
  1704    783
  1705    783
  1706    783
  1707    783
  1708    783
  1709    783
  1710    783
  1711    783
  1712    783
  1713    783
  1714    783
  1715    783
  1716    783
  1717    783
  1718    783
  1719    783
  1720    783
  1721    783
  1722    783
  1723    783
  1700    784
  1701    784
  1702    784
  1703    784
  1704    784
  1705    784
  1706    784
  1707    784
  1708    784
  1709    784
  1710    784
  1711    784
  1712    784
  1713    784
  1714    784
  1715    784
  1716    784
  1717    784
  1718    784
  1719    784
  1720    784
  1697    785
  1698    785
  1699    785
  1700    785
  1701    785
  1702    785
  1703    785
  1704    785
  1705    785
  1706    785
  1707    785
  1708    785
  1709    785
  1710    785
  1711    785
  1712    785
  1713    785
  1714    785
  1715    785
  1716    785
  1717    785
  1693    786
  1694    786
  1695    786
  1696    786
  1697    786
  1698    786
  1699    786
  1700    786
  1701    786
  1702    786
  1703    786
  1704    786
  1705    786
  1706    786
  1707    786
  1708    786
  1709    786
  1710    786
  1711    786
  1712    786
  1713    786
  1714    786
  1689    787
  1690    787
  1691    787
  1692    787
  1693    787
  1694    787
  1695    787
  1696    787
  1697    787
  1698    787
  1699    787
  1700    787
  1701    787
  1702    787
  1703    787
  1704    787
  1705    787
  1706    787
  1707    787
  1708    787
  1709    787
  1710    787
  1711    787
  1682    788
  1683    788
  1684    788
  1685    788
  1686    788
  1687    788
  1688    788
  1689    788
  1690    788
  1691    788
  1692    788
  1693    788
  1694    788
  1695    788
  1696    788
  1697    788
  1698    788
  1699    788
  1700    788
  1701    788
  1702    788
  1703    788
  1704    788
  1705    788
  1706    788
  1707    788
  1708    788
  1709    788
  1679    789
  1680    789
  1681    789
  1682    789
  1683    789
  1684    789
  1685    789
  1686    789
  1687    789
  1688    789
  1689    789
  1690    789
  1691    789
  1692    789
  1693    789
  1694    789
  1695    789
  1696    789
  1697    789
  1698    789
  1699    789
  1700    789
  1701    789
  1702    789
  1703    789
  1704    789
  1705    789
  1676    790
  1677    790
  1678    790
  1679    790
  1680    790
  1681    790
  1682    790
  1683    790
  1684    790
  1685    790
  1686    790
  1687    790
  1688    790
  1689    790
  1690    790
  1691    790
  1692    790
  1693    790
  1694    790
  1695    790
  1696    790
  1697    790
  1698    790
  1699    790
  1700    790
  1701    790
  1702    790
  1703    790
  1674    791
  1675    791
  1676    791
  1677    791
  1678    791
  1679    791
  1680    791
  1681    791
  1682    791
  1683    791
  1684    791
  1685    791
  1686    791
  1687    791
  1688    791
  1689    791
  1690    791
  1691    791
  1692    791
  1693    791
  1694    791
  1695    791
  1696    791
  1697    791
  1698    791
  1699    791
  1671    792
  1672    792
  1673    792
  1674    792
  1675    792
  1676    792
  1677    792
  1678    792
  1679    792
  1680    792
  1681    792
  1682    792
  1683    792
  1684    792
  1685    792
  1686    792
  1687    792
  1688    792
  1689    792
  1690    792
  1691    792
  1692    792
  1693    792
  1694    792
  1695    792
  1696    792
  1668    793
  1669    793
  1670    793
  1671    793
  1672    793
  1673    793
  1674    793
  1675    793
  1676    793
  1677    793
  1678    793
  1679    793
  1680    793
  1681    793
  1682    793
  1683    793
  1684    793
  1685    793
  1686    793
  1687    793
  1688    793
  1689    793
  1690    793
  1691    793
  1692    793
  1693    793
  1664    794
  1665    794
  1666    794
  1667    794
  1668    794
  1669    794
  1670    794
  1671    794
  1672    794
  1673    794
  1674    794
  1675    794
  1676    794
  1677    794
  1678    794
  1679    794
  1680    794
  1681    794
  1682    794
  1683    794
  1684    794
  1685    794
  1686    794
  1687    794
  1688    794
  1689    794
  1660    795
  1661    795
  1662    795
  1663    795
  1664    795
  1665    795
  1666    795
  1667    795
  1668    795
  1669    795
  1670    795
  1671    795
  1672    795
  1673    795
  1674    795
  1675    795
  1676    795
  1677    795
  1678    795
  1679    795
  1680    795
  1681    795
  1682    795
  1683    795
  1684    795
  1685    795
  1686    795
  1687    795
  1657    796
  1658    796
  1659    796
  1660    796
  1661    796
  1662    796
  1663    796
  1664    796
  1665    796
  1666    796
  1667    796
  1668    796
  1669    796
  1670    796
  1671    796
  1672    796
  1673    796
  1674    796
  1675    796
  1676    796
  1677    796
  1678    796
  1679    796
  1680    796
  1681    796
  1682    796
  1683    796
  1653    797
  1654    797
  1655    797
  1656    797
  1657    797
  1658    797
  1659    797
  1660    797
  1661    797
  1662    797
  1663    797
  1664    797
  1665    797
  1666    797
  1667    797
  1668    797
  1669    797
  1670    797
  1671    797
  1672    797
  1673    797
  1674    797
  1675    797
  1676    797
  1677    797
  1678    797
  1679    797
  1680    797
  1649    798
  1650    798
  1651    798
  1652    798
  1653    798
  1654    798
  1655    798
  1656    798
  1657    798
  1658    798
  1659    798
  1660    798
  1661    798
  1662    798
  1663    798
  1664    798
  1665    798
  1666    798
  1667    798
  1668    798
  1669    798
  1670    798
  1671    798
  1672    798
  1673    798
  1674    798
  1675    798
  1676    798
  1677    798
  1678    798
  1645    799
  1646    799
  1647    799
  1648    799
  1649    799
  1650    799
  1651    799
  1652    799
  1653    799
  1654    799
  1655    799
  1656    799
  1657    799
  1658    799
  1659    799
  1660    799
  1661    799
  1662    799
  1663    799
  1664    799
  1665    799
  1666    799
  1667    799
  1668    799
  1669    799
  1670    799
  1671    799
  1672    799
  1673    799
  1674    799
  1642    800
  1643    800
  1644    800
  1645    800
  1646    800
  1647    800
  1648    800
  1649    800
  1650    800
  1651    800
  1652    800
  1653    800
  1654    800
  1655    800
  1656    800
  1657    800
  1658    800
  1659    800
  1660    800
  1661    800
  1662    800
  1663    800
  1664    800
  1665    800
  1666    800
  1667    800
  1668    800
  1669    800
  1670    800
  1671    800
  1638    801
  1639    801
  1640    801
  1641    801
  1642    801
  1643    801
  1644    801
  1645    801
  1646    801
  1647    801
  1648    801
  1649    801
  1650    801
  1651    801
  1652    801
  1653    801
  1654    801
  1655    801
  1656    801
  1657    801
  1658    801
  1659    801
  1660    801
  1661    801
  1662    801
  1663    801
  1664    801
  1665    801
  1666    801
  1667    801
  1668    801
  1634    802
  1635    802
  1636    802
  1637    802
  1638    802
  1639    802
  1640    802
  1641    802
  1642    802
  1643    802
  1644    802
  1645    802
  1646    802
  1647    802
  1648    802
  1649    802
  1650    802
  1651    802
  1652    802
  1653    802
  1654    802
  1655    802
  1656    802
  1657    802
  1658    802
  1659    802
  1660    802
  1661    802
  1662    802
  1663    802
  1664    802
  1665    802
  1631    803
  1632    803
  1633    803
  1634    803
  1635    803
  1636    803
  1637    803
  1638    803
  1639    803
  1640    803
  1641    803
  1642    803
  1643    803
  1644    803
  1645    803
  1646    803
  1647    803
  1648    803
  1649    803
  1650    803
  1651    803
  1652    803
  1653    803
  1654    803
  1655    803
  1656    803
  1657    803
  1658    803
  1659    803
  1660    803
  1661    803
  1662    803
  1627    804
  1628    804
  1629    804
  1630    804
  1631    804
  1632    804
  1633    804
  1634    804
  1635    804
  1636    804
  1637    804
  1638    804
  1639    804
  1640    804
  1641    804
  1642    804
  1643    804
  1644    804
  1645    804
  1646    804
  1647    804
  1648    804
  1649    804
  1650    804
  1651    804
  1652    804
  1653    804
  1654    804
  1655    804
  1656    804
  1657    804
  1658    804
  1659    804
  1623    805
  1624    805
  1625    805
  1626    805
  1627    805
  1628    805
  1629    805
  1630    805
  1631    805
  1632    805
  1633    805
  1634    805
  1635    805
  1636    805
  1637    805
  1638    805
  1639    805
  1640    805
  1641    805
  1642    805
  1643    805
  1644    805
  1645    805
  1646    805
  1647    805
  1648    805
  1649    805
  1650    805
  1651    805
  1652    805
  1653    805
  1654    805
  1655    805
  1656    805
  1619    806
  1620    806
  1621    806
  1622    806
  1623    806
  1624    806
  1625    806
  1626    806
  1627    806
  1628    806
  1629    806
  1630    806
  1631    806
  1632    806
  1633    806
  1634    806
  1635    806
  1636    806
  1637    806
  1638    806
  1639    806
  1640    806
  1641    806
  1642    806
  1643    806
  1644    806
  1645    806
  1646    806
  1647    806
  1648    806
  1649    806
  1650    806
  1651    806
  1652    806
  1653    806
  1654    806
  1616    807
  1617    807
  1618    807
  1619    807
  1620    807
  1621    807
  1622    807
  1623    807
  1624    807
  1625    807
  1626    807
  1627    807
  1628    807
  1629    807
  1630    807
  1631    807
  1632    807
  1633    807
  1634    807
  1635    807
  1636    807
  1637    807
  1638    807
  1639    807
  1640    807
  1641    807
  1642    807
  1643    807
  1644    807
  1645    807
  1646    807
  1647    807
  1648    807
  1649    807
  1650    807
  1651    807
  1612    808
  1613    808
  1614    808
  1615    808
  1616    808
  1617    808
  1618    808
  1619    808
  1620    808
  1621    808
  1622    808
  1623    808
  1624    808
  1625    808
  1626    808
  1627    808
  1628    808
  1629    808
  1630    808
  1631    808
  1632    808
  1633    808
  1634    808
  1635    808
  1636    808
  1637    808
  1638    808
  1639    808
  1640    808
  1641    808
  1642    808
  1643    808
  1644    808
  1645    808
  1646    808
  1647    808
  1648    808
  1649    808
  1608    809
  1609    809
  1610    809
  1611    809
  1612    809
  1613    809
  1614    809
  1615    809
  1616    809
  1617    809
  1618    809
  1619    809
  1620    809
  1621    809
  1622    809
  1623    809
  1624    809
  1625    809
  1626    809
  1629    809
  1630    809
  1631    809
  1632    809
  1633    809
  1634    809
  1635    809
  1636    809
  1637    809
  1638    809
  1639    809
  1640    809
  1641    809
  1642    809
  1643    809
  1644    809
  1645    809
  1646    809
  1604    810
  1605    810
  1606    810
  1607    810
  1608    810
  1609    810
  1610    810
  1611    810
  1612    810
  1613    810
  1614    810
  1615    810
  1616    810
  1617    810
  1618    810
  1619    810
  1620    810
  1621    810
  1622    810
  1623    810
  1627    810
  1628    810
  1629    810
  1630    810
  1631    810
  1632    810
  1633    810
  1634    810
  1635    810
  1636    810
  1637    810
  1638    810
  1639    810
  1640    810
  1641    810
  1642    810
  1643    810
  1601    811
  1602    811
  1603    811
  1604    811
  1605    811
  1606    811
  1607    811
  1608    811
  1609    811
  1610    811
  1611    811
  1612    811
  1613    811
  1614    811
  1615    811
  1616    811
  1617    811
  1618    811
  1619    811
  1620    811
  1625    811
  1626    811
  1627    811
  1628    811
  1629    811
  1630    811
  1631    811
  1632    811
  1633    811
  1634    811
  1635    811
  1636    811
  1637    811
  1638    811
  1639    811
  1640    811
  1641    811
  1597    812
  1598    812
  1599    812
  1600    812
  1601    812
  1602    812
  1603    812
  1604    812
  1605    812
  1606    812
  1607    812
  1608    812
  1609    812
  1610    812
  1611    812
  1612    812
  1613    812
  1614    812
  1615    812
  1622    812
  1623    812
  1624    812
  1625    812
  1626    812
  1627    812
  1628    812
  1629    812
  1630    812
  1631    812
  1632    812
  1633    812
  1634    812
  1635    812
  1636    812
  1637    812
  1638    812
  1593    813
  1594    813
  1595    813
  1596    813
  1597    813
  1598    813
  1599    813
  1600    813
  1601    813
  1602    813
  1603    813
  1604    813
  1605    813
  1606    813
  1607    813
  1608    813
  1609    813
  1610    813
  1611    813
  1612    813
  1613    813
  1620    813
  1621    813
  1622    813
  1623    813
  1624    813
  1625    813
  1626    813
  1627    813
  1628    813
  1629    813
  1630    813
  1631    813
  1632    813
  1633    813
  1634    813
  1635    813
  1636    813
  1589    814
  1590    814
  1591    814
  1592    814
  1593    814
  1594    814
  1595    814
  1596    814
  1597    814
  1598    814
  1599    814
  1600    814
  1601    814
  1602    814
  1603    814
  1604    814
  1605    814
  1606    814
  1607    814
  1608    814
  1617    814
  1618    814
  1619    814
  1620    814
  1621    814
  1622    814
  1623    814
  1624    814
  1625    814
  1626    814
  1627    814
  1628    814
  1629    814
  1630    814
  1631    814
  1632    814
  1633    814
  1585    815
  1586    815
  1587    815
  1588    815
  1589    815
  1590    815
  1591    815
  1592    815
  1593    815
  1594    815
  1595    815
  1596    815
  1597    815
  1598    815
  1599    815
  1600    815
  1601    815
  1602    815
  1603    815
  1604    815
  1614    815
  1615    815
  1616    815
  1617    815
  1618    815
  1619    815
  1620    815
  1621    815
  1622    815
  1623    815
  1624    815
  1625    815
  1626    815
  1627    815
  1628    815
  1629    815
  1630    815
  1631    815
  1582    816
  1583    816
  1584    816
  1585    816
  1586    816
  1587    816
  1588    816
  1589    816
  1590    816
  1591    816
  1592    816
  1593    816
  1594    816
  1595    816
  1596    816
  1597    816
  1598    816
  1599    816
  1600    816
  1612    816
  1613    816
  1614    816
  1615    816
  1616    816
  1617    816
  1618    816
  1619    816
  1620    816
  1621    816
  1622    816
  1623    816
  1624    816
  1625    816
  1626    816
  1627    816
  1628    816
  1629    816
  1576    817
  1577    817
  1578    817
  1579    817
  1580    817
  1581    817
  1582    817
  1583    817
  1584    817
  1585    817
  1586    817
  1587    817
  1588    817
  1589    817
  1590    817
  1591    817
  1592    817
  1593    817
  1594    817
  1595    817
  1596    817
  1609    817
  1610    817
  1611    817
  1612    817
  1613    817
  1614    817
  1615    817
  1616    817
  1617    817
  1618    817
  1619    817
  1620    817
  1621    817
  1622    817
  1623    817
  1624    817
  1625    817
  1626    817
  1627    817
  1573    818
  1574    818
  1575    818
  1576    818
  1577    818
  1578    818
  1579    818
  1580    818
  1581    818
  1582    818
  1583    818
  1584    818
  1585    818
  1586    818
  1587    818
  1588    818
  1589    818
  1590    818
  1591    818
  1592    818
  1593    818
  1609    818
  1610    818
  1611    818
  1612    818
  1613    818
  1614    818
  1615    818
  1616    818
  1617    818
  1618    818
  1619    818
  1620    818
  1621    818
  1622    818
  1623    818
  1624    818
  1625    818
  1569    819
  1570    819
  1571    819
  1572    819
  1573    819
  1574    819
  1575    819
  1576    819
  1577    819
  1578    819
  1579    819
  1580    819
  1581    819
  1582    819
  1583    819
  1584    819
  1585    819
  1586    819
  1587    819
  1588    819
  1589    819
  1606    819
  1607    819
  1608    819
  1609    819
  1610    819
  1611    819
  1612    819
  1613    819
  1614    819
  1615    819
  1616    819
  1617    819
  1618    819
  1619    819
  1620    819
  1621    819
  1622    819
  1623    819
  1564    820
  1565    820
  1566    820
  1567    820
  1568    820
  1569    820
  1570    820
  1571    820
  1572    820
  1573    820
  1574    820
  1575    820
  1576    820
  1577    820
  1578    820
  1579    820
  1580    820
  1581    820
  1582    820
  1583    820
  1584    820
  1585    820
  1605    820
  1606    820
  1607    820
  1608    820
  1609    820
  1610    820
  1611    820
  1612    820
  1613    820
  1614    820
  1615    820
  1616    820
  1617    820
  1618    820
  1619    820
  1620    820
  1621    820
  1622    820
  1560    821
  1561    821
  1562    821
  1563    821
  1564    821
  1565    821
  1566    821
  1567    821
  1568    821
  1569    821
  1570    821
  1571    821
  1572    821
  1573    821
  1574    821
  1575    821
  1576    821
  1577    821
  1578    821
  1579    821
  1580    821
  1581    821
  1603    821
  1604    821
  1605    821
  1606    821
  1607    821
  1608    821
  1609    821
  1610    821
  1611    821
  1612    821
  1613    821
  1614    821
  1615    821
  1616    821
  1617    821
  1618    821
  1619    821
  1556    822
  1557    822
  1558    822
  1559    822
  1560    822
  1561    822
  1562    822
  1563    822
  1564    822
  1565    822
  1566    822
  1567    822
  1568    822
  1569    822
  1570    822
  1571    822
  1572    822
  1573    822
  1574    822
  1575    822
  1576    822
  1577    822
  1600    822
  1601    822
  1602    822
  1603    822
  1604    822
  1605    822
  1606    822
  1607    822
  1608    822
  1609    822
  1610    822
  1611    822
  1612    822
  1613    822
  1614    822
  1615    822
  1616    822
  1617    822
  1552    823
  1553    823
  1554    823
  1555    823
  1556    823
  1557    823
  1558    823
  1559    823
  1560    823
  1561    823
  1562    823
  1563    823
  1564    823
  1565    823
  1566    823
  1567    823
  1568    823
  1569    823
  1570    823
  1571    823
  1572    823
  1573    823
  1599    823
  1600    823
  1601    823
  1602    823
  1603    823
  1604    823
  1605    823
  1606    823
  1607    823
  1608    823
  1609    823
  1610    823
  1611    823
  1612    823
  1613    823
  1614    823
  1615    823
  1546    824
  1547    824
  1548    824
  1549    824
  1550    824
  1551    824
  1552    824
  1553    824
  1554    824
  1555    824
  1556    824
  1557    824
  1558    824
  1559    824
  1560    824
  1561    824
  1562    824
  1563    824
  1564    824
  1565    824
  1566    824
  1567    824
  1568    824
  1569    824
  1597    824
  1598    824
  1599    824
  1600    824
  1601    824
  1602    824
  1603    824
  1604    824
  1605    824
  1606    824
  1607    824
  1608    824
  1609    824
  1610    824
  1611    824
  1612    824
  1613    824
  1542    825
  1543    825
  1544    825
  1545    825
  1546    825
  1547    825
  1548    825
  1549    825
  1550    825
  1551    825
  1552    825
  1553    825
  1554    825
  1555    825
  1556    825
  1557    825
  1558    825
  1559    825
  1560    825
  1561    825
  1562    825
  1563    825
  1564    825
  1595    825
  1596    825
  1597    825
  1598    825
  1599    825
  1600    825
  1601    825
  1602    825
  1603    825
  1604    825
  1605    825
  1606    825
  1607    825
  1608    825
  1609    825
  1610    825
  1611    825
  1539    826
  1540    826
  1541    826
  1542    826
  1543    826
  1544    826
  1545    826
  1546    826
  1547    826
  1548    826
  1549    826
  1550    826
  1551    826
  1552    826
  1553    826
  1554    826
  1555    826
  1556    826
  1557    826
  1558    826
  1559    826
  1560    826
  1593    826
  1594    826
  1595    826
  1596    826
  1597    826
  1598    826
  1599    826
  1600    826
  1601    826
  1602    826
  1603    826
  1604    826
  1605    826
  1606    826
  1607    826
  1608    826
  1609    826
  1610    826
  1535    827
  1536    827
  1537    827
  1538    827
  1539    827
  1540    827
  1541    827
  1542    827
  1543    827
  1544    827
  1545    827
  1546    827
  1547    827
  1548    827
  1549    827
  1550    827
  1551    827
  1552    827
  1553    827
  1554    827
  1555    827
  1556    827
  1590    827
  1591    827
  1592    827
  1593    827
  1594    827
  1595    827
  1596    827
  1597    827
  1598    827
  1599    827
  1600    827
  1601    827
  1602    827
  1603    827
  1604    827
  1605    827
  1606    827
  1607    827
  1530    828
  1531    828
  1532    828
  1533    828
  1534    828
  1535    828
  1536    828
  1537    828
  1538    828
  1539    828
  1540    828
  1541    828
  1542    828
  1543    828
  1544    828
  1545    828
  1546    828
  1547    828
  1548    828
  1549    828
  1550    828
  1551    828
  1552    828
  1588    828
  1589    828
  1590    828
  1591    828
  1592    828
  1593    828
  1594    828
  1595    828
  1596    828
  1597    828
  1598    828
  1599    828
  1600    828
  1601    828
  1602    828
  1603    828
  1604    828
  1605    828
  1606    828
  1527    829
  1528    829
  1529    829
  1530    829
  1531    829
  1532    829
  1533    829
  1534    829
  1535    829
  1536    829
  1537    829
  1538    829
  1539    829
  1540    829
  1541    829
  1542    829
  1543    829
  1544    829
  1545    829
  1546    829
  1547    829
  1548    829
  1549    829
  1586    829
  1587    829
  1588    829
  1589    829
  1590    829
  1591    829
  1592    829
  1593    829
  1594    829
  1595    829
  1596    829
  1597    829
  1598    829
  1599    829
  1600    829
  1601    829
  1602    829
  1603    829
  1522    830
  1523    830
  1524    830
  1525    830
  1526    830
  1527    830
  1528    830
  1529    830
  1530    830
  1531    830
  1532    830
  1533    830
  1534    830
  1535    830
  1536    830
  1537    830
  1538    830
  1539    830
  1540    830
  1541    830
  1542    830
  1543    830
  1544    830
  1584    830
  1585    830
  1586    830
  1587    830
  1588    830
  1589    830
  1590    830
  1591    830
  1592    830
  1593    830
  1594    830
  1595    830
  1596    830
  1597    830
  1598    830
  1599    830
  1600    830
  1601    830
  1602    830
  1517    831
  1518    831
  1519    831
  1520    831
  1521    831
  1522    831
  1523    831
  1524    831
  1525    831
  1526    831
  1527    831
  1528    831
  1529    831
  1530    831
  1531    831
  1532    831
  1533    831
  1534    831
  1535    831
  1536    831
  1537    831
  1538    831
  1539    831
  1540    831
  1541    831
  1581    831
  1582    831
  1583    831
  1584    831
  1585    831
  1586    831
  1587    831
  1588    831
  1589    831
  1590    831
  1591    831
  1592    831
  1593    831
  1594    831
  1595    831
  1596    831
  1597    831
  1598    831
  1599    831
  1600    831
  1513    832
  1514    832
  1515    832
  1516    832
  1517    832
  1518    832
  1519    832
  1520    832
  1521    832
  1522    832
  1523    832
  1524    832
  1525    832
  1526    832
  1527    832
  1528    832
  1529    832
  1530    832
  1531    832
  1532    832
  1533    832
  1534    832
  1535    832
  1536    832
  1580    832
  1581    832
  1582    832
  1583    832
  1584    832
  1585    832
  1586    832
  1587    832
  1588    832
  1589    832
  1590    832
  1591    832
  1592    832
  1593    832
  1594    832
  1595    832
  1596    832
  1597    832
  1508    833
  1509    833
  1510    833
  1511    833
  1512    833
  1513    833
  1514    833
  1515    833
  1516    833
  1517    833
  1518    833
  1519    833
  1520    833
  1521    833
  1522    833
  1523    833
  1524    833
  1525    833
  1526    833
  1527    833
  1528    833
  1529    833
  1530    833
  1531    833
  1532    833
  1577    833
  1578    833
  1579    833
  1580    833
  1581    833
  1582    833
  1583    833
  1584    833
  1585    833
  1586    833
  1587    833
  1588    833
  1589    833
  1590    833
  1591    833
  1592    833
  1593    833
  1594    833
  1595    833
  1596    833
  1504    834
  1505    834
  1506    834
  1507    834
  1508    834
  1509    834
  1510    834
  1511    834
  1512    834
  1513    834
  1514    834
  1515    834
  1516    834
  1517    834
  1518    834
  1519    834
  1520    834
  1521    834
  1522    834
  1523    834
  1524    834
  1525    834
  1526    834
  1527    834
  1575    834
  1576    834
  1577    834
  1578    834
  1579    834
  1580    834
  1581    834
  1582    834
  1583    834
  1584    834
  1585    834
  1586    834
  1587    834
  1588    834
  1589    834
  1590    834
  1591    834
  1592    834
  1593    834
  1594    834
  1501    835
  1502    835
  1503    835
  1504    835
  1505    835
  1506    835
  1507    835
  1508    835
  1509    835
  1510    835
  1511    835
  1512    835
  1513    835
  1514    835
  1515    835
  1516    835
  1517    835
  1518    835
  1519    835
  1520    835
  1521    835
  1522    835
  1523    835
  1524    835
  1572    835
  1573    835
  1574    835
  1575    835
  1576    835
  1577    835
  1578    835
  1579    835
  1580    835
  1581    835
  1582    835
  1583    835
  1584    835
  1585    835
  1586    835
  1587    835
  1588    835
  1589    835
  1590    835
  1591    835
  1496    836
  1497    836
  1498    836
  1499    836
  1500    836
  1501    836
  1502    836
  1503    836
  1504    836
  1505    836
  1506    836
  1507    836
  1508    836
  1509    836
  1510    836
  1511    836
  1512    836
  1513    836
  1514    836
  1515    836
  1516    836
  1517    836
  1518    836
  1519    836
  1570    836
  1571    836
  1572    836
  1573    836
  1574    836
  1575    836
  1576    836
  1577    836
  1578    836
  1579    836
  1580    836
  1581    836
  1582    836
  1583    836
  1584    836
  1585    836
  1586    836
  1587    836
  1588    836
  1589    836
  1492    837
  1493    837
  1494    837
  1495    837
  1496    837
  1497    837
  1498    837
  1499    837
  1500    837
  1501    837
  1502    837
  1503    837
  1504    837
  1505    837
  1506    837
  1507    837
  1508    837
  1509    837
  1510    837
  1511    837
  1512    837
  1513    837
  1514    837
  1515    837
  1516    837
  1568    837
  1569    837
  1570    837
  1571    837
  1572    837
  1573    837
  1574    837
  1575    837
  1576    837
  1577    837
  1578    837
  1579    837
  1580    837
  1581    837
  1582    837
  1583    837
  1584    837
  1585    837
  1586    837
  1587    837
  1588    837
  1488    838
  1489    838
  1490    838
  1491    838
  1492    838
  1493    838
  1494    838
  1495    838
  1496    838
  1497    838
  1498    838
  1499    838
  1500    838
  1501    838
  1502    838
  1503    838
  1504    838
  1505    838
  1506    838
  1507    838
  1508    838
  1509    838
  1510    838
  1511    838
  1567    838
  1568    838
  1569    838
  1570    838
  1571    838
  1572    838
  1573    838
  1574    838
  1575    838
  1576    838
  1577    838
  1578    838
  1579    838
  1580    838
  1581    838
  1582    838
  1583    838
  1584    838
  1585    838
  1484    839
  1485    839
  1486    839
  1487    839
  1488    839
  1489    839
  1490    839
  1491    839
  1492    839
  1493    839
  1494    839
  1495    839
  1496    839
  1497    839
  1498    839
  1499    839
  1500    839
  1501    839
  1502    839
  1503    839
  1504    839
  1505    839
  1506    839
  1507    839
  1508    839
  1509    839
  1565    839
  1566    839
  1567    839
  1568    839
  1569    839
  1570    839
  1571    839
  1572    839
  1573    839
  1574    839
  1575    839
  1576    839
  1577    839
  1578    839
  1579    839
  1580    839
  1581    839
  1582    839
  1583    839
  1479    840
  1480    840
  1481    840
  1482    840
  1483    840
  1484    840
  1485    840
  1486    840
  1487    840
  1488    840
  1489    840
  1490    840
  1491    840
  1492    840
  1493    840
  1494    840
  1495    840
  1496    840
  1497    840
  1498    840
  1499    840
  1500    840
  1501    840
  1502    840
  1503    840
  1563    840
  1564    840
  1565    840
  1566    840
  1567    840
  1568    840
  1569    840
  1570    840
  1571    840
  1572    840
  1573    840
  1574    840
  1575    840
  1576    840
  1577    840
  1578    840
  1579    840
  1580    840
  1581    840
  1582    840
  1475    841
  1476    841
  1477    841
  1478    841
  1479    841
  1480    841
  1481    841
  1482    841
  1483    841
  1484    841
  1485    841
  1486    841
  1487    841
  1488    841
  1489    841
  1490    841
  1491    841
  1492    841
  1493    841
  1494    841
  1495    841
  1496    841
  1497    841
  1498    841
  1499    841
  1561    841
  1562    841
  1563    841
  1564    841
  1565    841
  1566    841
  1567    841
  1568    841
  1569    841
  1570    841
  1571    841
  1572    841
  1573    841
  1574    841
  1575    841
  1576    841
  1577    841
  1578    841
  1579    841
  1580    841
  1471    842
  1472    842
  1473    842
  1474    842
  1475    842
  1476    842
  1477    842
  1478    842
  1479    842
  1480    842
  1481    842
  1482    842
  1483    842
  1484    842
  1485    842
  1486    842
  1487    842
  1488    842
  1489    842
  1490    842
  1491    842
  1492    842
  1493    842
  1494    842
  1495    842
  1496    842
  1559    842
  1560    842
  1561    842
  1562    842
  1563    842
  1564    842
  1565    842
  1566    842
  1567    842
  1568    842
  1569    842
  1570    842
  1571    842
  1572    842
  1573    842
  1574    842
  1575    842
  1576    842
  1577    842
  1578    842
  1465    843
  1466    843
  1467    843
  1468    843
  1469    843
  1470    843
  1471    843
  1472    843
  1473    843
  1474    843
  1475    843
  1476    843
  1477    843
  1478    843
  1479    843
  1480    843
  1481    843
  1482    843
  1483    843
  1484    843
  1485    843
  1486    843
  1487    843
  1488    843
  1489    843
  1490    843
  1491    843
  1556    843
  1557    843
  1558    843
  1559    843
  1560    843
  1561    843
  1562    843
  1563    843
  1564    843
  1565    843
  1566    843
  1567    843
  1568    843
  1569    843
  1570    843
  1571    843
  1572    843
  1573    843
  1574    843
  1575    843
  1576    843
  1462    844
  1463    844
  1464    844
  1465    844
  1466    844
  1467    844
  1468    844
  1469    844
  1470    844
  1471    844
  1472    844
  1473    844
  1474    844
  1475    844
  1476    844
  1477    844
  1478    844
  1479    844
  1480    844
  1481    844
  1482    844
  1483    844
  1484    844
  1485    844
  1486    844
  1487    844
  1554    844
  1555    844
  1556    844
  1557    844
  1558    844
  1559    844
  1560    844
  1561    844
  1562    844
  1563    844
  1564    844
  1565    844
  1566    844
  1567    844
  1568    844
  1569    844
  1570    844
  1571    844
  1572    844
  1573    844
  1574    844
  1458    845
  1459    845
  1460    845
  1461    845
  1462    845
  1463    845
  1464    845
  1465    845
  1466    845
  1467    845
  1468    845
  1469    845
  1470    845
  1471    845
  1472    845
  1473    845
  1474    845
  1475    845
  1476    845
  1477    845
  1478    845
  1479    845
  1480    845
  1481    845
  1482    845
  1552    845
  1553    845
  1554    845
  1555    845
  1556    845
  1557    845
  1558    845
  1559    845
  1560    845
  1561    845
  1562    845
  1563    845
  1564    845
  1565    845
  1566    845
  1567    845
  1568    845
  1569    845
  1570    845
  1571    845
  1572    845
  1454    846
  1455    846
  1456    846
  1457    846
  1458    846
  1459    846
  1460    846
  1461    846
  1462    846
  1463    846
  1464    846
  1465    846
  1466    846
  1467    846
  1468    846
  1469    846
  1470    846
  1471    846
  1472    846
  1473    846
  1474    846
  1475    846
  1476    846
  1477    846
  1478    846
  1551    846
  1552    846
  1553    846
  1554    846
  1555    846
  1556    846
  1557    846
  1558    846
  1559    846
  1560    846
  1561    846
  1562    846
  1563    846
  1564    846
  1565    846
  1566    846
  1567    846
  1568    846
  1569    846
  1570    846
  1449    847
  1450    847
  1451    847
  1452    847
  1453    847
  1454    847
  1455    847
  1456    847
  1457    847
  1458    847
  1459    847
  1460    847
  1461    847
  1462    847
  1463    847
  1464    847
  1465    847
  1466    847
  1467    847
  1468    847
  1469    847
  1470    847
  1471    847
  1472    847
  1473    847
  1474    847
  1475    847
  1549    847
  1550    847
  1551    847
  1552    847
  1553    847
  1554    847
  1555    847
  1556    847
  1557    847
  1558    847
  1559    847
  1560    847
  1561    847
  1562    847
  1563    847
  1564    847
  1565    847
  1566    847
  1567    847
  1568    847
  1569    847
  1445    848
  1446    848
  1447    848
  1448    848
  1449    848
  1450    848
  1451    848
  1452    848
  1453    848
  1454    848
  1455    848
  1456    848
  1457    848
  1458    848
  1459    848
  1460    848
  1461    848
  1462    848
  1463    848
  1464    848
  1465    848
  1466    848
  1467    848
  1468    848
  1469    848
  1547    848
  1548    848
  1549    848
  1550    848
  1551    848
  1552    848
  1553    848
  1554    848
  1555    848
  1556    848
  1557    848
  1558    848
  1559    848
  1560    848
  1561    848
  1562    848
  1563    848
  1564    848
  1565    848
  1566    848
  1567    848
  1440    849
  1441    849
  1442    849
  1443    849
  1444    849
  1445    849
  1446    849
  1447    849
  1448    849
  1451    849
  1452    849
  1453    849
  1454    849
  1455    849
  1456    849
  1460    849
  1461    849
  1462    849
  1545    849
  1546    849
  1547    849
  1548    849
  1549    849
  1550    849
  1551    849
  1552    849
  1553    849
  1554    849
  1555    849
  1556    849
  1557    849
  1558    849
  1559    849
  1560    849
  1561    849
  1562    849
  1563    849
  1564    849
  1565    849
  1437    850
  1438    850
  1439    850
  1440    850
  1441    850
  1442    850
  1443    850
  1444    850
  1456    850
  1457    850
  1458    850
  1459    850
  1460    850
  1461    850
  1543    850
  1544    850
  1545    850
  1546    850
  1547    850
  1548    850
  1549    850
  1550    850
  1551    850
  1552    850
  1553    850
  1554    850
  1555    850
  1556    850
  1557    850
  1558    850
  1559    850
  1560    850
  1561    850
  1562    850
  1563    850
  1542    851
  1543    851
  1544    851
  1545    851
  1546    851
  1547    851
  1548    851
  1549    851
  1550    851
  1551    851
  1552    851
  1553    851
  1554    851
  1555    851
  1556    851
  1557    851
  1558    851
  1559    851
  1560    851
  1561    851
  1540    852
  1541    852
  1542    852
  1543    852
  1544    852
  1545    852
  1546    852
  1547    852
  1548    852
  1549    852
  1550    852
  1551    852
  1552    852
  1553    852
  1554    852
  1555    852
  1556    852
  1557    852
  1558    852
  1559    852
  1560    852
  1538    853
  1539    853
  1540    853
  1541    853
  1545    853
  1546    853
  1547    853
  1548    853
  1549    853
  1550    853
  1551    853
  1552    853
  1553    853
  1554    853
  1555    853
  1556    853
  1557    853
  1537    854
  1538    854
  1539    854
  1549    854
  1550    854
  1551    854
  1552    854
  1553    854
  1554    854
  1555    854
  1556    854
  1536    855
  1550    855
  1551    855
  1552    855
  1553    855
  1554    855
  1551    856
  1552    856
  1553    856
