  1713    783
  1714    783
  1715    783
  1716    783
  1717    783
  1718    783
  1719    783
  1720    783
  1721    783
  1722    783
  1723    783
  1724    783
  1725    783
  1726    783
  1727    783
  1728    783
  1729    783
  1730    783
  1731    783
  1732    783
  1710    784
  1711    784
  1712    784
  1713    784
  1714    784
  1715    784
  1716    784
  1717    784
  1718    784
  1719    784
  1720    784
  1721    784
  1722    784
  1723    784
  1725    784
  1726    784
  1727    784
  1728    784
  1729    784
  1707    785
  1708    785
  1709    785
  1710    785
  1711    785
  1712    785
  1713    785
  1714    785
  1715    785
  1716    785
  1717    785
  1718    785
  1719    785
  1720    785
  1721    785
  1722    785
  1724    785
  1725    785
  1726    785
  1703    786
  1704    786
  1705    786
  1706    786
  1707    786
  1708    786
  1709    786
  1710    786
  1711    786
  1712    786
  1713    786
  1714    786
  1715    786
  1716    786
  1717    786
  1718    786
  1719    786
  1720    786
  1721    786
  1722    786
  1723    786
  1700    787
  1701    787
  1702    787
  1703    787
  1704    787
  1705    787
  1706    787
  1707    787
  1708    787
  1709    787
  1710    787
  1711    787
  1712    787
  1713    787
  1714    787
  1715    787
  1716    787
  1717    787
  1718    787
  1719    787
  1720    787
  1696    788
  1697    788
  1698    788
  1699    788
  1700    788
  1701    788
  1702    788
  1703    788
  1704    788
  1705    788
  1706    788
  1707    788
  1708    788
  1709    788
  1710    788
  1711    788
  1712    788
  1713    788
  1714    788
  1715    788
  1716    788
  1717    788
  1694    789
  1695    789
  1696    789
  1697    789
  1698    789
  1699    789
  1700    789
  1701    789
  1702    789
  1703    789
  1704    789
  1705    789
  1706    789
  1707    789
  1708    789
  1709    789
  1710    789
  1711    789
  1712    789
  1713    789
  1714    789
  1715    789
  1686    790
  1687    790
  1688    790
  1689    790
  1690    790
  1691    790
  1692    790
  1693    790
  1694    790
  1695    790
  1696    790
  1697    790
  1698    790
  1699    790
  1700    790
  1701    790
  1702    790
  1703    790
  1704    790
  1705    790
  1706    790
  1707    790
  1708    790
  1709    790
  1710    790
  1711    790
  1712    790
  1683    791
  1684    791
  1685    791
  1686    791
  1687    791
  1688    791
  1689    791
  1690    791
  1691    791
  1692    791
  1693    791
  1694    791
  1695    791
  1696    791
  1697    791
  1698    791
  1699    791
  1700    791
  1701    791
  1702    791
  1703    791
  1704    791
  1705    791
  1706    791
  1707    791
  1708    791
  1709    791
  1681    792
  1682    792
  1683    792
  1684    792
  1685    792
  1686    792
  1687    792
  1688    792
  1689    792
  1690    792
  1691    792
  1692    792
  1693    792
  1694    792
  1695    792
  1696    792
  1697    792
  1698    792
  1699    792
  1700    792
  1701    792
  1702    792
  1703    792
  1704    792
  1705    792
  1706    792
  1679    793
  1680    793
  1681    793
  1682    793
  1683    793
  1684    793
  1685    793
  1686    793
  1687    793
  1688    793
  1689    793
  1690    793
  1691    793
  1692    793
  1693    793
  1694    793
  1695    793
  1696    793
  1697    793
  1698    793
  1699    793
  1700    793
  1701    793
  1702    793
  1703    793
  1675    794
  1676    794
  1677    794
  1678    794
  1679    794
  1680    794
  1681    794
  1682    794
  1683    794
  1684    794
  1685    794
  1686    794
  1687    794
  1688    794
  1689    794
  1690    794
  1691    794
  1692    794
  1693    794
  1694    794
  1695    794
  1696    794
  1697    794
  1698    794
  1699    794
  1672    795
  1673    795
  1674    795
  1675    795
  1676    795
  1677    795
  1678    795
  1679    795
  1680    795
  1681    795
  1682    795
  1683    795
  1684    795
  1685    795
  1686    795
  1687    795
  1688    795
  1689    795
  1690    795
  1691    795
  1692    795
  1693    795
  1694    795
  1695    795
  1696    795
  1669    796
  1670    796
  1671    796
  1672    796
  1673    796
  1674    796
  1675    796
  1676    796
  1677    796
  1678    796
  1679    796
  1680    796
  1681    796
  1682    796
  1683    796
  1684    796
  1685    796
  1686    796
  1687    796
  1688    796
  1689    796
  1690    796
  1691    796
  1692    796
  1693    796
  1665    797
  1666    797
  1667    797
  1668    797
  1669    797
  1670    797
  1671    797
  1672    797
  1673    797
  1674    797
  1675    797
  1676    797
  1677    797
  1678    797
  1679    797
  1680    797
  1681    797
  1682    797
  1683    797
  1684    797
  1685    797
  1686    797
  1687    797
  1688    797
  1689    797
  1690    797
  1661    798
  1662    798
  1663    798
  1664    798
  1665    798
  1666    798
  1667    798
  1668    798
  1669    798
  1670    798
  1671    798
  1672    798
  1673    798
  1674    798
  1675    798
  1676    798
  1677    798
  1678    798
  1679    798
  1680    798
  1681    798
  1682    798
  1683    798
  1684    798
  1685    798
  1686    798
  1687    798
  1658    799
  1659    799
  1660    799
  1661    799
  1662    799
  1663    799
  1664    799
  1665    799
  1666    799
  1667    799
  1668    799
  1669    799
  1670    799
  1671    799
  1672    799
  1673    799
  1674    799
  1675    799
  1676    799
  1677    799
  1678    799
  1679    799
  1680    799
  1681    799
  1682    799
  1683    799
  1684    799
  1685    799
  1654    800
  1655    800
  1656    800
  1657    800
  1658    800
  1659    800
  1660    800
  1661    800
  1662    800
  1663    800
  1664    800
  1665    800
  1666    800
  1667    800
  1668    800
  1669    800
  1670    800
  1671    800
  1672    800
  1673    800
  1674    800
  1675    800
  1676    800
  1677    800
  1678    800
  1679    800
  1680    800
  1650    801
  1651    801
  1652    801
  1653    801
  1654    801
  1655    801
  1656    801
  1657    801
  1658    801
  1659    801
  1660    801
  1661    801
  1662    801
  1663    801
  1664    801
  1665    801
  1666    801
  1667    801
  1668    801
  1669    801
  1670    801
  1671    801
  1672    801
  1673    801
  1674    801
  1675    801
  1676    801
  1677    801
  1646    802
  1647    802
  1648    802
  1649    802
  1650    802
  1651    802
  1652    802
  1653    802
  1654    802
  1655    802
  1656    802
  1657    802
  1658    802
  1659    802
  1660    802
  1661    802
  1662    802
  1663    802
  1664    802
  1665    802
  1666    802
  1667    802
  1668    802
  1669    802
  1670    802
  1671    802
  1672    802
  1673    802
  1674    802
  1675    802
  1643    803
  1644    803
  1645    803
  1646    803
  1647    803
  1648    803
  1649    803
  1650    803
  1651    803
  1652    803
  1653    803
  1654    803
  1655    803
  1656    803
  1657    803
  1658    803
  1659    803
  1660    803
  1661    803
  1662    803
  1663    803
  1664    803
  1665    803
  1666    803
  1667    803
  1668    803
  1669    803
  1670    803
  1671    803
  1672    803
  1673    803
  1639    804
  1640    804
  1641    804
  1642    804
  1643    804
  1644    804
  1645    804
  1646    804
  1647    804
  1648    804
  1649    804
  1650    804
  1651    804
  1652    804
  1653    804
  1654    804
  1655    804
  1656    804
  1657    804
  1658    804
  1659    804
  1660    804
  1661    804
  1662    804
  1663    804
  1664    804
  1665    804
  1666    804
  1667    804
  1668    804
  1669    804
  1670    804
  1635    805
  1636    805
  1637    805
  1638    805
  1639    805
  1640    805
  1641    805
  1642    805
  1643    805
  1644    805
  1645    805
  1646    805
  1647    805
  1648    805
  1649    805
  1650    805
  1651    805
  1652    805
  1653    805
  1654    805
  1655    805
  1656    805
  1657    805
  1658    805
  1659    805
  1660    805
  1661    805
  1662    805
  1663    805
  1664    805
  1665    805
  1666    805
  1667    805
  1632    806
  1633    806
  1634    806
  1635    806
  1636    806
  1637    806
  1638    806
  1639    806
  1640    806
  1641    806
  1642    806
  1643    806
  1644    806
  1645    806
  1646    806
  1647    806
  1648    806
  1649    806
  1650    806
  1651    806
  1652    806
  1653    806
  1654    806
  1655    806
  1656    806
  1657    806
  1658    806
  1659    806
  1660    806
  1661    806
  1662    806
  1663    806
  1664    806
  1628    807
  1629    807
  1630    807
  1631    807
  1632    807
  1633    807
  1634    807
  1635    807
  1636    807
  1637    807
  1638    807
  1639    807
  1640    807
  1641    807
  1642    807
  1643    807
  1644    807
  1645    807
  1646    807
  1647    807
  1648    807
  1649    807
  1650    807
  1651    807
  1652    807
  1653    807
  1654    807
  1655    807
  1656    807
  1657    807
  1658    807
  1659    807
  1660    807
  1661    807
  1662    807
  1624    808
  1625    808
  1626    808
  1627    808
  1628    808
  1629    808
  1630    808
  1631    808
  1632    808
  1633    808
  1634    808
  1635    808
  1636    808
  1637    808
  1638    808
  1639    808
  1640    808
  1641    808
  1642    808
  1643    808
  1644    808
  1645    808
  1646    808
  1647    808
  1648    808
  1649    808
  1650    808
  1651    808
  1652    808
  1653    808
  1654    808
  1655    808
  1656    808
  1657    808
  1658    808
  1659    808
  1620    809
  1621    809
  1622    809
  1623    809
  1624    809
  1625    809
  1626    809
  1627    809
  1628    809
  1629    809
  1630    809
  1631    809
  1632    809
  1633    809
  1634    809
  1635    809
  1636    809
  1637    809
  1638    809
  1639    809
  1640    809
  1641    809
  1642    809
  1643    809
  1644    809
  1645    809
  1646    809
  1647    809
  1648    809
  1649    809
  1650    809
  1651    809
  1652    809
  1653    809
  1654    809
  1655    809
  1656    809
  1657    809
  1617    810
  1618    810
  1619    810
  1620    810
  1621    810
  1622    810
  1623    810
  1624    810
  1625    810
  1626    810
  1627    810
  1628    810
  1629    810
  1630    810
  1631    810
  1632    810
  1633    810
  1634    810
  1635    810
  1638    810
  1639    810
  1640    810
  1641    810
  1642    810
  1643    810
  1644    810
  1645    810
  1646    810
  1647    810
  1648    810
  1649    810
  1650    810
  1651    810
  1652    810
  1653    810
  1654    810
  1613    811
  1614    811
  1615    811
  1616    811
  1617    811
  1618    811
  1619    811
  1620    811
  1621    811
  1622    811
  1623    811
  1624    811
  1625    811
  1626    811
  1627    811
  1628    811
  1629    811
  1630    811
  1631    811
  1632    811
  1636    811
  1637    811
  1638    811
  1639    811
  1640    811
  1641    811
  1642    811
  1643    811
  1644    811
  1645    811
  1646    811
  1647    811
  1648    811
  1649    811
  1650    811
  1651    811
  1652    811
  1609    812
  1610    812
  1611    812
  1612    812
  1613    812
  1614    812
  1615    812
  1616    812
  1617    812
  1618    812
  1619    812
  1620    812
  1621    812
  1622    812
  1623    812
  1624    812
  1625    812
  1626    812
  1627    812
  1628    812
  1634    812
  1635    812
  1636    812
  1637    812
  1638    812
  1639    812
  1640    812
  1641    812
  1642    812
  1643    812
  1644    812
  1645    812
  1646    812
  1647    812
  1648    812
  1649    812
  1606    813
  1607    813
  1608    813
  1609    813
  1610    813
  1611    813
  1612    813
  1613    813
  1614    813
  1615    813
  1616    813
  1617    813
  1618    813
  1619    813
  1620    813
  1621    813
  1622    813
  1623    813
  1624    813
  1625    813
  1631    813
  1632    813
  1633    813
  1634    813
  1635    813
  1636    813
  1637    813
  1638    813
  1639    813
  1640    813
  1641    813
  1642    813
  1644    813
  1645    813
  1646    813
  1647    813
  1603    814
  1604    814
  1605    814
  1606    814
  1607    814
  1608    814
  1609    814
  1610    814
  1611    814
  1612    814
  1613    814
  1614    814
  1615    814
  1616    814
  1617    814
  1618    814
  1619    814
  1620    814
  1621    814
  1629    814
  1630    814
  1631    814
  1632    814
  1633    814
  1634    814
  1635    814
  1636    814
  1637    814
  1638    814
  1639    814
  1640    814
  1641    814
  1642    814
  1643    814
  1644    814
  1645    814
  1598    815
  1599    815
  1600    815
  1601    815
  1602    815
  1603    815
  1604    815
  1605    815
  1606    815
  1607    815
  1608    815
  1609    815
  1610    815
  1611    815
  1612    815
  1613    815
  1614    815
  1615    815
  1616    815
  1617    815
  1626    815
  1627    815
  1628    815
  1629    815
  1630    815
  1631    815
  1632    815
  1633    815
  1634    815
  1635    815
  1636    815
  1637    815
  1638    815
  1639    815
  1640    815
  1641    815
  1642    815
  1595    816
  1596    816
  1597    816
  1598    816
  1599    816
  1600    816
  1601    816
  1602    816
  1603    816
  1604    816
  1605    816
  1606    816
  1607    816
  1608    816
  1609    816
  1610    816
  1611    816
  1612    816
  1613    816
  1623    816
  1624    816
  1625    816
  1626    816
  1627    816
  1628    816
  1629    816
  1630    816
  1631    816
  1632    816
  1633    816
  1634    816
  1635    816
  1636    816
  1637    816
  1638    816
  1639    816
  1591    817
  1592    817
  1593    817
  1594    817
  1595    817
  1596    817
  1597    817
  1598    817
  1599    817
  1600    817
  1601    817
  1602    817
  1604    817
  1605    817
  1606    817
  1607    817
  1608    817
  1609    817
  1610    817
  1621    817
  1622    817
  1623    817
  1624    817
  1625    817
  1626    817
  1627    817
  1628    817
  1629    817
  1630    817
  1631    817
  1632    817
  1633    817
  1634    817
  1635    817
  1636    817
  1637    817
  1587    818
  1588    818
  1589    818
  1590    818
  1591    818
  1592    818
  1593    818
  1594    818
  1595    818
  1596    818
  1597    818
  1598    818
  1599    818
  1600    818
  1601    818
  1602    818
  1603    818
  1604    818
  1605    818
  1606    818
  1619    818
  1620    818
  1621    818
  1622    818
  1623    818
  1624    818
  1625    818
  1626    818
  1627    818
  1628    818
  1629    818
  1630    818
  1631    818
  1632    818
  1633    818
  1634    818
  1635    818
  1583    819
  1584    819
  1585    819
  1586    819
  1587    819
  1588    819
  1589    819
  1590    819
  1591    819
  1592    819
  1593    819
  1594    819
  1595    819
  1596    819
  1597    819
  1598    819
  1599    819
  1600    819
  1601    819
  1602    819
  1617    819
  1618    819
  1619    819
  1620    819
  1621    819
  1622    819
  1623    819
  1624    819
  1625    819
  1626    819
  1627    819
  1628    819
  1629    819
  1630    819
  1631    819
  1632    819
  1633    819
  1634    819
  1579    820
  1580    820
  1581    820
  1582    820
  1583    820
  1584    820
  1585    820
  1586    820
  1587    820
  1588    820
  1589    820
  1590    820
  1591    820
  1592    820
  1593    820
  1594    820
  1595    820
  1596    820
  1597    820
  1598    820
  1616    820
  1617    820
  1618    820
  1619    820
  1620    820
  1621    820
  1622    820
  1623    820
  1624    820
  1625    820
  1626    820
  1627    820
  1628    820
  1629    820
  1630    820
  1631    820
  1575    821
  1576    821
  1577    821
  1578    821
  1579    821
  1580    821
  1581    821
  1582    821
  1583    821
  1584    821
  1585    821
  1586    821
  1587    821
  1588    821
  1589    821
  1590    821
  1591    821
  1592    821
  1593    821
  1594    821
  1595    821
  1614    821
  1615    821
  1616    821
  1617    821
  1618    821
  1619    821
  1620    821
  1621    821
  1622    821
  1623    821
  1624    821
  1625    821
  1626    821
  1627    821
  1628    821
  1629    821
  1571    822
  1572    822
  1573    822
  1574    822
  1575    822
  1576    822
  1577    822
  1578    822
  1579    822
  1580    822
  1581    822
  1582    822
  1583    822
  1584    822
  1585    822
  1586    822
  1587    822
  1588    822
  1589    822
  1590    822
  1591    822
  1612    822
  1613    822
  1614    822
  1615    822
  1616    822
  1617    822
  1618    822
  1619    822
  1620    822
  1621    822
  1622    822
  1623    822
  1624    822
  1625    822
  1626    822
  1627    822
  1628    822
  1567    823
  1568    823
  1569    823
  1570    823
  1571    823
  1572    823
  1573    823
  1574    823
  1575    823
  1576    823
  1577    823
  1578    823
  1579    823
  1580    823
  1581    823
  1582    823
  1583    823
  1584    823
  1585    823
  1586    823
  1610    823
  1611    823
  1612    823
  1613    823
  1614    823
  1615    823
  1616    823
  1617    823
  1618    823
  1619    823
  1620    823
  1621    823
  1622    823
  1623    823
  1624    823
  1625    823
  1626    823
  1627    823
  1562    824
  1563    824
  1564    824
  1565    824
  1566    824
  1567    824
  1568    824
  1569    824
  1570    824
  1571    824
  1572    824
  1573    824
  1574    824
  1575    824
  1576    824
  1577    824
  1578    824
  1579    824
  1580    824
  1581    824
  1582    824
  1583    824
  1607    824
  1608    824
  1609    824
  1610    824
  1611    824
  1612    824
  1613    824
  1614    824
  1615    824
  1616    824
  1617    824
  1618    824
  1619    824
  1620    824
  1621    824
  1622    824
  1623    824
  1624    824
  1558    825
  1559    825
  1560    825
  1561    825
  1562    825
  1563    825
  1564    825
  1565    825
  1566    825
  1567    825
  1568    825
  1569    825
  1570    825
  1571    825
  1572    825
  1573    825
  1574    825
  1575    825
  1576    825
  1577    825
  1578    825
  1579    825
  1606    825
  1607    825
  1608    825
  1609    825
  1610    825
  1611    825
  1612    825
  1613    825
  1614    825
  1615    825
  1616    825
  1617    825
  1618    825
  1619    825
  1620    825
  1621    825
  1622    825
  1554    826
  1555    826
  1556    826
  1557    826
  1558    826
  1559    826
  1560    826
  1561    826
  1562    826
  1563    826
  1564    826
  1565    826
  1566    826
  1567    826
  1568    826
  1569    826
  1570    826
  1571    826
  1572    826
  1573    826
  1574    826
  1575    826
  1604    826
  1605    826
  1606    826
  1607    826
  1608    826
  1609    826
  1610    826
  1611    826
  1612    826
  1613    826
  1614    826
  1615    826
  1616    826
  1617    826
  1618    826
  1619    826
  1620    826
  1550    827
  1551    827
  1552    827
  1553    827
  1554    827
  1555    827
  1556    827
  1557    827
  1558    827
  1559    827
  1560    827
  1561    827
  1562    827
  1563    827
  1564    827
  1565    827
  1566    827
  1567    827
  1568    827
  1569    827
  1570    827
  1571    827
  1602    827
  1603    827
  1604    827
  1605    827
  1606    827
  1607    827
  1608    827
  1609    827
  1610    827
  1611    827
  1612    827
  1613    827
  1614    827
  1615    827
  1616    827
  1617    827
  1618    827
  1546    828
  1547    828
  1548    828
  1549    828
  1550    828
  1551    828
  1552    828
  1553    828
  1554    828
  1555    828
  1556    828
  1557    828
  1558    828
  1559    828
  1560    828
  1561    828
  1562    828
  1563    828
  1564    828
  1565    828
  1566    828
  1600    828
  1601    828
  1602    828
  1603    828
  1604    828
  1605    828
  1606    828
  1607    828
  1608    828
  1609    828
  1610    828
  1611    828
  1612    828
  1613    828
  1614    828
  1615    828
  1616    828
  1542    829
  1543    829
  1544    829
  1545    829
  1546    829
  1547    829
  1548    829
  1549    829
  1550    829
  1551    829
  1552    829
  1553    829
  1554    829
  1555    829
  1556    829
  1557    829
  1558    829
  1559    829
  1560    829
  1561    829
  1562    829
  1598    829
  1599    829
  1600    829
  1601    829
  1602    829
  1603    829
  1604    829
  1605    829
  1606    829
  1607    829
  1608    829
  1609    829
  1610    829
  1611    829
  1612    829
  1613    829
  1614    829
  1537    830
  1538    830
  1539    830
  1540    830
  1541    830
  1542    830
  1543    830
  1544    830
  1545    830
  1546    830
  1547    830
  1548    830
  1549    830
  1550    830
  1551    830
  1552    830
  1553    830
  1554    830
  1555    830
  1556    830
  1557    830
  1558    830
  1559    830
  1595    830
  1596    830
  1597    830
  1598    830
  1599    830
  1600    830
  1601    830
  1602    830
  1603    830
  1604    830
  1605    830
  1606    830
  1607    830
  1608    830
  1609    830
  1610    830
  1611    830
  1612    830
  1534    831
  1535    831
  1536    831
  1537    831
  1538    831
  1539    831
  1540    831
  1541    831
  1542    831
  1543    831
  1544    831
  1545    831
  1546    831
  1547    831
  1548    831
  1549    831
  1550    831
  1551    831
  1552    831
  1553    831
  1554    831
  1555    831
  1593    831
  1594    831
  1595    831
  1596    831
  1597    831
  1598    831
  1599    831
  1600    831
  1601    831
  1602    831
  1603    831
  1604    831
  1605    831
  1606    831
  1607    831
  1608    831
  1609    831
  1610    831
  1530    832
  1531    832
  1532    832
  1533    832
  1534    832
  1535    832
  1536    832
  1537    832
  1538    832
  1539    832
  1540    832
  1541    832
  1542    832
  1543    832
  1544    832
  1545    832
  1546    832
  1547    832
  1548    832
  1549    832
  1550    832
  1551    832
  1552    832
  1591    832
  1592    832
  1593    832
  1594    832
  1595    832
  1596    832
  1597    832
  1598    832
  1599    832
  1600    832
  1601    832
  1602    832
  1603    832
  1604    832
  1605    832
  1606    832
  1607    832
  1608    832
  1525    833
  1526    833
  1527    833
  1528    833
  1529    833
  1530    833
  1531    833
  1532    833
  1533    833
  1534    833
  1535    833
  1536    833
  1537    833
  1538    833
  1539    833
  1540    833
  1541    833
  1542    833
  1543    833
  1544    833
  1545    833
  1546    833
  1547    833
  1548    833
  1589    833
  1590    833
  1591    833
  1592    833
  1593    833
  1594    833
  1595    833
  1596    833
  1597    833
  1598    833
  1599    833
  1600    833
  1601    833
  1602    833
  1603    833
  1604    833
  1605    833
  1606    833
  1607    833
  1520    834
  1521    834
  1522    834
  1523    834
  1524    834
  1525    834
  1526    834
  1527    834
  1528    834
  1529    834
  1530    834
  1531    834
  1532    834
  1533    834
  1534    834
  1535    834
  1536    834
  1537    834
  1538    834
  1539    834
  1540    834
  1541    834
  1542    834
  1543    834
  1544    834
  1588    834
  1589    834
  1590    834
  1591    834
  1592    834
  1593    834
  1594    834
  1595    834
  1596    834
  1597    834
  1598    834
  1599    834
  1600    834
  1601    834
  1602    834
  1603    834
  1604    834
  1605    834
  1517    835
  1518    835
  1519    835
  1520    835
  1521    835
  1522    835
  1523    835
  1524    835
  1525    835
  1526    835
  1527    835
  1528    835
  1529    835
  1530    835
  1531    835
  1532    835
  1533    835
  1534    835
  1535    835
  1536    835
  1537    835
  1538    835
  1539    835
  1586    835
  1587    835
  1588    835
  1589    835
  1590    835
  1591    835
  1592    835
  1593    835
  1594    835
  1595    835
  1596    835
  1597    835
  1598    835
  1599    835
  1600    835
  1601    835
  1602    835
  1603    835
  1513    836
  1514    836
  1515    836
  1516    836
  1517    836
  1518    836
  1519    836
  1520    836
  1521    836
  1522    836
  1523    836
  1524    836
  1525    836
  1526    836
  1527    836
  1528    836
  1529    836
  1530    836
  1531    836
  1532    836
  1533    836
  1534    836
  1535    836
  1583    836
  1584    836
  1585    836
  1586    836
  1587    836
  1588    836
  1589    836
  1590    836
  1591    836
  1592    836
  1593    836
  1597    836
  1598    836
  1599    836
  1600    836
  1601    836
  1508    837
  1509    837
  1510    837
  1511    837
  1512    837
  1513    837
  1514    837
  1515    837
  1516    837
  1517    837
  1518    837
  1519    837
  1520    837
  1521    837
  1522    837
  1523    837
  1524    837
  1525    837
  1526    837
  1527    837
  1528    837
  1529    837
  1530    837
  1531    837
  1532    837
  1581    837
  1582    837
  1583    837
  1584    837
  1585    837
  1586    837
  1587    837
  1588    837
  1589    837
  1590    837
  1591    837
  1592    837
  1593    837
  1595    837
  1596    837
  1597    837
  1598    837
  1599    837
  1504    838
  1505    838
  1506    838
  1507    838
  1508    838
  1509    838
  1510    838
  1511    838
  1512    838
  1513    838
  1514    838
  1515    838
  1516    838
  1517    838
  1518    838
  1519    838
  1520    838
  1521    838
  1522    838
  1523    838
  1524    838
  1525    838
  1526    838
  1527    838
  1528    838
  1579    838
  1580    838
  1581    838
  1582    838
  1583    838
  1584    838
  1585    838
  1586    838
  1587    838
  1588    838
  1589    838
  1590    838
  1591    838
  1592    838
  1593    838
  1594    838
  1595    838
  1596    838
  1597    838
  1500    839
  1501    839
  1502    839
  1503    839
  1504    839
  1505    839
  1506    839
  1507    839
  1508    839
  1509    839
  1510    839
  1511    839
  1512    839
  1513    839
  1514    839
  1515    839
  1516    839
  1517    839
  1518    839
  1519    839
  1520    839
  1521    839
  1522    839
  1523    839
  1577    839
  1578    839
  1579    839
  1580    839
  1581    839
  1582    839
  1583    839
  1584    839
  1585    839
  1586    839
  1587    839
  1588    839
  1589    839
  1590    839
  1591    839
  1592    839
  1593    839
  1594    839
  1595    839
  1496    840
  1497    840
  1498    840
  1499    840
  1500    840
  1501    840
  1502    840
  1503    840
  1504    840
  1505    840
  1506    840
  1507    840
  1508    840
  1509    840
  1510    840
  1511    840
  1512    840
  1513    840
  1514    840
  1515    840
  1516    840
  1517    840
  1518    840
  1519    840
  1520    840
  1574    840
  1575    840
  1576    840
  1577    840
  1578    840
  1579    840
  1580    840
  1581    840
  1582    840
  1583    840
  1584    840
  1585    840
  1586    840
  1587    840
  1588    840
  1589    840
  1590    840
  1591    840
  1592    840
  1593    840
  1594    840
  1493    841
  1494    841
  1495    841
  1496    841
  1497    841
  1498    841
  1499    841
  1500    841
  1501    841
  1502    841
  1503    841
  1504    841
  1505    841
  1506    841
  1507    841
  1508    841
  1509    841
  1510    841
  1511    841
  1512    841
  1513    841
  1514    841
  1515    841
  1516    841
  1574    841
  1575    841
  1576    841
  1577    841
  1578    841
  1579    841
  1580    841
  1581    841
  1582    841
  1583    841
  1584    841
  1585    841
  1586    841
  1587    841
  1589    841
  1590    841
  1591    841
  1488    842
  1489    842
  1490    842
  1491    842
  1492    842
  1493    842
  1494    842
  1495    842
  1496    842
  1497    842
  1498    842
  1499    842
  1500    842
  1501    842
  1502    842
  1503    842
  1504    842
  1505    842
  1506    842
  1507    842
  1508    842
  1509    842
  1510    842
  1511    842
  1512    842
  1571    842
  1572    842
  1573    842
  1574    842
  1575    842
  1576    842
  1577    842
  1578    842
  1579    842
  1580    842
  1581    842
  1582    842
  1583    842
  1584    842
  1585    842
  1586    842
  1587    842
  1588    842
  1589    842
  1590    842
  1484    843
  1485    843
  1486    843
  1487    843
  1488    843
  1489    843
  1490    843
  1491    843
  1492    843
  1493    843
  1494    843
  1495    843
  1496    843
  1497    843
  1498    843
  1499    843
  1500    843
  1501    843
  1502    843
  1503    843
  1504    843
  1505    843
  1506    843
  1507    843
  1508    843
  1569    843
  1570    843
  1571    843
  1572    843
  1573    843
  1574    843
  1575    843
  1576    843
  1577    843
  1578    843
  1579    843
  1580    843
  1581    843
  1582    843
  1583    843
  1584    843
  1585    843
  1586    843
  1587    843
  1588    843
  1479    844
  1480    844
  1481    844
  1482    844
  1483    844
  1484    844
  1485    844
  1486    844
  1487    844
  1488    844
  1489    844
  1490    844
  1491    844
  1492    844
  1493    844
  1494    844
  1495    844
  1496    844
  1497    844
  1498    844
  1499    844
  1500    844
  1501    844
  1502    844
  1503    844
  1567    844
  1568    844
  1569    844
  1570    844
  1571    844
  1572    844
  1573    844
  1574    844
  1575    844
  1576    844
  1577    844
  1578    844
  1579    844
  1580    844
  1581    844
  1583    844
  1584    844
  1585    844
  1586    844
  1475    845
  1476    845
  1477    845
  1478    845
  1479    845
  1480    845
  1481    845
  1482    845
  1483    845
  1484    845
  1485    845
  1486    845
  1487    845
  1488    845
  1489    845
  1490    845
  1491    845
  1492    845
  1493    845
  1494    845
  1495    845
  1496    845
  1497    845
  1498    845
  1499    845
  1500    845
  1501    845
  1566    845
  1567    845
  1568    845
  1569    845
  1570    845
  1571    845
  1572    845
  1573    845
  1574    845
  1575    845
  1576    845
  1577    845
  1578    845
  1579    845
  1581    845
  1582    845
  1583    845
  1584    845
  1471    846
  1472    846
  1473    846
  1474    846
  1475    846
  1476    846
  1477    846
  1478    846
  1479    846
  1480    846
  1481    846
  1482    846
  1483    846
  1484    846
  1485    846
  1486    846
  1487    846
  1488    846
  1489    846
  1490    846
  1491    846
  1492    846
  1493    846
  1494    846
  1495    846
  1563    846
  1564    846
  1565    846
  1566    846
  1567    846
  1568    846
  1569    846
  1570    846
  1571    846
  1572    846
  1573    846
  1574    846
  1575    846
  1576    846
  1577    846
  1578    846
  1579    846
  1580    846
  1581    846
  1582    846
  1583    846
  1466    847
  1467    847
  1468    847
  1469    847
  1470    847
  1471    847
  1472    847
  1473    847
  1474    847
  1475    847
  1476    847
  1477    847
  1478    847
  1479    847
  1480    847
  1481    847
  1482    847
  1483    847
  1484    847
  1485    847
  1486    847
  1487    847
  1488    847
  1489    847
  1490    847
  1491    847
  1492    847
  1561    847
  1562    847
  1563    847
  1564    847
  1565    847
  1566    847
  1567    847
  1568    847
  1569    847
  1570    847
  1571    847
  1572    847
  1573    847
  1574    847
  1575    847
  1576    847
  1578    847
  1579    847
  1580    847
  1581    847
  1463    848
  1464    848
  1465    848
  1466    848
  1467    848
  1468    848
  1469    848
  1470    848
  1471    848
  1472    848
  1473    848
  1474    848
  1475    848
  1476    848
  1477    848
  1478    848
  1479    848
  1480    848
  1481    848
  1482    848
  1483    848
  1484    848
  1485    848
  1486    848
  1487    848
  1559    848
  1560    848
  1561    848
  1562    848
  1563    848
  1564    848
  1565    848
  1566    848
  1567    848
  1568    848
  1569    848
  1570    848
  1571    848
  1572    848
  1573    848
  1574    848
  1575    848
  1576    848
  1577    848
  1578    848
  1579    848
  1458    849
  1459    849
  1460    849
  1461    849
  1462    849
  1463    849
  1464    849
  1465    849
  1466    849
  1467    849
  1468    849
  1469    849
  1470    849
  1471    849
  1472    849
  1473    849
  1474    849
  1475    849
  1476    849
  1477    849
  1478    849
  1479    849
  1480    849
  1481    849
  1482    849
  1557    849
  1558    849
  1559    849
  1560    849
  1561    849
  1562    849
  1563    849
  1564    849
  1565    849
  1566    849
  1567    849
  1568    849
  1569    849
  1570    849
  1571    849
  1572    849
  1573    849
  1574    849
  1575    849
  1576    849
  1577    849
  1454    850
  1455    850
  1456    850
  1457    850
  1458    850
  1459    850
  1460    850
  1461    850
  1462    850
  1463    850
  1464    850
  1465    850
  1466    850
  1467    850
  1468    850
  1469    850
  1470    850
  1471    850
  1472    850
  1473    850
  1474    850
  1475    850
  1476    850
  1477    850
  1478    850
  1479    850
  1480    850
  1556    850
  1557    850
  1558    850
  1559    850
  1560    850
  1561    850
  1562    850
  1563    850
  1564    850
  1565    850
  1566    850
  1567    850
  1568    850
  1569    850
  1570    850
  1571    850
  1572    850
  1573    850
  1574    850
  1575    850
  1449    851
  1450    851
  1451    851
  1452    851
  1453    851
  1454    851
  1455    851
  1456    851
  1457    851
  1458    851
  1459    851
  1460    851
  1461    851
  1462    851
  1463    851
  1464    851
  1465    851
  1466    851
  1467    851
  1468    851
  1469    851
  1470    851
  1471    851
  1472    851
  1473    851
  1474    851
  1475    851
  1554    851
  1555    851
  1556    851
  1557    851
  1558    851
  1559    851
  1560    851
  1561    851
  1562    851
  1563    851
  1564    851
  1565    851
  1566    851
  1567    851
  1568    851
  1569    851
  1570    851
  1571    851
  1572    851
  1573    851
  1574    851
  1445    852
  1446    852
  1447    852
  1448    852
  1449    852
  1450    852
  1451    852
  1452    852
  1453    852
  1454    852
  1455    852
  1456    852
  1457    852
  1458    852
  1459    852
  1460    852
  1461    852
  1462    852
  1463    852
  1464    852
  1465    852
  1466    852
  1467    852
  1468    852
  1469    852
  1470    852
  1471    852
  1552    852
  1553    852
  1554    852
  1555    852
  1556    852
  1557    852
  1558    852
  1559    852
  1560    852
  1561    852
  1562    852
  1563    852
  1564    852
  1565    852
  1566    852
  1567    852
  1568    852
  1569    852
  1570    852
  1571    852
  1572    852
  1441    853
  1442    853
  1443    853
  1444    853
  1445    853
  1446    853
  1447    853
  1448    853
  1449    853
  1450    853
  1451    853
  1452    853
  1453    853
  1454    853
  1455    853
  1456    853
  1457    853
  1458    853
  1459    853
  1460    853
  1461    853
  1462    853
  1463    853
  1464    853
  1465    853
  1466    853
  1467    853
  1550    853
  1551    853
  1552    853
  1553    853
  1554    853
  1555    853
  1556    853
  1557    853
  1558    853
  1559    853
  1560    853
  1561    853
  1562    853
  1563    853
  1564    853
  1565    853
  1566    853
  1567    853
  1568    853
  1569    853
  1570    853
  1437    854
  1438    854
  1439    854
  1440    854
  1441    854
  1442    854
  1443    854
  1444    854
  1445    854
  1446    854
  1447    854
  1448    854
  1449    854
  1450    854
  1451    854
  1452    854
  1453    854
  1454    854
  1455    854
  1456    854
  1457    854
  1458    854
  1459    854
  1460    854
  1461    854
  1462    854
  1549    854
  1550    854
  1551    854
  1552    854
  1553    854
  1554    854
  1555    854
  1556    854
  1557    854
  1558    854
  1559    854
  1560    854
  1561    854
  1562    854
  1563    854
  1564    854
  1565    854
  1566    854
  1567    854
  1568    854
  1569    854
  1432    855
  1433    855
  1434    855
  1435    855
  1436    855
  1437    855
  1438    855
  1439    855
  1440    855
  1441    855
  1442    855
  1443    855
  1444    855
  1445    855
  1446    855
  1447    855
  1448    855
  1449    855
  1450    855
  1451    855
  1452    855
  1453    855
  1454    855
  1455    855
  1456    855
  1457    855
  1458    855
  1546    855
  1547    855
  1548    855
  1549    855
  1550    855
  1551    855
  1552    855
  1553    855
  1554    855
  1555    855
  1556    855
  1557    855
  1558    855
  1559    855
  1560    855
  1561    855
  1562    855
  1563    855
  1564    855
  1565    855
  1566    855
  1429    856
  1430    856
  1431    856
  1432    856
  1433    856
  1434    856
  1435    856
  1436    856
  1437    856
  1438    856
  1439    856
  1440    856
  1441    856
  1442    856
  1443    856
  1444    856
  1445    856
  1446    856
  1447    856
  1448    856
  1449    856
  1450    856
  1451    856
  1452    856
  1453    856
  1454    856
  1455    856
  1544    856
  1545    856
  1546    856
  1547    856
  1548    856
  1549    856
  1550    856
  1551    856
  1552    856
  1553    856
  1554    856
  1555    856
  1556    856
  1557    856
  1558    856
  1559    856
  1560    856
  1561    856
  1562    856
  1563    856
  1564    856
  1429    857
  1430    857
  1431    857
  1432    857
  1433    857
  1434    857
  1435    857
  1436    857
  1437    857
  1438    857
  1439    857
  1440    857
  1441    857
  1442    857
  1443    857
  1444    857
  1445    857
  1446    857
  1447    857
  1448    857
  1449    857
  1450    857
  1543    857
  1544    857
  1545    857
  1546    857
  1547    857
  1548    857
  1549    857
  1550    857
  1551    857
  1552    857
  1553    857
  1554    857
  1555    857
  1556    857
  1557    857
  1558    857
  1559    857
  1560    857
  1561    857
  1562    857
  1563    857
  1432    858
  1433    858
  1434    858
  1435    858
  1436    858
  1437    858
  1438    858
  1439    858
  1440    858
  1441    858
  1442    858
  1443    858
  1444    858
  1445    858
  1446    858
  1541    858
  1542    858
  1543    858
  1544    858
  1545    858
  1546    858
  1547    858
  1548    858
  1549    858
  1550    858
  1551    858
  1552    858
  1553    858
  1554    858
  1555    858
  1556    858
  1557    858
  1558    858
  1559    858
  1560    858
  1561    858
  1435    859
  1436    859
  1437    859
  1438    859
  1439    859
  1440    859
  1441    859
  1540    859
  1541    859
  1542    859
  1543    859
  1544    859
  1545    859
  1546    859
  1547    859
  1548    859
  1549    859
  1550    859
  1551    859
  1552    859
  1553    859
  1554    859
  1555    859
  1556    859
  1557    859
  1558    859
  1559    859
  1560    859
  1538    860
  1539    860
  1540    860
  1541    860
  1542    860
  1543    860
  1544    860
  1545    860
  1546    860
  1547    860
  1548    860
  1549    860
  1550    860
  1551    860
  1552    860
  1553    860
  1554    860
  1555    860
  1556    860
  1557    860
  1558    860
  1559    860
  1536    861
  1537    861
  1538    861
  1539    861
  1540    861
  1541    861
  1542    861
  1543    861
  1544    861
  1545    861
  1546    861
  1547    861
  1548    861
  1549    861
  1550    861
  1551    861
  1552    861
  1553    861
  1554    861
  1555    861
  1556    861
  1557    861
  1535    862
  1536    862
  1537    862
  1538    862
  1539    862
  1540    862
  1541    862
  1542    862
  1543    862
  1544    862
  1545    862
  1546    862
  1547    862
  1548    862
  1549    862
  1550    862
  1551    862
  1552    862
  1553    862
  1554    862
  1555    862
  1534    863
  1535    863
  1536    863
  1537    863
  1538    863
  1539    863
  1540    863
  1541    863
  1542    863
  1543    863
  1544    863
  1545    863
  1546    863
  1547    863
  1548    863
  1549    863
  1550    863
  1551    863
  1552    863
  1553    863
  1532    864
  1533    864
  1534    864
  1535    864
  1536    864
  1537    864
  1538    864
  1539    864
  1540    864
  1541    864
  1542    864
  1543    864
  1544    864
  1545    864
  1546    864
  1547    864
  1548    864
  1549    864
  1550    864
  1551    864
  1552    864
  1530    865
  1531    865
  1532    865
  1533    865
  1534    865
  1535    865
  1536    865
  1537    865
  1538    865
  1539    865
  1540    865
  1541    865
  1542    865
  1543    865
  1544    865
  1545    865
  1546    865
  1547    865
  1548    865
  1549    865
  1550    865
  1528    866
  1529    866
  1530    866
  1531    866
  1532    866
  1533    866
  1534    866
  1535    866
  1536    866
  1537    866
  1538    866
  1539    866
  1540    866
  1541    866
  1542    866
  1543    866
  1544    866
  1545    866
  1546    866
  1547    866
  1548    866
  1527    867
  1528    867
  1529    867
  1530    867
  1531    867
  1532    867
  1533    867
  1534    867
  1535    867
  1536    867
  1537    867
  1538    867
  1539    867
  1540    867
  1541    867
  1542    867
  1543    867
  1544    867
  1545    867
  1546    867
  1547    867
  1548    867
  1525    868
  1526    868
  1527    868
  1528    868
  1529    868
  1530    868
  1531    868
  1532    868
  1533    868
  1534    868
  1535    868
  1536    868
  1537    868
  1538    868
  1539    868
  1540    868
  1541    868
  1542    868
  1543    868
  1544    868
  1545    868
  1524    869
  1525    869
  1526    869
  1527    869
  1528    869
  1529    869
  1530    869
  1531    869
  1532    869
  1533    869
  1534    869
  1535    869
  1536    869
  1537    869
  1538    869
  1539    869
  1540    869
  1541    869
  1542    869
  1543    869
  1544    869
  1522    870
  1523    870
  1524    870
  1525    870
  1526    870
  1527    870
  1528    870
  1529    870
  1530    870
  1531    870
  1532    870
  1533    870
  1534    870
  1535    870
  1536    870
  1537    870
  1538    870
  1539    870
  1540    870
  1541    870
  1542    870
  1543    870
  1520    871
  1521    871
  1522    871
  1523    871
  1524    871
  1525    871
  1526    871
  1527    871
  1528    871
  1529    871
  1530    871
  1531    871
  1532    871
  1533    871
  1534    871
  1535    871
  1536    871
  1537    871
  1538    871
  1539    871
  1540    871
  1541    871
  1519    872
  1520    872
  1521    872
  1522    872
  1523    872
  1524    872
  1525    872
  1526    872
  1527    872
  1528    872
  1529    872
  1530    872
  1531    872
  1532    872
  1533    872
  1534    872
  1535    872
  1536    872
  1537    872
  1538    872
  1539    872
  1540    872
  1517    873
  1518    873
  1519    873
  1520    873
  1521    873
  1522    873
  1523    873
  1524    873
  1525    873
  1526    873
  1527    873
  1528    873
  1529    873
  1530    873
  1531    873
  1532    873
  1533    873
  1534    873
  1535    873
  1536    873
  1537    873
  1538    873
  1539    873
  1516    874
  1517    874
  1518    874
  1519    874
  1520    874
  1521    874
  1522    874
  1523    874
  1524    874
  1525    874
  1526    874
  1527    874
  1528    874
  1529    874
  1530    874
  1531    874
  1532    874
  1533    874
  1534    874
  1535    874
  1536    874
  1514    875
  1515    875
  1516    875
  1517    875
  1518    875
  1519    875
  1520    875
  1521    875
  1522    875
  1523    875
  1524    875
  1525    875
  1526    875
  1527    875
  1528    875
  1529    875
  1530    875
  1531    875
  1532    875
  1533    875
  1534    875
  1535    875
  1512    876
  1513    876
  1514    876
  1515    876
  1516    876
  1517    876
  1518    876
  1519    876
  1520    876
  1521    876
  1522    876
  1523    876
  1524    876
  1525    876
  1526    876
  1527    876
  1528    876
  1529    876
  1530    876
  1531    876
  1532    876
  1533    876
  1534    876
  1511    877
  1512    877
  1513    877
  1514    877
  1515    877
  1516    877
  1517    877
  1518    877
  1519    877
  1520    877
  1521    877
  1522    877
  1523    877
  1524    877
  1525    877
  1526    877
  1527    877
  1528    877
  1529    877
  1530    877
  1531    877
  1532    877
  1533    877
  1509    878
  1510    878
  1511    878
  1512    878
  1513    878
  1514    878
  1515    878
  1516    878
  1517    878
  1518    878
  1519    878
  1520    878
  1521    878
  1522    878
  1523    878
  1524    878
  1525    878
  1526    878
  1527    878
  1528    878
  1529    878
  1530    878
  1531    878
  1508    879
  1509    879
  1510    879
  1511    879
  1512    879
  1513    879
  1514    879
  1515    879
  1516    879
  1517    879
  1518    879
  1519    879
  1520    879
  1521    879
  1522    879
  1523    879
  1524    879
  1525    879
  1526    879
  1527    879
  1528    879
  1529    879
  1530    879
  1507    880
  1508    880
  1509    880
  1510    880
  1511    880
  1512    880
  1513    880
  1514    880
  1515    880
  1516    880
  1517    880
  1518    880
  1519    880
  1520    880
  1521    880
  1522    880
  1523    880
  1524    880
  1525    880
  1526    880
  1527    880
  1528    880
  1529    880
  1506    881
  1507    881
  1508    881
  1509    881
  1510    881
  1511    881
  1512    881
  1513    881
  1514    881
  1515    881
  1516    881
  1517    881
  1518    881
  1519    881
  1520    881
  1521    881
  1522    881
  1523    881
  1524    881
  1525    881
  1526    881
  1527    881
  1505    882
  1506    882
  1507    882
  1508    882
  1509    882
  1510    882
  1511    882
  1512    882
  1513    882
  1514    882
  1515    882
  1516    882
  1517    882
  1518    882
  1519    882
  1520    882
  1521    882
  1522    882
  1523    882
  1524    882
  1525    882
  1509    883
  1510    883
  1511    883
  1512    883
  1513    883
  1514    883
  1515    883
  1516    883
  1517    883
  1518    883
  1519    883
  1520    883
  1521    883
  1522    883
  1523    883
  1524    883
  1510    884
  1513    884
  1514    884
  1515    884
  1516    884
  1517    884
  1518    884
  1519    884
  1520    884
  1521    884
  1522    884
  1523    884
  1516    885
  1517    885
  1518    885
  1519    885
  1520    885
  1521    885
  1522    885
  1518    886
  1519    886
