  1694    783
  1695    783
  1696    783
  1697    783
  1698    783
  1699    783
  1700    783
  1701    783
  1702    783
  1703    783
  1704    783
  1705    783
  1706    783
  1707    783
  1708    783
  1709    783
  1710    783
  1711    783
  1712    783
  1713    783
  1690    784
  1691    784
  1692    784
  1693    784
  1694    784
  1695    784
  1696    784
  1697    784
  1698    784
  1699    784
  1700    784
  1701    784
  1702    784
  1703    784
  1704    784
  1705    784
  1706    784
  1707    784
  1708    784
  1709    784
  1710    784
  1686    785
  1687    785
  1688    785
  1689    785
  1690    785
  1691    785
  1692    785
  1693    785
  1694    785
  1695    785
  1696    785
  1697    785
  1698    785
  1699    785
  1700    785
  1701    785
  1702    785
  1703    785
  1704    785
  1705    785
  1706    785
  1707    785
  1683    786
  1684    786
  1685    786
  1686    786
  1687    786
  1688    786
  1689    786
  1690    786
  1691    786
  1692    786
  1693    786
  1694    786
  1695    786
  1696    786
  1697    786
  1698    786
  1699    786
  1700    786
  1701    786
  1702    786
  1703    786
  1704    786
  1675    787
  1676    787
  1677    787
  1678    787
  1679    787
  1680    787
  1681    787
  1682    787
  1683    787
  1684    787
  1685    787
  1686    787
  1687    787
  1688    787
  1689    787
  1690    787
  1691    787
  1692    787
  1693    787
  1694    787
  1695    787
  1696    787
  1697    787
  1698    787
  1699    787
  1700    787
  1701    787
  1702    787
  1673    788
  1674    788
  1675    788
  1676    788
  1677    788
  1678    788
  1679    788
  1680    788
  1681    788
  1682    788
  1683    788
  1684    788
  1685    788
  1686    788
  1687    788
  1688    788
  1689    788
  1690    788
  1691    788
  1692    788
  1693    788
  1694    788
  1695    788
  1696    788
  1697    788
  1698    788
  1670    789
  1671    789
  1672    789
  1673    789
  1674    789
  1675    789
  1676    789
  1677    789
  1678    789
  1679    789
  1680    789
  1681    789
  1682    789
  1683    789
  1684    789
  1685    789
  1686    789
  1687    789
  1688    789
  1689    789
  1690    789
  1691    789
  1692    789
  1693    789
  1694    789
  1695    789
  1667    790
  1668    790
  1669    790
  1670    790
  1671    790
  1672    790
  1673    790
  1674    790
  1675    790
  1676    790
  1677    790
  1678    790
  1679    790
  1680    790
  1681    790
  1682    790
  1683    790
  1684    790
  1685    790
  1686    790
  1687    790
  1688    790
  1689    790
  1690    790
  1691    790
  1692    790
  1664    791
  1665    791
  1666    791
  1667    791
  1668    791
  1669    791
  1670    791
  1671    791
  1672    791
  1673    791
  1674    791
  1675    791
  1676    791
  1677    791
  1678    791
  1679    791
  1680    791
  1681    791
  1682    791
  1683    791
  1684    791
  1685    791
  1686    791
  1687    791
  1688    791
  1689    791
  1661    792
  1662    792
  1663    792
  1664    792
  1665    792
  1666    792
  1667    792
  1668    792
  1669    792
  1670    792
  1671    792
  1672    792
  1673    792
  1674    792
  1675    792
  1676    792
  1677    792
  1678    792
  1679    792
  1680    792
  1681    792
  1682    792
  1683    792
  1684    792
  1685    792
  1657    793
  1658    793
  1659    793
  1660    793
  1661    793
  1662    793
  1663    793
  1664    793
  1665    793
  1666    793
  1667    793
  1668    793
  1669    793
  1670    793
  1671    793
  1672    793
  1673    793
  1674    793
  1675    793
  1676    793
  1677    793
  1678    793
  1679    793
  1680    793
  1681    793
  1682    793
  1654    794
  1655    794
  1656    794
  1657    794
  1658    794
  1659    794
  1660    794
  1661    794
  1662    794
  1663    794
  1664    794
  1665    794
  1666    794
  1667    794
  1668    794
  1669    794
  1670    794
  1671    794
  1672    794
  1673    794
  1674    794
  1675    794
  1676    794
  1677    794
  1678    794
  1679    794
  1649    795
  1650    795
  1651    795
  1652    795
  1653    795
  1654    795
  1655    795
  1656    795
  1657    795
  1658    795
  1659    795
  1660    795
  1661    795
  1662    795
  1663    795
  1664    795
  1665    795
  1666    795
  1667    795
  1668    795
  1669    795
  1670    795
  1671    795
  1672    795
  1673    795
  1674    795
  1675    795
  1676    795
  1646    796
  1647    796
  1648    796
  1649    796
  1650    796
  1651    796
  1652    796
  1653    796
  1654    796
  1655    796
  1656    796
  1657    796
  1658    796
  1659    796
  1660    796
  1661    796
  1662    796
  1663    796
  1664    796
  1665    796
  1666    796
  1667    796
  1668    796
  1669    796
  1670    796
  1671    796
  1672    796
  1673    796
  1641    797
  1642    797
  1643    797
  1644    797
  1645    797
  1646    797
  1647    797
  1648    797
  1649    797
  1650    797
  1651    797
  1652    797
  1653    797
  1654    797
  1655    797
  1656    797
  1657    797
  1658    797
  1659    797
  1660    797
  1661    797
  1662    797
  1663    797
  1664    797
  1665    797
  1666    797
  1667    797
  1668    797
  1669    797
  1638    798
  1639    798
  1640    798
  1641    798
  1642    798
  1643    798
  1644    798
  1645    798
  1646    798
  1647    798
  1648    798
  1649    798
  1650    798
  1651    798
  1652    798
  1653    798
  1654    798
  1655    798
  1656    798
  1657    798
  1658    798
  1659    798
  1660    798
  1661    798
  1662    798
  1663    798
  1664    798
  1665    798
  1666    798
  1667    798
  1633    799
  1634    799
  1635    799
  1636    799
  1637    799
  1638    799
  1639    799
  1640    799
  1641    799
  1642    799
  1643    799
  1644    799
  1645    799
  1646    799
  1647    799
  1648    799
  1649    799
  1650    799
  1651    799
  1652    799
  1653    799
  1654    799
  1655    799
  1656    799
  1657    799
  1658    799
  1659    799
  1660    799
  1661    799
  1662    799
  1663    799
  1630    800
  1631    800
  1632    800
  1633    800
  1634    800
  1635    800
  1636    800
  1637    800
  1638    800
  1639    800
  1640    800
  1641    800
  1642    800
  1643    800
  1644    800
  1645    800
  1646    800
  1647    800
  1648    800
  1649    800
  1650    800
  1651    800
  1652    800
  1653    800
  1654    800
  1655    800
  1656    800
  1657    800
  1658    800
  1659    800
  1660    800
  1661    800
  1626    801
  1627    801
  1628    801
  1629    801
  1630    801
  1631    801
  1632    801
  1633    801
  1634    801
  1635    801
  1636    801
  1637    801
  1638    801
  1639    801
  1640    801
  1641    801
  1642    801
  1643    801
  1644    801
  1645    801
  1646    801
  1647    801
  1648    801
  1649    801
  1650    801
  1651    801
  1652    801
  1653    801
  1654    801
  1655    801
  1656    801
  1622    802
  1623    802
  1624    802
  1625    802
  1626    802
  1627    802
  1628    802
  1629    802
  1630    802
  1631    802
  1632    802
  1633    802
  1634    802
  1635    802
  1636    802
  1637    802
  1638    802
  1639    802
  1640    802
  1641    802
  1642    802
  1643    802
  1644    802
  1645    802
  1646    802
  1647    802
  1648    802
  1649    802
  1650    802
  1651    802
  1652    802
  1653    802
  1618    803
  1619    803
  1620    803
  1621    803
  1622    803
  1623    803
  1624    803
  1625    803
  1626    803
  1627    803
  1628    803
  1629    803
  1630    803
  1631    803
  1632    803
  1633    803
  1634    803
  1635    803
  1636    803
  1637    803
  1638    803
  1639    803
  1640    803
  1641    803
  1642    803
  1643    803
  1644    803
  1645    803
  1646    803
  1647    803
  1648    803
  1649    803
  1650    803
  1651    803
  1615    804
  1616    804
  1617    804
  1618    804
  1619    804
  1620    804
  1621    804
  1622    804
  1623    804
  1624    804
  1625    804
  1626    804
  1627    804
  1628    804
  1629    804
  1630    804
  1631    804
  1632    804
  1633    804
  1634    804
  1635    804
  1636    804
  1637    804
  1638    804
  1639    804
  1640    804
  1641    804
  1642    804
  1643    804
  1644    804
  1645    804
  1646    804
  1647    804
  1648    804
  1611    805
  1612    805
  1613    805
  1614    805
  1615    805
  1616    805
  1617    805
  1618    805
  1619    805
  1620    805
  1621    805
  1622    805
  1623    805
  1624    805
  1625    805
  1626    805
  1627    805
  1628    805
  1629    805
  1630    805
  1631    805
  1632    805
  1633    805
  1634    805
  1635    805
  1636    805
  1637    805
  1638    805
  1639    805
  1640    805
  1641    805
  1642    805
  1643    805
  1644    805
  1645    805
  1646    805
  1608    806
  1609    806
  1610    806
  1611    806
  1612    806
  1613    806
  1614    806
  1615    806
  1616    806
  1617    806
  1618    806
  1619    806
  1620    806
  1621    806
  1622    806
  1623    806
  1624    806
  1625    806
  1626    806
  1627    806
  1628    806
  1629    806
  1630    806
  1631    806
  1632    806
  1633    806
  1634    806
  1635    806
  1636    806
  1637    806
  1638    806
  1639    806
  1640    806
  1641    806
  1642    806
  1643    806
  1603    807
  1604    807
  1605    807
  1606    807
  1607    807
  1608    807
  1609    807
  1610    807
  1611    807
  1612    807
  1613    807
  1614    807
  1615    807
  1616    807
  1617    807
  1618    807
  1619    807
  1620    807
  1623    807
  1624    807
  1625    807
  1626    807
  1627    807
  1628    807
  1629    807
  1630    807
  1631    807
  1632    807
  1633    807
  1634    807
  1635    807
  1636    807
  1637    807
  1638    807
  1639    807
  1640    807
  1599    808
  1600    808
  1601    808
  1602    808
  1603    808
  1604    808
  1605    808
  1606    808
  1607    808
  1608    808
  1609    808
  1610    808
  1611    808
  1612    808
  1613    808
  1614    808
  1615    808
  1616    808
  1617    808
  1618    808
  1621    808
  1622    808
  1623    808
  1624    808
  1625    808
  1626    808
  1627    808
  1628    808
  1629    808
  1630    808
  1631    808
  1632    808
  1633    808
  1634    808
  1635    808
  1636    808
  1637    808
  1638    808
  1596    809
  1597    809
  1598    809
  1599    809
  1600    809
  1601    809
  1602    809
  1603    809
  1604    809
  1605    809
  1606    809
  1607    809
  1608    809
  1609    809
  1610    809
  1611    809
  1612    809
  1613    809
  1614    809
  1619    809
  1620    809
  1621    809
  1622    809
  1623    809
  1624    809
  1625    809
  1626    809
  1627    809
  1628    809
  1629    809
  1630    809
  1631    809
  1632    809
  1633    809
  1634    809
  1635    809
  1592    810
  1593    810
  1594    810
  1595    810
  1596    810
  1597    810
  1598    810
  1599    810
  1600    810
  1601    810
  1602    810
  1603    810
  1604    810
  1605    810
  1606    810
  1607    810
  1608    810
  1609    810
  1610    810
  1616    810
  1617    810
  1618    810
  1619    810
  1620    810
  1621    810
  1622    810
  1623    810
  1624    810
  1625    810
  1626    810
  1627    810
  1628    810
  1629    810
  1630    810
  1631    810
  1632    810
  1633    810
  1588    811
  1589    811
  1590    811
  1591    811
  1592    811
  1593    811
  1594    811
  1595    811
  1596    811
  1597    811
  1598    811
  1599    811
  1600    811
  1601    811
  1602    811
  1603    811
  1604    811
  1605    811
  1606    811
  1614    811
  1615    811
  1616    811
  1617    811
  1618    811
  1619    811
  1620    811
  1621    811
  1622    811
  1623    811
  1624    811
  1625    811
  1626    811
  1627    811
  1628    811
  1629    811
  1630    811
  1583    812
  1584    812
  1585    812
  1586    812
  1587    812
  1588    812
  1589    812
  1590    812
  1591    812
  1592    812
  1593    812
  1594    812
  1595    812
  1596    812
  1597    812
  1598    812
  1599    812
  1600    812
  1601    812
  1602    812
  1611    812
  1612    812
  1613    812
  1614    812
  1615    812
  1616    812
  1617    812
  1618    812
  1619    812
  1620    812
  1621    812
  1622    812
  1623    812
  1624    812
  1625    812
  1626    812
  1627    812
  1579    813
  1580    813
  1581    813
  1582    813
  1583    813
  1584    813
  1585    813
  1586    813
  1587    813
  1588    813
  1589    813
  1590    813
  1591    813
  1592    813
  1593    813
  1594    813
  1595    813
  1596    813
  1597    813
  1598    813
  1599    813
  1608    813
  1609    813
  1610    813
  1611    813
  1612    813
  1613    813
  1614    813
  1615    813
  1616    813
  1617    813
  1618    813
  1619    813
  1620    813
  1621    813
  1622    813
  1623    813
  1624    813
  1625    813
  1576    814
  1577    814
  1578    814
  1579    814
  1580    814
  1581    814
  1582    814
  1583    814
  1584    814
  1585    814
  1586    814
  1587    814
  1588    814
  1589    814
  1590    814
  1591    814
  1592    814
  1593    814
  1594    814
  1595    814
  1606    814
  1607    814
  1608    814
  1609    814
  1610    814
  1611    814
  1612    814
  1613    814
  1614    814
  1615    814
  1616    814
  1617    814
  1618    814
  1619    814
  1620    814
  1621    814
  1622    814
  1623    814
  1570    815
  1571    815
  1572    815
  1573    815
  1574    815
  1575    815
  1576    815
  1577    815
  1578    815
  1579    815
  1580    815
  1581    815
  1582    815
  1583    815
  1584    815
  1585    815
  1586    815
  1587    815
  1588    815
  1589    815
  1590    815
  1603    815
  1604    815
  1605    815
  1606    815
  1607    815
  1608    815
  1609    815
  1610    815
  1611    815
  1612    815
  1613    815
  1614    815
  1615    815
  1616    815
  1617    815
  1618    815
  1619    815
  1620    815
  1621    815
  1567    816
  1568    816
  1569    816
  1570    816
  1571    816
  1572    816
  1573    816
  1574    816
  1575    816
  1576    816
  1577    816
  1578    816
  1579    816
  1580    816
  1581    816
  1582    816
  1583    816
  1584    816
  1585    816
  1586    816
  1587    816
  1601    816
  1602    816
  1603    816
  1604    816
  1605    816
  1606    816
  1607    816
  1608    816
  1609    816
  1610    816
  1611    816
  1612    816
  1613    816
  1614    816
  1615    816
  1616    816
  1617    816
  1618    816
  1619    816
  1563    817
  1564    817
  1565    817
  1566    817
  1567    817
  1568    817
  1569    817
  1570    817
  1571    817
  1572    817
  1573    817
  1574    817
  1575    817
  1576    817
  1577    817
  1578    817
  1579    817
  1580    817
  1581    817
  1582    817
  1583    817
  1600    817
  1601    817
  1602    817
  1603    817
  1604    817
  1605    817
  1606    817
  1607    817
  1608    817
  1609    817
  1610    817
  1611    817
  1612    817
  1613    817
  1614    817
  1615    817
  1616    817
  1617    817
  1558    818
  1559    818
  1560    818
  1561    818
  1562    818
  1563    818
  1564    818
  1565    818
  1566    818
  1567    818
  1568    818
  1569    818
  1570    818
  1571    818
  1572    818
  1573    818
  1574    818
  1575    818
  1576    818
  1577    818
  1578    818
  1579    818
  1597    818
  1598    818
  1599    818
  1600    818
  1601    818
  1602    818
  1603    818
  1604    818
  1605    818
  1606    818
  1607    818
  1608    818
  1609    818
  1610    818
  1611    818
  1612    818
  1613    818
  1614    818
  1615    818
  1555    819
  1556    819
  1557    819
  1558    819
  1559    819
  1560    819
  1561    819
  1562    819
  1563    819
  1564    819
  1565    819
  1566    819
  1567    819
  1568    819
  1569    819
  1570    819
  1571    819
  1572    819
  1573    819
  1574    819
  1575    819
  1596    819
  1597    819
  1598    819
  1599    819
  1600    819
  1601    819
  1602    819
  1603    819
  1604    819
  1605    819
  1606    819
  1607    819
  1608    819
  1609    819
  1610    819
  1611    819
  1612    819
  1613    819
  1550    820
  1551    820
  1552    820
  1553    820
  1554    820
  1555    820
  1556    820
  1557    820
  1558    820
  1559    820
  1560    820
  1561    820
  1562    820
  1563    820
  1564    820
  1565    820
  1566    820
  1567    820
  1568    820
  1569    820
  1570    820
  1593    820
  1594    820
  1595    820
  1596    820
  1597    820
  1598    820
  1599    820
  1600    820
  1601    820
  1602    820
  1603    820
  1604    820
  1605    820
  1606    820
  1607    820
  1608    820
  1609    820
  1610    820
  1546    821
  1547    821
  1548    821
  1549    821
  1550    821
  1551    821
  1552    821
  1553    821
  1554    821
  1555    821
  1556    821
  1557    821
  1558    821
  1559    821
  1560    821
  1561    821
  1562    821
  1563    821
  1564    821
  1565    821
  1566    821
  1567    821
  1592    821
  1593    821
  1594    821
  1595    821
  1596    821
  1597    821
  1598    821
  1599    821
  1600    821
  1601    821
  1602    821
  1603    821
  1604    821
  1605    821
  1606    821
  1607    821
  1608    821
  1609    821
  1541    822
  1542    822
  1543    822
  1544    822
  1545    822
  1546    822
  1547    822
  1548    822
  1549    822
  1550    822
  1551    822
  1552    822
  1553    822
  1554    822
  1555    822
  1556    822
  1557    822
  1558    822
  1559    822
  1560    822
  1561    822
  1562    822
  1590    822
  1591    822
  1592    822
  1593    822
  1594    822
  1595    822
  1596    822
  1597    822
  1598    822
  1599    822
  1600    822
  1601    822
  1602    822
  1603    822
  1604    822
  1605    822
  1606    822
  1607    822
  1536    823
  1537    823
  1538    823
  1539    823
  1540    823
  1541    823
  1542    823
  1543    823
  1544    823
  1545    823
  1546    823
  1547    823
  1548    823
  1549    823
  1550    823
  1551    823
  1552    823
  1553    823
  1554    823
  1555    823
  1556    823
  1557    823
  1588    823
  1589    823
  1590    823
  1591    823
  1592    823
  1593    823
  1594    823
  1595    823
  1596    823
  1597    823
  1598    823
  1599    823
  1600    823
  1601    823
  1602    823
  1603    823
  1604    823
  1533    824
  1534    824
  1535    824
  1536    824
  1537    824
  1538    824
  1539    824
  1540    824
  1541    824
  1542    824
  1543    824
  1544    824
  1545    824
  1546    824
  1547    824
  1548    824
  1549    824
  1550    824
  1551    824
  1552    824
  1553    824
  1554    824
  1586    824
  1587    824
  1588    824
  1589    824
  1590    824
  1591    824
  1592    824
  1593    824
  1594    824
  1595    824
  1596    824
  1597    824
  1598    824
  1599    824
  1600    824
  1601    824
  1602    824
  1603    824
  1529    825
  1530    825
  1531    825
  1532    825
  1533    825
  1534    825
  1535    825
  1536    825
  1537    825
  1538    825
  1539    825
  1540    825
  1541    825
  1542    825
  1543    825
  1544    825
  1545    825
  1546    825
  1547    825
  1548    825
  1549    825
  1550    825
  1583    825
  1584    825
  1585    825
  1586    825
  1587    825
  1588    825
  1589    825
  1590    825
  1591    825
  1592    825
  1593    825
  1594    825
  1595    825
  1596    825
  1597    825
  1598    825
  1599    825
  1600    825
  1524    826
  1525    826
  1526    826
  1527    826
  1528    826
  1529    826
  1530    826
  1531    826
  1532    826
  1533    826
  1534    826
  1535    826
  1536    826
  1537    826
  1538    826
  1539    826
  1540    826
  1541    826
  1542    826
  1543    826
  1544    826
  1545    826
  1546    826
  1581    826
  1582    826
  1583    826
  1584    826
  1585    826
  1586    826
  1587    826
  1588    826
  1589    826
  1590    826
  1591    826
  1592    826
  1593    826
  1594    826
  1595    826
  1596    826
  1597    826
  1598    826
  1520    827
  1521    827
  1522    827
  1523    827
  1524    827
  1525    827
  1526    827
  1527    827
  1528    827
  1529    827
  1530    827
  1531    827
  1532    827
  1533    827
  1534    827
  1535    827
  1536    827
  1537    827
  1538    827
  1539    827
  1540    827
  1541    827
  1579    827
  1580    827
  1581    827
  1582    827
  1583    827
  1584    827
  1585    827
  1586    827
  1587    827
  1588    827
  1589    827
  1590    827
  1591    827
  1592    827
  1593    827
  1594    827
  1595    827
  1596    827
  1597    827
  1515    828
  1516    828
  1517    828
  1518    828
  1519    828
  1520    828
  1521    828
  1522    828
  1523    828
  1524    828
  1525    828
  1526    828
  1527    828
  1528    828
  1529    828
  1530    828
  1531    828
  1532    828
  1533    828
  1534    828
  1535    828
  1536    828
  1537    828
  1577    828
  1578    828
  1579    828
  1580    828
  1581    828
  1582    828
  1583    828
  1584    828
  1585    828
  1586    828
  1587    828
  1588    828
  1589    828
  1590    828
  1591    828
  1592    828
  1593    828
  1594    828
  1510    829
  1511    829
  1512    829
  1513    829
  1514    829
  1515    829
  1516    829
  1517    829
  1518    829
  1519    829
  1520    829
  1521    829
  1522    829
  1523    829
  1524    829
  1525    829
  1526    829
  1527    829
  1528    829
  1529    829
  1530    829
  1531    829
  1532    829
  1533    829
  1534    829
  1574    829
  1575    829
  1576    829
  1577    829
  1578    829
  1579    829
  1580    829
  1581    829
  1582    829
  1583    829
  1584    829
  1585    829
  1586    829
  1587    829
  1588    829
  1589    829
  1590    829
  1591    829
  1592    829
  1506    830
  1507    830
  1508    830
  1509    830
  1510    830
  1511    830
  1512    830
  1513    830
  1514    830
  1515    830
  1516    830
  1517    830
  1518    830
  1519    830
  1520    830
  1521    830
  1522    830
  1523    830
  1524    830
  1525    830
  1526    830
  1527    830
  1528    830
  1529    830
  1572    830
  1573    830
  1574    830
  1575    830
  1576    830
  1577    830
  1578    830
  1579    830
  1580    830
  1581    830
  1582    830
  1583    830
  1584    830
  1585    830
  1586    830
  1587    830
  1588    830
  1589    830
  1590    830
  1502    831
  1503    831
  1504    831
  1505    831
  1506    831
  1507    831
  1508    831
  1509    831
  1510    831
  1511    831
  1512    831
  1513    831
  1514    831
  1515    831
  1516    831
  1517    831
  1518    831
  1519    831
  1520    831
  1521    831
  1522    831
  1523    831
  1524    831
  1570    831
  1571    831
  1572    831
  1573    831
  1574    831
  1575    831
  1576    831
  1577    831
  1578    831
  1579    831
  1580    831
  1581    831
  1582    831
  1583    831
  1584    831
  1585    831
  1586    831
  1587    831
  1588    831
  1498    832
  1499    832
  1500    832
  1501    832
  1502    832
  1503    832
  1504    832
  1505    832
  1506    832
  1507    832
  1508    832
  1509    832
  1510    832
  1511    832
  1512    832
  1513    832
  1514    832
  1515    832
  1516    832
  1517    832
  1518    832
  1519    832
  1520    832
  1521    832
  1567    832
  1568    832
  1569    832
  1570    832
  1571    832
  1572    832
  1573    832
  1574    832
  1575    832
  1576    832
  1577    832
  1578    832
  1579    832
  1580    832
  1581    832
  1582    832
  1583    832
  1584    832
  1585    832
  1586    832
  1494    833
  1495    833
  1496    833
  1497    833
  1498    833
  1499    833
  1500    833
  1501    833
  1502    833
  1503    833
  1504    833
  1505    833
  1506    833
  1507    833
  1508    833
  1509    833
  1510    833
  1511    833
  1512    833
  1513    833
  1514    833
  1515    833
  1516    833
  1565    833
  1566    833
  1567    833
  1568    833
  1569    833
  1570    833
  1571    833
  1572    833
  1573    833
  1574    833
  1575    833
  1576    833
  1577    833
  1578    833
  1579    833
  1580    833
  1581    833
  1582    833
  1583    833
  1584    833
  1488    834
  1489    834
  1490    834
  1491    834
  1492    834
  1493    834
  1494    834
  1495    834
  1496    834
  1497    834
  1498    834
  1499    834
  1500    834
  1501    834
  1502    834
  1503    834
  1504    834
  1505    834
  1506    834
  1507    834
  1508    834
  1509    834
  1510    834
  1511    834
  1512    834
  1513    834
  1563    834
  1564    834
  1565    834
  1566    834
  1567    834
  1568    834
  1569    834
  1570    834
  1571    834
  1572    834
  1573    834
  1574    834
  1575    834
  1576    834
  1577    834
  1578    834
  1579    834
  1580    834
  1581    834
  1582    834
  1485    835
  1486    835
  1487    835
  1488    835
  1489    835
  1490    835
  1491    835
  1492    835
  1493    835
  1494    835
  1495    835
  1496    835
  1497    835
  1498    835
  1499    835
  1500    835
  1501    835
  1502    835
  1503    835
  1504    835
  1505    835
  1506    835
  1507    835
  1508    835
  1561    835
  1562    835
  1563    835
  1564    835
  1565    835
  1566    835
  1567    835
  1568    835
  1569    835
  1570    835
  1571    835
  1572    835
  1573    835
  1574    835
  1575    835
  1576    835
  1577    835
  1578    835
  1579    835
  1580    835
  1481    836
  1482    836
  1483    836
  1484    836
  1485    836
  1486    836
  1487    836
  1488    836
  1489    836
  1490    836
  1491    836
  1492    836
  1493    836
  1494    836
  1495    836
  1496    836
  1497    836
  1498    836
  1499    836
  1500    836
  1501    836
  1502    836
  1503    836
  1504    836
  1560    836
  1561    836
  1562    836
  1563    836
  1564    836
  1565    836
  1566    836
  1567    836
  1568    836
  1569    836
  1570    836
  1571    836
  1572    836
  1573    836
  1574    836
  1575    836
  1576    836
  1577    836
  1578    836
  1476    837
  1477    837
  1478    837
  1479    837
  1480    837
  1481    837
  1482    837
  1483    837
  1484    837
  1485    837
  1486    837
  1487    837
  1488    837
  1489    837
  1490    837
  1491    837
  1492    837
  1493    837
  1494    837
  1495    837
  1496    837
  1497    837
  1498    837
  1499    837
  1500    837
  1501    837
  1558    837
  1559    837
  1560    837
  1561    837
  1562    837
  1563    837
  1564    837
  1565    837
  1566    837
  1567    837
  1568    837
  1569    837
  1570    837
  1571    837
  1572    837
  1573    837
  1574    837
  1575    837
  1576    837
  1471    838
  1472    838
  1473    838
  1474    838
  1475    838
  1476    838
  1477    838
  1478    838
  1479    838
  1480    838
  1481    838
  1482    838
  1483    838
  1484    838
  1485    838
  1486    838
  1487    838
  1488    838
  1489    838
  1490    838
  1491    838
  1492    838
  1493    838
  1494    838
  1495    838
  1496    838
  1555    838
  1556    838
  1557    838
  1558    838
  1559    838
  1560    838
  1561    838
  1562    838
  1563    838
  1564    838
  1565    838
  1566    838
  1567    838
  1568    838
  1569    838
  1570    838
  1571    838
  1572    838
  1573    838
  1574    838
  1467    839
  1468    839
  1469    839
  1470    839
  1471    839
  1472    839
  1473    839
  1474    839
  1475    839
  1476    839
  1477    839
  1478    839
  1479    839
  1480    839
  1481    839
  1482    839
  1483    839
  1484    839
  1485    839
  1486    839
  1487    839
  1488    839
  1489    839
  1490    839
  1491    839
  1553    839
  1554    839
  1555    839
  1556    839
  1557    839
  1558    839
  1559    839
  1560    839
  1561    839
  1562    839
  1563    839
  1564    839
  1565    839
  1566    839
  1567    839
  1568    839
  1569    839
  1570    839
  1571    839
  1462    840
  1463    840
  1464    840
  1465    840
  1466    840
  1467    840
  1468    840
  1469    840
  1470    840
  1471    840
  1472    840
  1473    840
  1474    840
  1475    840
  1476    840
  1477    840
  1478    840
  1479    840
  1480    840
  1481    840
  1482    840
  1483    840
  1484    840
  1485    840
  1486    840
  1487    840
  1551    840
  1552    840
  1553    840
  1554    840
  1555    840
  1556    840
  1557    840
  1558    840
  1559    840
  1560    840
  1561    840
  1562    840
  1563    840
  1564    840
  1565    840
  1566    840
  1567    840
  1568    840
  1569    840
  1458    841
  1459    841
  1460    841
  1461    841
  1462    841
  1463    841
  1464    841
  1465    841
  1466    841
  1467    841
  1468    841
  1469    841
  1470    841
  1471    841
  1472    841
  1473    841
  1474    841
  1475    841
  1476    841
  1477    841
  1478    841
  1479    841
  1480    841
  1481    841
  1482    841
  1549    841
  1550    841
  1551    841
  1552    841
  1553    841
  1554    841
  1555    841
  1556    841
  1557    841
  1558    841
  1559    841
  1560    841
  1561    841
  1562    841
  1563    841
  1564    841
  1565    841
  1566    841
  1567    841
  1568    841
  1452    842
  1453    842
  1454    842
  1455    842
  1456    842
  1457    842
  1458    842
  1459    842
  1460    842
  1461    842
  1462    842
  1463    842
  1464    842
  1465    842
  1466    842
  1467    842
  1468    842
  1469    842
  1470    842
  1471    842
  1472    842
  1473    842
  1474    842
  1475    842
  1476    842
  1477    842
  1478    842
  1479    842
  1547    842
  1548    842
  1549    842
  1550    842
  1551    842
  1552    842
  1553    842
  1554    842
  1555    842
  1556    842
  1557    842
  1558    842
  1559    842
  1560    842
  1561    842
  1562    842
  1563    842
  1564    842
  1565    842
  1449    843
  1450    843
  1451    843
  1452    843
  1453    843
  1454    843
  1455    843
  1456    843
  1457    843
  1458    843
  1459    843
  1460    843
  1461    843
  1462    843
  1463    843
  1464    843
  1465    843
  1466    843
  1467    843
  1468    843
  1469    843
  1470    843
  1471    843
  1472    843
  1473    843
  1474    843
  1475    843
  1545    843
  1546    843
  1547    843
  1548    843
  1549    843
  1550    843
  1551    843
  1552    843
  1553    843
  1554    843
  1555    843
  1556    843
  1557    843
  1558    843
  1559    843
  1560    843
  1561    843
  1562    843
  1563    843
  1564    843
  1444    844
  1445    844
  1446    844
  1447    844
  1448    844
  1449    844
  1450    844
  1451    844
  1452    844
  1453    844
  1454    844
  1455    844
  1456    844
  1457    844
  1458    844
  1459    844
  1460    844
  1461    844
  1462    844
  1463    844
  1464    844
  1465    844
  1466    844
  1467    844
  1468    844
  1469    844
  1543    844
  1544    844
  1545    844
  1546    844
  1547    844
  1548    844
  1549    844
  1550    844
  1551    844
  1552    844
  1553    844
  1554    844
  1555    844
  1556    844
  1557    844
  1558    844
  1559    844
  1560    844
  1561    844
  1562    844
  1440    845
  1441    845
  1442    845
  1443    845
  1444    845
  1445    845
  1446    845
  1447    845
  1448    845
  1449    845
  1450    845
  1451    845
  1452    845
  1453    845
  1454    845
  1455    845
  1456    845
  1457    845
  1458    845
  1459    845
  1460    845
  1461    845
  1462    845
  1463    845
  1464    845
  1465    845
  1541    845
  1542    845
  1543    845
  1544    845
  1545    845
  1546    845
  1547    845
  1548    845
  1549    845
  1550    845
  1551    845
  1552    845
  1553    845
  1554    845
  1555    845
  1556    845
  1557    845
  1558    845
  1559    845
  1560    845
  1435    846
  1436    846
  1437    846
  1438    846
  1439    846
  1440    846
  1441    846
  1442    846
  1443    846
  1444    846
  1445    846
  1446    846
  1447    846
  1448    846
  1449    846
  1450    846
  1451    846
  1452    846
  1453    846
  1454    846
  1455    846
  1456    846
  1457    846
  1458    846
  1459    846
  1460    846
  1461    846
  1539    846
  1540    846
  1541    846
  1542    846
  1543    846
  1544    846
  1545    846
  1546    846
  1547    846
  1548    846
  1549    846
  1550    846
  1551    846
  1552    846
  1553    846
  1554    846
  1555    846
  1556    846
  1557    846
  1558    846
  1431    847
  1432    847
  1433    847
  1434    847
  1435    847
  1436    847
  1437    847
  1438    847
  1439    847
  1440    847
  1441    847
  1442    847
  1443    847
  1444    847
  1445    847
  1446    847
  1447    847
  1448    847
  1449    847
  1450    847
  1451    847
  1452    847
  1453    847
  1454    847
  1455    847
  1456    847
  1457    847
  1537    847
  1538    847
  1539    847
  1540    847
  1541    847
  1542    847
  1543    847
  1544    847
  1545    847
  1546    847
  1547    847
  1548    847
  1549    847
  1550    847
  1551    847
  1552    847
  1553    847
  1554    847
  1555    847
  1556    847
  1427    848
  1428    848
  1429    848
  1430    848
  1431    848
  1432    848
  1433    848
  1434    848
  1435    848
  1436    848
  1437    848
  1438    848
  1439    848
  1440    848
  1441    848
  1442    848
  1443    848
  1444    848
  1445    848
  1446    848
  1447    848
  1448    848
  1449    848
  1450    848
  1451    848
  1452    848
  1453    848
  1535    848
  1536    848
  1537    848
  1538    848
  1539    848
  1540    848
  1541    848
  1542    848
  1543    848
  1544    848
  1545    848
  1546    848
  1547    848
  1548    848
  1549    848
  1550    848
  1551    848
  1552    848
  1553    848
  1554    848
  1423    849
  1424    849
  1425    849
  1426    849
  1427    849
  1428    849
  1429    849
  1430    849
  1431    849
  1432    849
  1433    849
  1434    849
  1435    849
  1436    849
  1437    849
  1438    849
  1439    849
  1440    849
  1441    849
  1442    849
  1443    849
  1444    849
  1445    849
  1446    849
  1447    849
  1448    849
  1533    849
  1534    849
  1535    849
  1536    849
  1537    849
  1538    849
  1539    849
  1540    849
  1541    849
  1542    849
  1543    849
  1544    849
  1545    849
  1546    849
  1547    849
  1548    849
  1549    849
  1550    849
  1551    849
  1552    849
  1553    849
  1420    850
  1421    850
  1422    850
  1423    850
  1424    850
  1425    850
  1426    850
  1427    850
  1428    850
  1429    850
  1430    850
  1431    850
  1432    850
  1433    850
  1434    850
  1435    850
  1436    850
  1437    850
  1438    850
  1439    850
  1440    850
  1441    850
  1442    850
  1443    850
  1444    850
  1531    850
  1532    850
  1533    850
  1534    850
  1535    850
  1536    850
  1537    850
  1538    850
  1539    850
  1540    850
  1541    850
  1542    850
  1543    850
  1544    850
  1545    850
  1546    850
  1547    850
  1548    850
  1549    850
  1550    850
  1551    850
  1421    851
  1422    851
  1423    851
  1424    851
  1425    851
  1426    851
  1427    851
  1428    851
  1429    851
  1430    851
  1431    851
  1432    851
  1433    851
  1434    851
  1435    851
  1436    851
  1437    851
  1438    851
  1439    851
  1440    851
  1529    851
  1530    851
  1531    851
  1532    851
  1533    851
  1534    851
  1535    851
  1536    851
  1537    851
  1538    851
  1539    851
  1540    851
  1541    851
  1542    851
  1543    851
  1544    851
  1545    851
  1546    851
  1547    851
  1548    851
  1549    851
  1422    852
  1423    852
  1424    852
  1425    852
  1426    852
  1427    852
  1428    852
  1429    852
  1430    852
  1431    852
  1432    852
  1433    852
  1434    852
  1435    852
  1527    852
  1528    852
  1529    852
  1530    852
  1531    852
  1532    852
  1533    852
  1534    852
  1535    852
  1536    852
  1537    852
  1538    852
  1539    852
  1540    852
  1541    852
  1542    852
  1543    852
  1544    852
  1545    852
  1546    852
  1547    852
  1426    853
  1427    853
  1428    853
  1429    853
  1430    853
  1525    853
  1526    853
  1527    853
  1528    853
  1529    853
  1530    853
  1531    853
  1532    853
  1533    853
  1534    853
  1535    853
  1536    853
  1537    853
  1538    853
  1539    853
  1540    853
  1541    853
  1542    853
  1543    853
  1544    853
  1545    853
  1524    854
  1525    854
  1526    854
  1527    854
  1530    854
  1531    854
  1532    854
  1533    854
  1534    854
  1535    854
  1536    854
  1537    854
  1538    854
  1539    854
  1540    854
  1541    854
  1542    854
  1543    854
  1544    854
  1522    855
  1523    855
  1524    855
  1525    855
  1526    855
  1527    855
  1528    855
  1529    855
  1530    855
  1531    855
  1532    855
  1533    855
  1534    855
  1535    855
  1536    855
  1537    855
  1538    855
  1539    855
  1540    855
  1541    855
  1542    855
  1543    855
  1520    856
  1521    856
  1522    856
  1523    856
  1524    856
  1525    856
  1526    856
  1527    856
  1528    856
  1529    856
  1530    856
  1531    856
  1532    856
  1533    856
  1534    856
  1535    856
  1536    856
  1537    856
  1538    856
  1539    856
  1540    856
  1541    856
  1518    857
  1519    857
  1520    857
  1521    857
  1522    857
  1523    857
  1524    857
  1525    857
  1526    857
  1527    857
  1528    857
  1529    857
  1530    857
  1531    857
  1532    857
  1533    857
  1534    857
  1535    857
  1536    857
  1537    857
  1538    857
  1539    857
  1517    858
  1518    858
  1519    858
  1520    858
  1521    858
  1522    858
  1523    858
  1524    858
  1525    858
  1526    858
  1527    858
  1528    858
  1529    858
  1530    858
  1531    858
  1532    858
  1533    858
  1534    858
  1535    858
  1536    858
  1537    858
  1516    859
  1517    859
  1518    859
  1519    859
  1520    859
  1521    859
  1522    859
  1523    859
  1524    859
  1525    859
  1526    859
  1527    859
  1528    859
  1529    859
  1530    859
  1531    859
  1532    859
  1533    859
  1534    859
  1535    859
  1536    859
  1513    860
  1514    860
  1515    860
  1516    860
  1517    860
  1518    860
  1519    860
  1520    860
  1521    860
  1522    860
  1523    860
  1524    860
  1525    860
  1526    860
  1527    860
  1528    860
  1529    860
  1530    860
  1531    860
  1532    860
  1533    860
  1534    860
  1512    861
  1513    861
  1514    861
  1515    861
  1516    861
  1517    861
  1518    861
  1519    861
  1520    861
  1521    861
  1522    861
  1523    861
  1524    861
  1525    861
  1526    861
  1527    861
  1528    861
  1529    861
  1530    861
  1531    861
  1532    861
  1510    862
  1511    862
  1512    862
  1513    862
  1514    862
  1515    862
  1516    862
  1517    862
  1518    862
  1519    862
  1520    862
  1521    862
  1522    862
  1523    862
  1524    862
  1525    862
  1526    862
  1527    862
  1528    862
  1529    862
  1530    862
  1508    863
  1509    863
  1510    863
  1511    863
  1512    863
  1513    863
  1514    863
  1515    863
  1516    863
  1517    863
  1518    863
  1519    863
  1520    863
  1521    863
  1522    863
  1523    863
  1524    863
  1525    863
  1526    863
  1527    863
  1528    863
  1529    863
  1507    864
  1508    864
  1509    864
  1510    864
  1511    864
  1512    864
  1513    864
  1514    864
  1515    864
  1516    864
  1517    864
  1518    864
  1519    864
  1520    864
  1521    864
  1522    864
  1523    864
  1524    864
  1525    864
  1526    864
  1527    864
  1505    865
  1506    865
  1507    865
  1508    865
  1509    865
  1510    865
  1511    865
  1512    865
  1513    865
  1514    865
  1515    865
  1516    865
  1517    865
  1518    865
  1519    865
  1520    865
  1521    865
  1522    865
  1523    865
  1524    865
  1525    865
  1526    865
  1503    866
  1504    866
  1505    866
  1506    866
  1507    866
  1508    866
  1509    866
  1510    866
  1511    866
  1512    866
  1513    866
  1514    866
  1515    866
  1516    866
  1517    866
  1518    866
  1519    866
  1520    866
  1521    866
  1522    866
  1523    866
  1524    866
  1501    867
  1502    867
  1503    867
  1504    867
  1505    867
  1506    867
  1507    867
  1508    867
  1509    867
  1510    867
  1511    867
  1512    867
  1513    867
  1514    867
  1515    867
  1516    867
  1517    867
  1518    867
  1519    867
  1520    867
  1521    867
  1522    867
  1499    868
  1500    868
  1501    868
  1502    868
  1503    868
  1504    868
  1505    868
  1506    868
  1507    868
  1508    868
  1509    868
  1510    868
  1511    868
  1512    868
  1513    868
  1514    868
  1515    868
  1516    868
  1517    868
  1518    868
  1519    868
  1520    868
  1521    868
  1498    869
  1499    869
  1500    869
  1501    869
  1502    869
  1503    869
  1504    869
  1505    869
  1506    869
  1507    869
  1508    869
  1509    869
  1510    869
  1511    869
  1512    869
  1513    869
  1514    869
  1515    869
  1516    869
  1517    869
  1518    869
  1519    869
  1520    869
  1496    870
  1497    870
  1498    870
  1499    870
  1500    870
  1501    870
  1502    870
  1503    870
  1504    870
  1505    870
  1506    870
  1507    870
  1508    870
  1509    870
  1510    870
  1511    870
  1512    870
  1513    870
  1514    870
  1515    870
  1516    870
  1517    870
  1518    870
  1495    871
  1496    871
  1497    871
  1498    871
  1499    871
  1500    871
  1501    871
  1502    871
  1503    871
  1504    871
  1505    871
  1506    871
  1507    871
  1508    871
  1509    871
  1510    871
  1511    871
  1512    871
  1513    871
  1514    871
  1515    871
  1516    871
  1517    871
  1493    872
  1494    872
  1495    872
  1496    872
  1497    872
  1498    872
  1499    872
  1500    872
  1501    872
  1502    872
  1503    872
  1504    872
  1505    872
  1506    872
  1507    872
  1508    872
  1509    872
  1510    872
  1511    872
  1512    872
  1513    872
  1514    872
  1515    872
  1492    873
  1493    873
  1494    873
  1495    873
  1496    873
  1497    873
  1498    873
  1499    873
  1500    873
  1501    873
  1502    873
  1503    873
  1504    873
  1505    873
  1506    873
  1507    873
  1508    873
  1509    873
  1510    873
  1511    873
  1512    873
  1513    873
  1514    873
  1491    874
  1492    874
  1493    874
  1494    874
  1495    874
  1496    874
  1497    874
  1498    874
  1499    874
  1500    874
  1501    874
  1502    874
  1503    874
  1504    874
  1505    874
  1506    874
  1507    874
  1508    874
  1509    874
  1510    874
  1511    874
  1512    874
  1490    875
  1491    875
  1492    875
  1493    875
  1494    875
  1495    875
  1496    875
  1497    875
  1498    875
  1499    875
  1500    875
  1501    875
  1502    875
  1503    875
  1504    875
  1505    875
  1506    875
  1507    875
  1508    875
  1509    875
  1510    875
  1511    875
  1492    876
  1493    876
  1494    876
  1495    876
  1496    876
  1497    876
  1498    876
  1499    876
  1500    876
  1501    876
  1502    876
  1503    876
  1504    876
  1505    876
  1506    876
  1507    876
  1508    876
  1509    876
  1510    876
  1497    877
  1498    877
  1499    877
  1500    877
  1501    877
  1502    877
  1503    877
  1504    877
  1505    877
  1506    877
  1507    877
  1508    877
  1509    877
  1499    878
  1500    878
  1501    878
  1502    878
  1503    878
  1504    878
  1505    878
  1506    878
  1501    879
  1502    879
