  1726    782
  1727    782
  1728    782
  1729    782
  1730    782
  1731    782
  1732    782
  1733    782
  1734    782
  1735    782
  1736    782
  1737    782
  1738    782
  1739    782
  1740    782
  1741    782
  1742    782
  1743    782
  1744    782
  1723    783
  1724    783
  1725    783
  1726    783
  1727    783
  1728    783
  1729    783
  1730    783
  1731    783
  1732    783
  1733    783
  1734    783
  1735    783
  1736    783
  1737    783
  1738    783
  1739    783
  1740    783
  1741    783
  1742    783
  1720    784
  1721    784
  1722    784
  1723    784
  1724    784
  1725    784
  1726    784
  1727    784
  1728    784
  1729    784
  1730    784
  1731    784
  1732    784
  1733    784
  1734    784
  1735    784
  1736    784
  1737    784
  1738    784
  1739    784
  1717    785
  1718    785
  1719    785
  1720    785
  1721    785
  1722    785
  1723    785
  1724    785
  1725    785
  1726    785
  1727    785
  1728    785
  1729    785
  1730    785
  1731    785
  1732    785
  1733    785
  1734    785
  1735    785
  1736    785
  1737    785
  1713    786
  1714    786
  1715    786
  1716    786
  1717    786
  1718    786
  1719    786
  1720    786
  1721    786
  1722    786
  1723    786
  1724    786
  1725    786
  1726    786
  1727    786
  1728    786
  1729    786
  1730    786
  1731    786
  1732    786
  1733    786
  1734    786
  1710    787
  1711    787
  1712    787
  1713    787
  1714    787
  1715    787
  1716    787
  1717    787
  1718    787
  1719    787
  1720    787
  1721    787
  1722    787
  1723    787
  1724    787
  1725    787
  1726    787
  1727    787
  1728    787
  1729    787
  1730    787
  1731    787
  1732    787
  1707    788
  1708    788
  1709    788
  1710    788
  1711    788
  1712    788
  1713    788
  1714    788
  1715    788
  1716    788
  1717    788
  1718    788
  1719    788
  1720    788
  1721    788
  1722    788
  1723    788
  1724    788
  1725    788
  1726    788
  1727    788
  1728    788
  1729    788
  1704    789
  1705    789
  1706    789
  1707    789
  1708    789
  1709    789
  1710    789
  1711    789
  1712    789
  1713    789
  1714    789
  1715    789
  1716    789
  1717    789
  1718    789
  1719    789
  1720    789
  1721    789
  1722    789
  1723    789
  1724    789
  1725    789
  1700    790
  1701    790
  1702    790
  1703    790
  1704    790
  1705    790
  1706    790
  1707    790
  1708    790
  1709    790
  1710    790
  1711    790
  1712    790
  1713    790
  1714    790
  1715    790
  1716    790
  1717    790
  1718    790
  1719    790
  1720    790
  1721    790
  1722    790
  1723    790
  1694    791
  1695    791
  1696    791
  1697    791
  1698    791
  1699    791
  1700    791
  1701    791
  1702    791
  1703    791
  1704    791
  1705    791
  1706    791
  1707    791
  1708    791
  1709    791
  1710    791
  1711    791
  1712    791
  1713    791
  1714    791
  1715    791
  1716    791
  1717    791
  1718    791
  1719    791
  1720    791
  1721    791
  1690    792
  1691    792
  1692    792
  1693    792
  1694    792
  1695    792
  1696    792
  1697    792
  1698    792
  1699    792
  1700    792
  1701    792
  1702    792
  1703    792
  1704    792
  1705    792
  1706    792
  1707    792
  1708    792
  1709    792
  1710    792
  1711    792
  1712    792
  1713    792
  1714    792
  1715    792
  1716    792
  1717    792
  1688    793
  1689    793
  1690    793
  1691    793
  1692    793
  1693    793
  1694    793
  1695    793
  1696    793
  1697    793
  1698    793
  1699    793
  1700    793
  1701    793
  1702    793
  1703    793
  1704    793
  1705    793
  1706    793
  1707    793
  1708    793
  1709    793
  1710    793
  1711    793
  1712    793
  1713    793
  1714    793
  1715    793
  1686    794
  1687    794
  1688    794
  1689    794
  1690    794
  1691    794
  1692    794
  1693    794
  1694    794
  1695    794
  1696    794
  1697    794
  1698    794
  1699    794
  1700    794
  1701    794
  1702    794
  1703    794
  1704    794
  1705    794
  1706    794
  1707    794
  1708    794
  1709    794
  1710    794
  1711    794
  1683    795
  1684    795
  1685    795
  1686    795
  1687    795
  1688    795
  1689    795
  1690    795
  1691    795
  1692    795
  1693    795
  1694    795
  1695    795
  1696    795
  1697    795
  1698    795
  1699    795
  1700    795
  1701    795
  1702    795
  1703    795
  1704    795
  1705    795
  1706    795
  1707    795
  1708    795
  1709    795
  1680    796
  1681    796
  1682    796
  1683    796
  1684    796
  1685    796
  1686    796
  1687    796
  1688    796
  1689    796
  1690    796
  1691    796
  1692    796
  1693    796
  1694    796
  1695    796
  1696    796
  1697    796
  1698    796
  1699    796
  1700    796
  1701    796
  1702    796
  1703    796
  1704    796
  1705    796
  1676    797
  1677    797
  1678    797
  1679    797
  1680    797
  1681    797
  1682    797
  1683    797
  1684    797
  1685    797
  1686    797
  1687    797
  1688    797
  1689    797
  1690    797
  1691    797
  1692    797
  1693    797
  1694    797
  1695    797
  1696    797
  1697    797
  1698    797
  1699    797
  1700    797
  1701    797
  1702    797
  1673    798
  1674    798
  1675    798
  1676    798
  1677    798
  1678    798
  1679    798
  1680    798
  1681    798
  1682    798
  1683    798
  1684    798
  1685    798
  1686    798
  1687    798
  1688    798
  1689    798
  1690    798
  1691    798
  1692    798
  1693    798
  1694    798
  1695    798
  1696    798
  1697    798
  1698    798
  1699    798
  1700    798
  1669    799
  1670    799
  1671    799
  1672    799
  1673    799
  1674    799
  1675    799
  1676    799
  1677    799
  1678    799
  1679    799
  1680    799
  1681    799
  1682    799
  1683    799
  1684    799
  1685    799
  1686    799
  1687    799
  1688    799
  1689    799
  1690    799
  1691    799
  1692    799
  1693    799
  1694    799
  1695    799
  1696    799
  1697    799
  1666    800
  1667    800
  1668    800
  1669    800
  1670    800
  1671    800
  1672    800
  1673    800
  1674    800
  1675    800
  1676    800
  1677    800
  1678    800
  1679    800
  1680    800
  1681    800
  1682    800
  1683    800
  1684    800
  1685    800
  1686    800
  1687    800
  1688    800
  1689    800
  1690    800
  1691    800
  1692    800
  1693    800
  1694    800
  1662    801
  1663    801
  1664    801
  1665    801
  1666    801
  1667    801
  1668    801
  1669    801
  1670    801
  1671    801
  1672    801
  1673    801
  1674    801
  1675    801
  1676    801
  1677    801
  1678    801
  1679    801
  1680    801
  1681    801
  1682    801
  1683    801
  1684    801
  1685    801
  1686    801
  1687    801
  1688    801
  1689    801
  1690    801
  1691    801
  1658    802
  1659    802
  1660    802
  1661    802
  1662    802
  1663    802
  1664    802
  1665    802
  1666    802
  1667    802
  1668    802
  1669    802
  1670    802
  1671    802
  1672    802
  1673    802
  1674    802
  1675    802
  1676    802
  1677    802
  1678    802
  1679    802
  1680    802
  1681    802
  1682    802
  1683    802
  1684    802
  1685    802
  1686    802
  1687    802
  1688    802
  1655    803
  1656    803
  1657    803
  1658    803
  1659    803
  1660    803
  1661    803
  1662    803
  1663    803
  1664    803
  1665    803
  1666    803
  1667    803
  1668    803
  1669    803
  1670    803
  1671    803
  1672    803
  1673    803
  1674    803
  1675    803
  1676    803
  1677    803
  1678    803
  1679    803
  1680    803
  1681    803
  1682    803
  1683    803
  1684    803
  1685    803
  1652    804
  1653    804
  1654    804
  1655    804
  1656    804
  1657    804
  1658    804
  1659    804
  1660    804
  1661    804
  1662    804
  1663    804
  1664    804
  1665    804
  1666    804
  1667    804
  1668    804
  1669    804
  1670    804
  1671    804
  1672    804
  1673    804
  1674    804
  1675    804
  1676    804
  1677    804
  1678    804
  1679    804
  1680    804
  1681    804
  1648    805
  1649    805
  1650    805
  1651    805
  1652    805
  1653    805
  1654    805
  1655    805
  1656    805
  1657    805
  1658    805
  1659    805
  1660    805
  1661    805
  1662    805
  1663    805
  1664    805
  1665    805
  1666    805
  1667    805
  1668    805
  1669    805
  1670    805
  1671    805
  1672    805
  1673    805
  1674    805
  1675    805
  1676    805
  1677    805
  1678    805
  1679    805
  1645    806
  1646    806
  1647    806
  1648    806
  1649    806
  1650    806
  1651    806
  1652    806
  1653    806
  1654    806
  1655    806
  1656    806
  1657    806
  1658    806
  1659    806
  1660    806
  1661    806
  1662    806
  1663    806
  1664    806
  1665    806
  1666    806
  1667    806
  1668    806
  1669    806
  1670    806
  1671    806
  1672    806
  1673    806
  1674    806
  1675    806
  1676    806
  1641    807
  1642    807
  1643    807
  1644    807
  1645    807
  1646    807
  1647    807
  1648    807
  1649    807
  1650    807
  1651    807
  1652    807
  1653    807
  1654    807
  1655    807
  1656    807
  1657    807
  1658    807
  1659    807
  1660    807
  1661    807
  1662    807
  1663    807
  1664    807
  1665    807
  1666    807
  1667    807
  1668    807
  1669    807
  1670    807
  1671    807
  1672    807
  1673    807
  1674    807
  1637    808
  1638    808
  1639    808
  1640    808
  1641    808
  1642    808
  1643    808
  1644    808
  1645    808
  1646    808
  1647    808
  1648    808
  1649    808
  1650    808
  1651    808
  1652    808
  1653    808
  1654    808
  1655    808
  1656    808
  1657    808
  1658    808
  1659    808
  1660    808
  1661    808
  1662    808
  1663    808
  1664    808
  1665    808
  1666    808
  1667    808
  1668    808
  1669    808
  1670    808
  1671    808
  1634    809
  1635    809
  1636    809
  1637    809
  1638    809
  1639    809
  1640    809
  1641    809
  1642    809
  1643    809
  1644    809
  1645    809
  1646    809
  1647    809
  1648    809
  1649    809
  1650    809
  1651    809
  1652    809
  1653    809
  1654    809
  1655    809
  1656    809
  1657    809
  1658    809
  1659    809
  1660    809
  1661    809
  1662    809
  1663    809
  1664    809
  1665    809
  1666    809
  1667    809
  1668    809
  1669    809
  1629    810
  1630    810
  1631    810
  1632    810
  1633    810
  1634    810
  1635    810
  1636    810
  1637    810
  1638    810
  1639    810
  1640    810
  1641    810
  1642    810
  1643    810
  1644    810
  1645    810
  1646    810
  1647    810
  1648    810
  1649    810
  1650    810
  1651    810
  1652    810
  1653    810
  1654    810
  1655    810
  1656    810
  1657    810
  1658    810
  1659    810
  1660    810
  1661    810
  1662    810
  1663    810
  1664    810
  1665    810
  1666    810
  1626    811
  1627    811
  1628    811
  1629    811
  1630    811
  1631    811
  1632    811
  1633    811
  1634    811
  1635    811
  1636    811
  1637    811
  1638    811
  1639    811
  1640    811
  1641    811
  1642    811
  1643    811
  1644    811
  1645    811
  1646    811
  1647    811
  1648    811
  1649    811
  1650    811
  1651    811
  1652    811
  1653    811
  1654    811
  1655    811
  1656    811
  1657    811
  1658    811
  1659    811
  1660    811
  1661    811
  1662    811
  1663    811
  1623    812
  1624    812
  1625    812
  1626    812
  1627    812
  1628    812
  1629    812
  1630    812
  1631    812
  1632    812
  1633    812
  1634    812
  1635    812
  1636    812
  1637    812
  1638    812
  1639    812
  1640    812
  1641    812
  1642    812
  1643    812
  1644    812
  1645    812
  1646    812
  1647    812
  1648    812
  1649    812
  1650    812
  1651    812
  1652    812
  1653    812
  1654    812
  1655    812
  1656    812
  1657    812
  1658    812
  1659    812
  1660    812
  1661    812
  1619    813
  1620    813
  1621    813
  1622    813
  1623    813
  1624    813
  1625    813
  1626    813
  1627    813
  1628    813
  1629    813
  1630    813
  1631    813
  1632    813
  1633    813
  1634    813
  1635    813
  1636    813
  1637    813
  1638    813
  1639    813
  1642    813
  1643    813
  1644    813
  1645    813
  1646    813
  1647    813
  1648    813
  1649    813
  1650    813
  1651    813
  1652    813
  1653    813
  1654    813
  1655    813
  1656    813
  1657    813
  1658    813
  1659    813
  1615    814
  1616    814
  1617    814
  1618    814
  1619    814
  1620    814
  1621    814
  1622    814
  1623    814
  1624    814
  1625    814
  1626    814
  1627    814
  1628    814
  1629    814
  1630    814
  1631    814
  1632    814
  1633    814
  1634    814
  1635    814
  1639    814
  1640    814
  1641    814
  1642    814
  1643    814
  1644    814
  1645    814
  1646    814
  1647    814
  1648    814
  1649    814
  1650    814
  1651    814
  1652    814
  1653    814
  1654    814
  1655    814
  1656    814
  1612    815
  1613    815
  1614    815
  1615    815
  1616    815
  1617    815
  1618    815
  1619    815
  1620    815
  1621    815
  1622    815
  1623    815
  1624    815
  1625    815
  1626    815
  1627    815
  1628    815
  1629    815
  1630    815
  1631    815
  1632    815
  1636    815
  1637    815
  1638    815
  1639    815
  1640    815
  1641    815
  1642    815
  1643    815
  1644    815
  1645    815
  1646    815
  1647    815
  1648    815
  1649    815
  1650    815
  1651    815
  1652    815
  1653    815
  1654    815
  1609    816
  1610    816
  1611    816
  1612    816
  1613    816
  1614    816
  1615    816
  1616    816
  1617    816
  1618    816
  1619    816
  1620    816
  1621    816
  1622    816
  1623    816
  1624    816
  1625    816
  1626    816
  1627    816
  1628    816
  1635    816
  1636    816
  1637    816
  1638    816
  1639    816
  1640    816
  1641    816
  1642    816
  1643    816
  1644    816
  1645    816
  1646    816
  1647    816
  1648    816
  1649    816
  1650    816
  1651    816
  1652    816
  1605    817
  1606    817
  1607    817
  1608    817
  1609    817
  1610    817
  1611    817
  1612    817
  1613    817
  1614    817
  1615    817
  1616    817
  1617    817
  1618    817
  1619    817
  1620    817
  1621    817
  1622    817
  1623    817
  1624    817
  1632    817
  1633    817
  1634    817
  1635    817
  1636    817
  1637    817
  1638    817
  1639    817
  1640    817
  1641    817
  1642    817
  1643    817
  1644    817
  1645    817
  1646    817
  1647    817
  1648    817
  1649    817
  1600    818
  1601    818
  1602    818
  1603    818
  1604    818
  1605    818
  1606    818
  1607    818
  1608    818
  1609    818
  1610    818
  1611    818
  1612    818
  1613    818
  1614    818
  1615    818
  1616    818
  1617    818
  1618    818
  1619    818
  1620    818
  1630    818
  1631    818
  1632    818
  1633    818
  1634    818
  1635    818
  1636    818
  1637    818
  1638    818
  1639    818
  1640    818
  1641    818
  1642    818
  1643    818
  1644    818
  1645    818
  1646    818
  1647    818
  1597    819
  1598    819
  1599    819
  1600    819
  1601    819
  1602    819
  1603    819
  1604    819
  1605    819
  1606    819
  1607    819
  1608    819
  1609    819
  1610    819
  1611    819
  1612    819
  1613    819
  1614    819
  1615    819
  1616    819
  1617    819
  1627    819
  1628    819
  1629    819
  1630    819
  1631    819
  1632    819
  1633    819
  1634    819
  1635    819
  1636    819
  1637    819
  1638    819
  1639    819
  1640    819
  1641    819
  1642    819
  1643    819
  1644    819
  1645    819
  1594    820
  1595    820
  1596    820
  1597    820
  1598    820
  1599    820
  1600    820
  1601    820
  1602    820
  1603    820
  1604    820
  1605    820
  1606    820
  1607    820
  1608    820
  1609    820
  1610    820
  1611    820
  1612    820
  1613    820
  1626    820
  1627    820
  1628    820
  1629    820
  1630    820
  1631    820
  1632    820
  1633    820
  1634    820
  1635    820
  1636    820
  1637    820
  1638    820
  1639    820
  1640    820
  1641    820
  1642    820
  1643    820
  1590    821
  1591    821
  1592    821
  1593    821
  1594    821
  1595    821
  1596    821
  1597    821
  1598    821
  1599    821
  1600    821
  1601    821
  1602    821
  1603    821
  1604    821
  1605    821
  1606    821
  1607    821
  1608    821
  1609    821
  1610    821
  1624    821
  1625    821
  1626    821
  1627    821
  1628    821
  1629    821
  1630    821
  1631    821
  1632    821
  1633    821
  1634    821
  1635    821
  1636    821
  1637    821
  1638    821
  1639    821
  1640    821
  1641    821
  1586    822
  1587    822
  1588    822
  1589    822
  1590    822
  1591    822
  1592    822
  1593    822
  1594    822
  1595    822
  1596    822
  1597    822
  1598    822
  1599    822
  1600    822
  1601    822
  1602    822
  1603    822
  1604    822
  1605    822
  1606    822
  1622    822
  1623    822
  1624    822
  1625    822
  1626    822
  1627    822
  1628    822
  1629    822
  1630    822
  1631    822
  1632    822
  1633    822
  1634    822
  1635    822
  1636    822
  1637    822
  1638    822
  1639    822
  1582    823
  1583    823
  1584    823
  1585    823
  1586    823
  1587    823
  1588    823
  1589    823
  1590    823
  1591    823
  1592    823
  1593    823
  1594    823
  1595    823
  1596    823
  1597    823
  1598    823
  1599    823
  1600    823
  1601    823
  1602    823
  1620    823
  1621    823
  1622    823
  1623    823
  1624    823
  1625    823
  1626    823
  1627    823
  1628    823
  1629    823
  1630    823
  1631    823
  1632    823
  1633    823
  1634    823
  1635    823
  1636    823
  1637    823
  1638    823
  1578    824
  1579    824
  1580    824
  1581    824
  1582    824
  1583    824
  1584    824
  1585    824
  1586    824
  1587    824
  1588    824
  1589    824
  1590    824
  1591    824
  1592    824
  1593    824
  1594    824
  1595    824
  1596    824
  1597    824
  1598    824
  1599    824
  1619    824
  1620    824
  1621    824
  1622    824
  1623    824
  1624    824
  1625    824
  1626    824
  1627    824
  1628    824
  1629    824
  1630    824
  1631    824
  1632    824
  1633    824
  1634    824
  1635    824
  1574    825
  1575    825
  1576    825
  1577    825
  1578    825
  1579    825
  1580    825
  1581    825
  1582    825
  1583    825
  1584    825
  1585    825
  1586    825
  1587    825
  1588    825
  1589    825
  1590    825
  1591    825
  1592    825
  1593    825
  1594    825
  1617    825
  1618    825
  1619    825
  1620    825
  1621    825
  1622    825
  1623    825
  1624    825
  1625    825
  1626    825
  1627    825
  1628    825
  1629    825
  1630    825
  1631    825
  1632    825
  1633    825
  1634    825
  1570    826
  1571    826
  1572    826
  1573    826
  1574    826
  1575    826
  1576    826
  1577    826
  1578    826
  1579    826
  1580    826
  1581    826
  1582    826
  1583    826
  1584    826
  1585    826
  1586    826
  1587    826
  1588    826
  1589    826
  1590    826
  1591    826
  1592    826
  1614    826
  1615    826
  1616    826
  1617    826
  1618    826
  1619    826
  1620    826
  1621    826
  1622    826
  1623    826
  1624    826
  1625    826
  1626    826
  1627    826
  1628    826
  1629    826
  1630    826
  1631    826
  1632    826
  1566    827
  1567    827
  1568    827
  1569    827
  1570    827
  1571    827
  1572    827
  1573    827
  1574    827
  1575    827
  1576    827
  1577    827
  1578    827
  1579    827
  1580    827
  1581    827
  1582    827
  1583    827
  1584    827
  1585    827
  1586    827
  1587    827
  1613    827
  1614    827
  1615    827
  1616    827
  1617    827
  1618    827
  1619    827
  1620    827
  1621    827
  1622    827
  1623    827
  1624    827
  1625    827
  1626    827
  1627    827
  1628    827
  1629    827
  1630    827
  1562    828
  1563    828
  1564    828
  1565    828
  1566    828
  1567    828
  1568    828
  1569    828
  1570    828
  1571    828
  1572    828
  1573    828
  1574    828
  1575    828
  1576    828
  1577    828
  1578    828
  1579    828
  1580    828
  1581    828
  1582    828
  1583    828
  1584    828
  1611    828
  1612    828
  1613    828
  1614    828
  1615    828
  1616    828
  1617    828
  1618    828
  1619    828
  1620    828
  1621    828
  1622    828
  1623    828
  1624    828
  1625    828
  1626    828
  1627    828
  1628    828
  1558    829
  1559    829
  1560    829
  1561    829
  1562    829
  1563    829
  1564    829
  1565    829
  1566    829
  1567    829
  1568    829
  1569    829
  1570    829
  1571    829
  1572    829
  1573    829
  1574    829
  1575    829
  1576    829
  1577    829
  1578    829
  1579    829
  1580    829
  1609    829
  1610    829
  1611    829
  1612    829
  1613    829
  1614    829
  1615    829
  1616    829
  1617    829
  1618    829
  1619    829
  1620    829
  1621    829
  1622    829
  1623    829
  1624    829
  1625    829
  1626    829
  1627    829
  1553    830
  1554    830
  1555    830
  1556    830
  1557    830
  1558    830
  1559    830
  1560    830
  1561    830
  1562    830
  1563    830
  1564    830
  1565    830
  1566    830
  1567    830
  1568    830
  1569    830
  1570    830
  1571    830
  1572    830
  1573    830
  1574    830
  1575    830
  1576    830
  1608    830
  1609    830
  1610    830
  1611    830
  1612    830
  1613    830
  1614    830
  1615    830
  1616    830
  1617    830
  1618    830
  1619    830
  1620    830
  1621    830
  1622    830
  1623    830
  1624    830
  1625    830
  1549    831
  1550    831
  1551    831
  1552    831
  1553    831
  1554    831
  1555    831
  1556    831
  1557    831
  1558    831
  1559    831
  1560    831
  1561    831
  1562    831
  1563    831
  1564    831
  1565    831
  1566    831
  1567    831
  1568    831
  1569    831
  1570    831
  1571    831
  1605    831
  1606    831
  1607    831
  1608    831
  1609    831
  1610    831
  1611    831
  1612    831
  1613    831
  1614    831
  1615    831
  1616    831
  1617    831
  1618    831
  1619    831
  1620    831
  1621    831
  1622    831
  1623    831
  1545    832
  1546    832
  1547    832
  1548    832
  1549    832
  1550    832
  1551    832
  1552    832
  1553    832
  1554    832
  1555    832
  1556    832
  1557    832
  1558    832
  1559    832
  1560    832
  1561    832
  1562    832
  1563    832
  1564    832
  1565    832
  1566    832
  1567    832
  1568    832
  1603    832
  1604    832
  1605    832
  1606    832
  1607    832
  1608    832
  1609    832
  1610    832
  1611    832
  1612    832
  1613    832
  1614    832
  1615    832
  1616    832
  1617    832
  1618    832
  1619    832
  1620    832
  1621    832
  1622    832
  1541    833
  1542    833
  1543    833
  1544    833
  1545    833
  1546    833
  1547    833
  1548    833
  1549    833
  1550    833
  1551    833
  1552    833
  1553    833
  1554    833
  1555    833
  1556    833
  1557    833
  1558    833
  1559    833
  1560    833
  1561    833
  1562    833
  1563    833
  1601    833
  1602    833
  1603    833
  1604    833
  1605    833
  1606    833
  1607    833
  1608    833
  1609    833
  1610    833
  1611    833
  1612    833
  1613    833
  1614    833
  1615    833
  1616    833
  1617    833
  1618    833
  1619    833
  1620    833
  1538    834
  1539    834
  1540    834
  1541    834
  1542    834
  1543    834
  1544    834
  1545    834
  1546    834
  1547    834
  1548    834
  1549    834
  1550    834
  1551    834
  1552    834
  1553    834
  1554    834
  1555    834
  1556    834
  1557    834
  1558    834
  1559    834
  1560    834
  1599    834
  1600    834
  1601    834
  1602    834
  1603    834
  1604    834
  1605    834
  1606    834
  1607    834
  1608    834
  1609    834
  1610    834
  1611    834
  1612    834
  1613    834
  1614    834
  1615    834
  1616    834
  1617    834
  1533    835
  1534    835
  1535    835
  1536    835
  1537    835
  1538    835
  1539    835
  1540    835
  1541    835
  1542    835
  1543    835
  1544    835
  1545    835
  1546    835
  1547    835
  1548    835
  1549    835
  1550    835
  1551    835
  1552    835
  1553    835
  1554    835
  1555    835
  1556    835
  1597    835
  1598    835
  1599    835
  1600    835
  1601    835
  1602    835
  1603    835
  1604    835
  1605    835
  1606    835
  1607    835
  1608    835
  1609    835
  1610    835
  1611    835
  1612    835
  1613    835
  1614    835
  1615    835
  1529    836
  1530    836
  1531    836
  1532    836
  1533    836
  1534    836
  1535    836
  1536    836
  1537    836
  1538    836
  1539    836
  1540    836
  1541    836
  1542    836
  1543    836
  1544    836
  1545    836
  1546    836
  1547    836
  1548    836
  1549    836
  1550    836
  1551    836
  1552    836
  1553    836
  1554    836
  1595    836
  1596    836
  1597    836
  1598    836
  1599    836
  1600    836
  1601    836
  1602    836
  1603    836
  1604    836
  1605    836
  1606    836
  1607    836
  1608    836
  1609    836
  1610    836
  1611    836
  1612    836
  1613    836
  1525    837
  1526    837
  1527    837
  1528    837
  1529    837
  1530    837
  1531    837
  1532    837
  1533    837
  1534    837
  1535    837
  1536    837
  1537    837
  1538    837
  1539    837
  1540    837
  1541    837
  1542    837
  1543    837
  1544    837
  1545    837
  1546    837
  1547    837
  1548    837
  1549    837
  1592    837
  1593    837
  1594    837
  1595    837
  1596    837
  1597    837
  1598    837
  1599    837
  1600    837
  1601    837
  1602    837
  1603    837
  1604    837
  1605    837
  1606    837
  1607    837
  1608    837
  1609    837
  1610    837
  1611    837
  1612    837
  1521    838
  1522    838
  1523    838
  1524    838
  1525    838
  1526    838
  1527    838
  1528    838
  1529    838
  1530    838
  1531    838
  1532    838
  1533    838
  1534    838
  1535    838
  1536    838
  1537    838
  1538    838
  1539    838
  1540    838
  1541    838
  1542    838
  1543    838
  1544    838
  1591    838
  1592    838
  1593    838
  1594    838
  1595    838
  1596    838
  1597    838
  1598    838
  1599    838
  1600    838
  1601    838
  1602    838
  1603    838
  1604    838
  1605    838
  1606    838
  1607    838
  1608    838
  1609    838
  1610    838
  1517    839
  1518    839
  1519    839
  1520    839
  1521    839
  1522    839
  1523    839
  1524    839
  1525    839
  1526    839
  1527    839
  1528    839
  1529    839
  1530    839
  1531    839
  1532    839
  1533    839
  1534    839
  1535    839
  1536    839
  1537    839
  1538    839
  1539    839
  1540    839
  1541    839
  1590    839
  1591    839
  1592    839
  1593    839
  1594    839
  1595    839
  1596    839
  1597    839
  1598    839
  1599    839
  1600    839
  1601    839
  1602    839
  1603    839
  1604    839
  1605    839
  1606    839
  1607    839
  1608    839
  1513    840
  1514    840
  1515    840
  1516    840
  1517    840
  1518    840
  1519    840
  1520    840
  1521    840
  1522    840
  1523    840
  1524    840
  1525    840
  1526    840
  1527    840
  1528    840
  1529    840
  1530    840
  1531    840
  1532    840
  1533    840
  1534    840
  1535    840
  1536    840
  1537    840
  1586    840
  1587    840
  1588    840
  1589    840
  1590    840
  1591    840
  1592    840
  1593    840
  1594    840
  1595    840
  1596    840
  1597    840
  1598    840
  1599    840
  1600    840
  1601    840
  1602    840
  1603    840
  1604    840
  1605    840
  1606    840
  1607    840
  1509    841
  1510    841
  1511    841
  1512    841
  1513    841
  1514    841
  1515    841
  1516    841
  1517    841
  1518    841
  1519    841
  1520    841
  1521    841
  1522    841
  1523    841
  1524    841
  1525    841
  1526    841
  1527    841
  1528    841
  1529    841
  1530    841
  1531    841
  1532    841
  1533    841
  1585    841
  1586    841
  1587    841
  1588    841
  1589    841
  1590    841
  1591    841
  1592    841
  1593    841
  1594    841
  1595    841
  1596    841
  1597    841
  1598    841
  1599    841
  1600    841
  1601    841
  1602    841
  1603    841
  1604    841
  1505    842
  1506    842
  1507    842
  1508    842
  1509    842
  1510    842
  1511    842
  1512    842
  1513    842
  1514    842
  1515    842
  1516    842
  1517    842
  1518    842
  1519    842
  1520    842
  1521    842
  1522    842
  1523    842
  1524    842
  1525    842
  1526    842
  1527    842
  1528    842
  1529    842
  1530    842
  1583    842
  1584    842
  1585    842
  1586    842
  1587    842
  1588    842
  1589    842
  1590    842
  1591    842
  1592    842
  1593    842
  1594    842
  1595    842
  1596    842
  1597    842
  1598    842
  1599    842
  1600    842
  1601    842
  1602    842
  1501    843
  1502    843
  1503    843
  1504    843
  1505    843
  1506    843
  1507    843
  1508    843
  1509    843
  1510    843
  1511    843
  1512    843
  1513    843
  1514    843
  1515    843
  1516    843
  1517    843
  1518    843
  1519    843
  1520    843
  1521    843
  1522    843
  1523    843
  1524    843
  1525    843
  1581    843
  1582    843
  1583    843
  1584    843
  1585    843
  1586    843
  1587    843
  1588    843
  1589    843
  1590    843
  1591    843
  1592    843
  1593    843
  1594    843
  1595    843
  1596    843
  1597    843
  1598    843
  1599    843
  1600    843
  1497    844
  1498    844
  1499    844
  1500    844
  1501    844
  1502    844
  1503    844
  1504    844
  1505    844
  1506    844
  1507    844
  1508    844
  1509    844
  1510    844
  1511    844
  1512    844
  1513    844
  1514    844
  1515    844
  1516    844
  1517    844
  1518    844
  1519    844
  1520    844
  1521    844
  1522    844
  1579    844
  1580    844
  1581    844
  1582    844
  1583    844
  1584    844
  1585    844
  1586    844
  1587    844
  1588    844
  1589    844
  1590    844
  1591    844
  1592    844
  1593    844
  1594    844
  1595    844
  1596    844
  1597    844
  1598    844
  1599    844
  1493    845
  1494    845
  1495    845
  1496    845
  1497    845
  1498    845
  1499    845
  1500    845
  1501    845
  1502    845
  1503    845
  1504    845
  1505    845
  1506    845
  1507    845
  1508    845
  1509    845
  1510    845
  1511    845
  1512    845
  1513    845
  1514    845
  1515    845
  1516    845
  1517    845
  1518    845
  1577    845
  1578    845
  1579    845
  1580    845
  1581    845
  1582    845
  1583    845
  1584    845
  1585    845
  1586    845
  1587    845
  1588    845
  1589    845
  1590    845
  1591    845
  1592    845
  1593    845
  1594    845
  1595    845
  1596    845
  1597    845
  1488    846
  1489    846
  1490    846
  1491    846
  1492    846
  1493    846
  1494    846
  1495    846
  1496    846
  1497    846
  1498    846
  1499    846
  1500    846
  1501    846
  1502    846
  1503    846
  1504    846
  1505    846
  1506    846
  1507    846
  1508    846
  1509    846
  1510    846
  1511    846
  1512    846
  1513    846
  1514    846
  1575    846
  1576    846
  1577    846
  1578    846
  1579    846
  1580    846
  1581    846
  1582    846
  1583    846
  1584    846
  1585    846
  1586    846
  1587    846
  1588    846
  1589    846
  1590    846
  1591    846
  1592    846
  1593    846
  1594    846
  1595    846
  1484    847
  1485    847
  1486    847
  1487    847
  1488    847
  1489    847
  1490    847
  1491    847
  1492    847
  1493    847
  1494    847
  1495    847
  1496    847
  1497    847
  1498    847
  1499    847
  1500    847
  1501    847
  1502    847
  1503    847
  1504    847
  1505    847
  1506    847
  1507    847
  1508    847
  1509    847
  1510    847
  1573    847
  1574    847
  1575    847
  1576    847
  1577    847
  1578    847
  1579    847
  1580    847
  1581    847
  1582    847
  1583    847
  1584    847
  1585    847
  1586    847
  1587    847
  1588    847
  1589    847
  1590    847
  1591    847
  1592    847
  1593    847
  1594    847
  1480    848
  1481    848
  1482    848
  1483    848
  1484    848
  1485    848
  1486    848
  1487    848
  1488    848
  1489    848
  1490    848
  1491    848
  1492    848
  1493    848
  1494    848
  1495    848
  1496    848
  1497    848
  1498    848
  1499    848
  1500    848
  1501    848
  1502    848
  1503    848
  1504    848
  1505    848
  1506    848
  1572    848
  1573    848
  1574    848
  1575    848
  1576    848
  1577    848
  1578    848
  1579    848
  1580    848
  1581    848
  1582    848
  1583    848
  1584    848
  1585    848
  1586    848
  1587    848
  1588    848
  1589    848
  1590    848
  1591    848
  1592    848
  1477    849
  1478    849
  1479    849
  1480    849
  1481    849
  1482    849
  1483    849
  1484    849
  1485    849
  1486    849
  1487    849
  1488    849
  1489    849
  1490    849
  1491    849
  1492    849
  1493    849
  1494    849
  1495    849
  1496    849
  1497    849
  1498    849
  1499    849
  1500    849
  1501    849
  1502    849
  1570    849
  1571    849
  1572    849
  1573    849
  1574    849
  1575    849
  1576    849
  1577    849
  1578    849
  1579    849
  1580    849
  1581    849
  1582    849
  1583    849
  1584    849
  1585    849
  1586    849
  1587    849
  1588    849
  1589    849
  1590    849
  1591    849
  1471    850
  1472    850
  1473    850
  1474    850
  1475    850
  1476    850
  1477    850
  1478    850
  1479    850
  1480    850
  1481    850
  1482    850
  1483    850
  1484    850
  1485    850
  1486    850
  1487    850
  1488    850
  1489    850
  1490    850
  1491    850
  1492    850
  1493    850
  1494    850
  1495    850
  1496    850
  1497    850
  1498    850
  1568    850
  1569    850
  1570    850
  1571    850
  1572    850
  1573    850
  1574    850
  1575    850
  1576    850
  1577    850
  1578    850
  1579    850
  1580    850
  1581    850
  1582    850
  1583    850
  1584    850
  1585    850
  1586    850
  1587    850
  1588    850
  1589    850
  1468    851
  1469    851
  1470    851
  1471    851
  1472    851
  1473    851
  1474    851
  1475    851
  1476    851
  1477    851
  1478    851
  1479    851
  1480    851
  1481    851
  1482    851
  1483    851
  1484    851
  1485    851
  1486    851
  1487    851
  1488    851
  1489    851
  1490    851
  1491    851
  1492    851
  1493    851
  1566    851
  1567    851
  1568    851
  1569    851
  1570    851
  1571    851
  1572    851
  1573    851
  1574    851
  1575    851
  1576    851
  1577    851
  1578    851
  1579    851
  1580    851
  1581    851
  1582    851
  1583    851
  1584    851
  1585    851
  1586    851
  1587    851
  1463    852
  1464    852
  1465    852
  1466    852
  1467    852
  1468    852
  1469    852
  1470    852
  1471    852
  1472    852
  1473    852
  1474    852
  1475    852
  1476    852
  1477    852
  1478    852
  1479    852
  1480    852
  1481    852
  1482    852
  1483    852
  1484    852
  1485    852
  1486    852
  1487    852
  1488    852
  1489    852
  1490    852
  1564    852
  1565    852
  1566    852
  1567    852
  1568    852
  1569    852
  1570    852
  1571    852
  1572    852
  1573    852
  1574    852
  1575    852
  1576    852
  1577    852
  1578    852
  1579    852
  1580    852
  1581    852
  1582    852
  1583    852
  1584    852
  1585    852
  1459    853
  1460    853
  1461    853
  1462    853
  1463    853
  1464    853
  1465    853
  1466    853
  1467    853
  1468    853
  1469    853
  1470    853
  1471    853
  1472    853
  1473    853
  1474    853
  1475    853
  1476    853
  1477    853
  1478    853
  1479    853
  1480    853
  1481    853
  1482    853
  1483    853
  1484    853
  1485    853
  1486    853
  1562    853
  1563    853
  1564    853
  1565    853
  1566    853
  1567    853
  1568    853
  1569    853
  1570    853
  1571    853
  1572    853
  1573    853
  1574    853
  1575    853
  1576    853
  1577    853
  1578    853
  1579    853
  1580    853
  1581    853
  1582    853
  1583    853
  1584    853
  1455    854
  1456    854
  1457    854
  1458    854
  1459    854
  1460    854
  1461    854
  1462    854
  1463    854
  1464    854
  1465    854
  1466    854
  1467    854
  1468    854
  1469    854
  1470    854
  1471    854
  1472    854
  1473    854
  1474    854
  1475    854
  1476    854
  1477    854
  1478    854
  1479    854
  1480    854
  1481    854
  1482    854
  1561    854
  1562    854
  1563    854
  1564    854
  1565    854
  1566    854
  1567    854
  1568    854
  1569    854
  1570    854
  1571    854
  1572    854
  1573    854
  1574    854
  1575    854
  1576    854
  1577    854
  1578    854
  1579    854
  1580    854
  1581    854
  1582    854
  1451    855
  1452    855
  1453    855
  1454    855
  1455    855
  1456    855
  1457    855
  1458    855
  1459    855
  1460    855
  1461    855
  1462    855
  1463    855
  1464    855
  1465    855
  1466    855
  1467    855
  1468    855
  1469    855
  1470    855
  1471    855
  1472    855
  1473    855
  1474    855
  1475    855
  1476    855
  1477    855
  1478    855
  1559    855
  1560    855
  1561    855
  1562    855
  1563    855
  1564    855
  1565    855
  1566    855
  1567    855
  1568    855
  1569    855
  1570    855
  1571    855
  1572    855
  1573    855
  1574    855
  1575    855
  1576    855
  1577    855
  1578    855
  1579    855
  1580    855
  1446    856
  1447    856
  1448    856
  1449    856
  1450    856
  1451    856
  1452    856
  1453    856
  1454    856
  1455    856
  1456    856
  1457    856
  1458    856
  1459    856
  1460    856
  1461    856
  1462    856
  1463    856
  1464    856
  1465    856
  1466    856
  1467    856
  1468    856
  1469    856
  1470    856
  1471    856
  1472    856
  1473    856
  1474    856
  1558    856
  1559    856
  1560    856
  1561    856
  1562    856
  1563    856
  1564    856
  1565    856
  1566    856
  1567    856
  1568    856
  1569    856
  1570    856
  1571    856
  1572    856
  1573    856
  1574    856
  1575    856
  1576    856
  1577    856
  1578    856
  1579    856
  1443    857
  1444    857
  1445    857
  1446    857
  1447    857
  1448    857
  1449    857
  1450    857
  1451    857
  1452    857
  1453    857
  1454    857
  1455    857
  1456    857
  1457    857
  1458    857
  1459    857
  1460    857
  1461    857
  1462    857
  1463    857
  1464    857
  1465    857
  1466    857
  1467    857
  1468    857
  1469    857
  1470    857
  1556    857
  1557    857
  1558    857
  1559    857
  1560    857
  1561    857
  1562    857
  1563    857
  1564    857
  1565    857
  1566    857
  1567    857
  1568    857
  1569    857
  1570    857
  1571    857
  1572    857
  1573    857
  1574    857
  1575    857
  1576    857
  1577    857
  1438    858
  1439    858
  1440    858
  1441    858
  1442    858
  1443    858
  1444    858
  1445    858
  1446    858
  1447    858
  1448    858
  1449    858
  1450    858
  1451    858
  1452    858
  1453    858
  1454    858
  1455    858
  1456    858
  1457    858
  1458    858
  1459    858
  1460    858
  1461    858
  1462    858
  1463    858
  1464    858
  1465    858
  1466    858
  1555    858
  1556    858
  1557    858
  1558    858
  1559    858
  1560    858
  1561    858
  1562    858
  1563    858
  1564    858
  1565    858
  1566    858
  1567    858
  1568    858
  1569    858
  1570    858
  1571    858
  1572    858
  1573    858
  1574    858
  1575    858
  1434    859
  1435    859
  1436    859
  1437    859
  1438    859
  1439    859
  1440    859
  1441    859
  1442    859
  1443    859
  1444    859
  1445    859
  1446    859
  1447    859
  1448    859
  1449    859
  1450    859
  1451    859
  1452    859
  1453    859
  1454    859
  1455    859
  1456    859
  1457    859
  1458    859
  1459    859
  1460    859
  1461    859
  1462    859
  1552    859
  1553    859
  1554    859
  1555    859
  1556    859
  1557    859
  1558    859
  1559    859
  1560    859
  1561    859
  1562    859
  1563    859
  1564    859
  1565    859
  1566    859
  1567    859
  1568    859
  1569    859
  1570    859
  1571    859
  1572    859
  1573    859
  1574    859
  1435    860
  1436    860
  1437    860
  1438    860
  1439    860
  1440    860
  1441    860
  1442    860
  1443    860
  1444    860
  1445    860
  1446    860
  1447    860
  1448    860
  1449    860
  1450    860
  1451    860
  1452    860
  1453    860
  1454    860
  1455    860
  1456    860
  1457    860
  1458    860
  1551    860
  1552    860
  1553    860
  1554    860
  1555    860
  1556    860
  1557    860
  1558    860
  1559    860
  1560    860
  1561    860
  1562    860
  1563    860
  1564    860
  1565    860
  1566    860
  1567    860
  1568    860
  1569    860
  1570    860
  1571    860
  1572    860
  1434    861
  1435    861
  1436    861
  1437    861
  1438    861
  1439    861
  1440    861
  1441    861
  1442    861
  1443    861
  1444    861
  1445    861
  1446    861
  1447    861
  1448    861
  1449    861
  1450    861
  1451    861
  1452    861
  1453    861
  1454    861
  1549    861
  1550    861
  1551    861
  1552    861
  1553    861
  1554    861
  1555    861
  1556    861
  1557    861
  1558    861
  1559    861
  1560    861
  1561    861
  1562    861
  1563    861
  1564    861
  1565    861
  1566    861
  1567    861
  1568    861
  1569    861
  1570    861
  1437    862
  1438    862
  1439    862
  1440    862
  1441    862
  1442    862
  1443    862
  1444    862
  1445    862
  1446    862
  1447    862
  1448    862
  1449    862
  1547    862
  1548    862
  1549    862
  1550    862
  1551    862
  1552    862
  1553    862
  1554    862
  1555    862
  1556    862
  1557    862
  1558    862
  1559    862
  1560    862
  1561    862
  1562    862
  1563    862
  1564    862
  1565    862
  1566    862
  1567    862
  1568    862
  1441    863
  1442    863
  1443    863
  1444    863
  1445    863
  1546    863
  1547    863
  1548    863
  1549    863
  1550    863
  1551    863
  1552    863
  1553    863
  1554    863
  1555    863
  1556    863
  1557    863
  1558    863
  1559    863
  1560    863
  1561    863
  1562    863
  1563    863
  1564    863
  1565    863
  1566    863
  1567    863
  1544    864
  1545    864
  1546    864
  1547    864
  1548    864
  1549    864
  1550    864
  1551    864
  1552    864
  1553    864
  1554    864
  1555    864
  1556    864
  1557    864
  1558    864
  1559    864
  1560    864
  1561    864
  1562    864
  1563    864
  1564    864
  1565    864
  1566    864
  1543    865
  1544    865
  1545    865
  1546    865
  1547    865
  1548    865
  1549    865
  1550    865
  1551    865
  1552    865
  1553    865
  1554    865
  1555    865
  1556    865
  1557    865
  1558    865
  1559    865
  1560    865
  1561    865
  1562    865
  1563    865
  1564    865
  1541    866
  1542    866
  1543    866
  1544    866
  1545    866
  1546    866
  1547    866
  1548    866
  1549    866
  1550    866
  1551    866
  1552    866
  1553    866
  1554    866
  1555    866
  1556    866
  1557    866
  1558    866
  1559    866
  1560    866
  1561    866
  1562    866
  1540    867
  1541    867
  1542    867
  1543    867
  1544    867
  1545    867
  1546    867
  1547    867
  1548    867
  1549    867
  1550    867
  1551    867
  1552    867
  1553    867
  1554    867
  1555    867
  1556    867
  1557    867
  1558    867
  1559    867
  1560    867
  1561    867
  1539    868
  1540    868
  1541    868
  1542    868
  1543    868
  1544    868
  1545    868
  1546    868
  1547    868
  1548    868
  1549    868
  1550    868
  1551    868
  1552    868
  1553    868
  1554    868
  1555    868
  1556    868
  1557    868
  1558    868
  1559    868
  1536    869
  1537    869
  1538    869
  1539    869
  1540    869
  1541    869
  1542    869
  1543    869
  1544    869
  1545    869
  1546    869
  1547    869
  1548    869
  1549    869
  1550    869
  1551    869
  1552    869
  1553    869
  1554    869
  1555    869
  1556    869
  1557    869
  1535    870
  1536    870
  1537    870
  1538    870
  1539    870
  1540    870
  1541    870
  1542    870
  1543    870
  1544    870
  1545    870
  1546    870
  1547    870
  1548    870
  1549    870
  1550    870
  1551    870
  1552    870
  1553    870
  1554    870
  1555    870
  1556    870
  1557    870
  1533    871
  1534    871
  1535    871
  1536    871
  1537    871
  1538    871
  1539    871
  1540    871
  1541    871
  1542    871
  1543    871
  1544    871
  1545    871
  1546    871
  1547    871
  1548    871
  1549    871
  1550    871
  1551    871
  1552    871
  1553    871
  1554    871
  1555    871
  1532    872
  1533    872
  1534    872
  1535    872
  1536    872
  1537    872
  1538    872
  1539    872
  1540    872
  1541    872
  1542    872
  1543    872
  1544    872
  1545    872
  1546    872
  1547    872
  1548    872
  1549    872
  1550    872
  1551    872
  1552    872
  1553    872
  1530    873
  1531    873
  1532    873
  1533    873
  1534    873
  1535    873
  1536    873
  1537    873
  1538    873
  1539    873
  1540    873
  1541    873
  1542    873
  1543    873
  1544    873
  1545    873
  1546    873
  1547    873
  1548    873
  1549    873
  1550    873
  1551    873
  1552    873
  1528    874
  1529    874
  1530    874
  1531    874
  1532    874
  1533    874
  1534    874
  1535    874
  1536    874
  1537    874
  1538    874
  1539    874
  1540    874
  1541    874
  1542    874
  1543    874
  1544    874
  1545    874
  1546    874
  1547    874
  1548    874
  1549    874
  1550    874
  1551    874
  1527    875
  1528    875
  1529    875
  1530    875
  1531    875
  1532    875
  1533    875
  1534    875
  1535    875
  1536    875
  1537    875
  1538    875
  1539    875
  1540    875
  1541    875
  1542    875
  1543    875
  1544    875
  1545    875
  1546    875
  1547    875
  1548    875
  1549    875
  1525    876
  1526    876
  1527    876
  1528    876
  1529    876
  1530    876
  1531    876
  1532    876
  1533    876
  1534    876
  1535    876
  1536    876
  1537    876
  1538    876
  1539    876
  1540    876
  1541    876
  1542    876
  1543    876
  1544    876
  1545    876
  1546    876
  1547    876
  1548    876
  1524    877
  1525    877
  1526    877
  1527    877
  1528    877
  1529    877
  1530    877
  1531    877
  1532    877
  1533    877
  1534    877
  1535    877
  1536    877
  1537    877
  1538    877
  1539    877
  1540    877
  1541    877
  1542    877
  1543    877
  1544    877
  1545    877
  1546    877
  1547    877
  1523    878
  1524    878
  1525    878
  1526    878
  1527    878
  1528    878
  1529    878
  1530    878
  1531    878
  1532    878
  1533    878
  1534    878
  1535    878
  1536    878
  1537    878
  1538    878
  1539    878
  1540    878
  1541    878
  1542    878
  1543    878
  1544    878
  1545    878
  1521    879
  1522    879
  1523    879
  1524    879
  1525    879
  1526    879
  1527    879
  1528    879
  1529    879
  1530    879
  1531    879
  1532    879
  1533    879
  1534    879
  1535    879
  1536    879
  1537    879
  1538    879
  1539    879
  1540    879
  1541    879
  1542    879
  1543    879
  1544    879
  1519    880
  1520    880
  1521    880
  1522    880
  1523    880
  1524    880
  1525    880
  1526    880
  1527    880
  1528    880
  1529    880
  1530    880
  1531    880
  1532    880
  1533    880
  1534    880
  1535    880
  1536    880
  1537    880
  1538    880
  1539    880
  1540    880
  1541    880
  1542    880
  1518    881
  1519    881
  1520    881
  1521    881
  1522    881
  1523    881
  1524    881
  1525    881
  1526    881
  1527    881
  1528    881
  1529    881
  1530    881
  1531    881
  1532    881
  1533    881
  1534    881
  1535    881
  1536    881
  1537    881
  1538    881
  1539    881
  1540    881
  1541    881
  1516    882
  1517    882
  1518    882
  1519    882
  1520    882
  1521    882
  1522    882
  1523    882
  1524    882
  1525    882
  1526    882
  1527    882
  1528    882
  1529    882
  1530    882
  1531    882
  1532    882
  1533    882
  1534    882
  1535    882
  1536    882
  1537    882
  1538    882
  1539    882
  1540    882
  1515    883
  1516    883
  1517    883
  1518    883
  1519    883
  1520    883
  1521    883
  1522    883
  1523    883
  1524    883
  1525    883
  1526    883
  1527    883
  1528    883
  1529    883
  1530    883
  1531    883
  1532    883
  1533    883
  1534    883
  1535    883
  1536    883
  1537    883
  1538    883
  1539    883
  1514    884
  1515    884
  1516    884
  1517    884
  1518    884
  1519    884
  1520    884
  1521    884
  1522    884
  1523    884
  1524    884
  1525    884
  1526    884
  1527    884
  1528    884
  1529    884
  1530    884
  1531    884
  1532    884
  1533    884
  1534    884
  1535    884
  1536    884
  1537    884
  1512    885
  1513    885
  1514    885
  1515    885
  1516    885
  1517    885
  1518    885
  1519    885
  1520    885
  1521    885
  1522    885
  1523    885
  1524    885
  1525    885
  1526    885
  1527    885
  1528    885
  1529    885
  1530    885
  1531    885
  1532    885
  1533    885
  1534    885
  1535    885
  1536    885
  1512    886
  1513    886
  1514    886
  1515    886
  1516    886
  1517    886
  1518    886
  1519    886
  1520    886
  1521    886
  1522    886
  1523    886
  1524    886
  1525    886
  1526    886
  1527    886
  1528    886
  1529    886
  1530    886
  1531    886
  1532    886
  1533    886
  1534    886
  1535    886
  1516    887
  1517    887
  1518    887
  1519    887
  1520    887
  1521    887
  1522    887
  1523    887
  1524    887
  1525    887
  1526    887
  1527    887
  1528    887
  1529    887
  1530    887
  1531    887
  1532    887
  1533    887
  1519    888
  1520    888
  1521    888
  1522    888
  1523    888
  1524    888
  1525    888
  1526    888
  1527    888
  1528    888
  1529    888
  1530    888
  1531    888
  1532    888
  1518    889
  1519    889
  1520    889
  1521    889
  1522    889
  1523    889
  1524    889
  1525    889
  1526    889
  1527    889
  1528    889
  1529    889
  1530    889
  1531    889
  1520    890
  1521    890
  1522    890
  1523    890
  1524    890
  1525    890
  1526    890
  1527    890
  1528    890
  1525    891
  1526    891
