  1632    820
  1633    820
  1634    820
  1635    820
  1636    820
  1637    820
  1638    820
  1639    820
  1640    820
  1641    820
  1642    820
  1643    820
  1644    820
  1645    820
  1646    820
  1647    820
  1628    821
  1629    821
  1630    821
  1631    821
  1632    821
  1633    821
  1634    821
  1635    821
  1636    821
  1637    821
  1638    821
  1639    821
  1640    821
  1641    821
  1642    821
  1643    821
  1644    821
  1645    821
  1624    822
  1625    822
  1626    822
  1627    822
  1628    822
  1629    822
  1630    822
  1631    822
  1632    822
  1633    822
  1634    822
  1635    822
  1636    822
  1637    822
  1638    822
  1639    822
  1640    822
  1641    822
  1642    822
  1643    822
  1622    823
  1623    823
  1624    823
  1625    823
  1626    823
  1627    823
  1628    823
  1629    823
  1630    823
  1631    823
  1632    823
  1633    823
  1634    823
  1635    823
  1636    823
  1637    823
  1638    823
  1639    823
  1640    823
  1641    823
  1620    824
  1621    824
  1622    824
  1623    824
  1624    824
  1625    824
  1626    824
  1627    824
  1628    824
  1629    824
  1630    824
  1631    824
  1632    824
  1633    824
  1634    824
  1635    824
  1636    824
  1637    824
  1638    824
  1639    824
  1619    825
  1620    825
  1621    825
  1622    825
  1623    825
  1624    825
  1625    825
  1626    825
  1627    825
  1628    825
  1629    825
  1630    825
  1631    825
  1632    825
  1633    825
  1634    825
  1635    825
  1636    825
  1637    825
  1638    825
  1617    826
  1618    826
  1619    826
  1620    826
  1621    826
  1622    826
  1623    826
  1624    826
  1625    826
  1626    826
  1627    826
  1628    826
  1629    826
  1630    826
  1631    826
  1632    826
  1633    826
  1634    826
  1635    826
  1636    826
  1616    827
  1617    827
  1618    827
  1619    827
  1620    827
  1621    827
  1622    827
  1623    827
  1624    827
  1625    827
  1626    827
  1627    827
  1628    827
  1629    827
  1630    827
  1631    827
  1632    827
  1633    827
  1634    827
  1611    828
  1614    828
  1615    828
  1616    828
  1617    828
  1618    828
  1619    828
  1620    828
  1621    828
  1622    828
  1623    828
  1624    828
  1625    828
  1626    828
  1627    828
  1628    828
  1629    828
  1630    828
  1631    828
  1632    828
  1612    829
  1613    829
  1614    829
  1615    829
  1616    829
  1617    829
  1618    829
  1619    829
  1620    829
  1621    829
  1622    829
  1623    829
  1624    829
  1625    829
  1626    829
  1627    829
  1628    829
  1629    829
  1630    829
  1631    829
  1610    830
  1611    830
  1612    830
  1613    830
  1614    830
  1615    830
  1616    830
  1617    830
  1618    830
  1619    830
  1620    830
  1621    830
  1622    830
  1623    830
  1624    830
  1625    830
  1626    830
  1627    830
  1628    830
  1609    831
  1610    831
  1611    831
  1612    831
  1613    831
  1614    831
  1615    831
  1616    831
  1617    831
  1618    831
  1619    831
  1620    831
  1621    831
  1622    831
  1623    831
  1624    831
  1625    831
  1626    831
  1627    831
  1607    832
  1608    832
  1609    832
  1610    832
  1611    832
  1612    832
  1613    832
  1614    832
  1615    832
  1616    832
  1617    832
  1618    832
  1619    832
  1620    832
  1621    832
  1622    832
  1623    832
  1624    832
  1625    832
  1604    833
  1605    833
  1606    833
  1607    833
  1608    833
  1609    833
  1610    833
  1611    833
  1612    833
  1613    833
  1614    833
  1615    833
  1616    833
  1617    833
  1618    833
  1619    833
  1620    833
  1621    833
  1622    833
  1623    833
  1602    834
  1603    834
  1604    834
  1605    834
  1606    834
  1607    834
  1608    834
  1609    834
  1610    834
  1611    834
  1612    834
  1613    834
  1614    834
  1615    834
  1616    834
  1617    834
  1618    834
  1619    834
  1620    834
  1621    834
  1622    834
  1601    835
  1602    835
  1603    835
  1604    835
  1605    835
  1606    835
  1607    835
  1608    835
  1609    835
  1610    835
  1611    835
  1612    835
  1613    835
  1614    835
  1615    835
  1616    835
  1617    835
  1618    835
  1619    835
  1620    835
  1599    836
  1600    836
  1601    836
  1602    836
  1603    836
  1604    836
  1605    836
  1606    836
  1607    836
  1608    836
  1609    836
  1610    836
  1611    836
  1612    836
  1613    836
  1614    836
  1615    836
  1616    836
  1617    836
  1618    836
  1596    837
  1597    837
  1598    837
  1599    837
  1600    837
  1601    837
  1602    837
  1603    837
  1604    837
  1605    837
  1606    837
  1607    837
  1608    837
  1609    837
  1610    837
  1611    837
  1612    837
  1613    837
  1614    837
  1615    837
  1616    837
  1595    838
  1596    838
  1597    838
  1598    838
  1599    838
  1600    838
  1601    838
  1602    838
  1603    838
  1604    838
  1605    838
  1606    838
  1607    838
  1608    838
  1609    838
  1610    838
  1611    838
  1612    838
  1613    838
  1614    838
  1592    839
  1593    839
  1594    839
  1595    839
  1596    839
  1597    839
  1598    839
  1599    839
  1600    839
  1601    839
  1602    839
  1603    839
  1604    839
  1605    839
  1606    839
  1607    839
  1608    839
  1609    839
  1610    839
  1611    839
  1612    839
  1613    839
  1590    840
  1591    840
  1592    840
  1593    840
  1594    840
  1595    840
  1596    840
  1597    840
  1598    840
  1599    840
  1600    840
  1601    840
  1602    840
  1603    840
  1604    840
  1605    840
  1606    840
  1607    840
  1608    840
  1609    840
  1610    840
  1588    841
  1589    841
  1590    841
  1591    841
  1592    841
  1593    841
  1594    841
  1595    841
  1596    841
  1597    841
  1598    841
  1599    841
  1600    841
  1601    841
  1602    841
  1603    841
  1604    841
  1605    841
  1606    841
  1607    841
  1608    841
  1609    841
  1586    842
  1587    842
  1588    842
  1589    842
  1590    842
  1591    842
  1592    842
  1593    842
  1594    842
  1595    842
  1596    842
  1597    842
  1598    842
  1599    842
  1600    842
  1601    842
  1602    842
  1603    842
  1604    842
  1605    842
  1606    842
  1607    842
  1584    843
  1585    843
  1586    843
  1587    843
  1588    843
  1589    843
  1590    843
  1591    843
  1592    843
  1593    843
  1594    843
  1595    843
  1596    843
  1597    843
  1598    843
  1599    843
  1600    843
  1601    843
  1602    843
  1603    843
  1604    843
  1605    843
  1583    844
  1584    844
  1585    844
  1586    844
  1587    844
  1588    844
  1589    844
  1590    844
  1591    844
  1592    844
  1593    844
  1594    844
  1595    844
  1596    844
  1597    844
  1598    844
  1599    844
  1600    844
  1601    844
  1602    844
  1603    844
  1581    845
  1582    845
  1583    845
  1584    845
  1585    845
  1586    845
  1587    845
  1588    845
  1589    845
  1590    845
  1591    845
  1592    845
  1593    845
  1594    845
  1595    845
  1596    845
  1597    845
  1598    845
  1599    845
  1600    845
  1601    845
  1579    846
  1580    846
  1581    846
  1582    846
  1583    846
  1584    846
  1585    846
  1586    846
  1587    846
  1588    846
  1589    846
  1590    846
  1591    846
  1592    846
  1593    846
  1594    846
  1595    846
  1596    846
  1597    846
  1598    846
  1599    846
  1600    846
  1577    847
  1578    847
  1579    847
  1580    847
  1581    847
  1582    847
  1583    847
  1584    847
  1585    847
  1586    847
  1587    847
  1588    847
  1589    847
  1590    847
  1591    847
  1592    847
  1593    847
  1594    847
  1595    847
  1596    847
  1597    847
  1598    847
  1576    848
  1577    848
  1578    848
  1579    848
  1580    848
  1581    848
  1582    848
  1583    848
  1584    848
  1585    848
  1586    848
  1587    848
  1588    848
  1589    848
  1590    848
  1591    848
  1592    848
  1593    848
  1594    848
  1595    848
  1596    848
  1574    849
  1575    849
  1576    849
  1577    849
  1578    849
  1579    849
  1580    849
  1581    849
  1582    849
  1583    849
  1584    849
  1585    849
  1586    849
  1587    849
  1588    849
  1589    849
  1590    849
  1591    849
  1592    849
  1593    849
  1594    849
  1572    850
  1573    850
  1574    850
  1575    850
  1576    850
  1577    850
  1578    850
  1579    850
  1580    850
  1581    850
  1582    850
  1583    850
  1584    850
  1585    850
  1586    850
  1587    850
  1588    850
  1589    850
  1590    850
  1591    850
  1592    850
  1593    850
  1570    851
  1571    851
  1572    851
  1573    851
  1574    851
  1575    851
  1576    851
  1577    851
  1578    851
  1579    851
  1580    851
  1581    851
  1582    851
  1583    851
  1584    851
  1585    851
  1586    851
  1587    851
  1588    851
  1589    851
  1590    851
  1591    851
  1568    852
  1569    852
  1570    852
  1571    852
  1572    852
  1573    852
  1574    852
  1575    852
  1576    852
  1577    852
  1578    852
  1579    852
  1580    852
  1581    852
  1582    852
  1583    852
  1584    852
  1585    852
  1586    852
  1587    852
  1588    852
  1589    852
  1567    853
  1568    853
  1569    853
  1570    853
  1571    853
  1572    853
  1573    853
  1574    853
  1575    853
  1576    853
  1577    853
  1578    853
  1579    853
  1580    853
  1581    853
  1582    853
  1583    853
  1584    853
  1585    853
  1586    853
  1587    853
  1565    854
  1566    854
  1567    854
  1568    854
  1569    854
  1570    854
  1571    854
  1572    854
  1573    854
  1574    854
  1575    854
  1576    854
  1577    854
  1578    854
  1579    854
  1580    854
  1581    854
  1582    854
  1583    854
  1584    854
  1585    854
  1563    855
  1564    855
  1565    855
  1566    855
  1567    855
  1568    855
  1569    855
  1570    855
  1571    855
  1572    855
  1573    855
  1574    855
  1575    855
  1576    855
  1577    855
  1578    855
  1579    855
  1580    855
  1581    855
  1582    855
  1583    855
  1584    855
  1562    856
  1563    856
  1564    856
  1565    856
  1566    856
  1567    856
  1568    856
  1569    856
  1570    856
  1571    856
  1572    856
  1573    856
  1574    856
  1575    856
  1576    856
  1577    856
  1578    856
  1579    856
  1580    856
  1581    856
  1582    856
  1560    857
  1561    857
  1562    857
  1563    857
  1564    857
  1565    857
  1566    857
  1567    857
  1568    857
  1569    857
  1570    857
  1571    857
  1572    857
  1573    857
  1574    857
  1575    857
  1576    857
  1577    857
  1578    857
  1579    857
  1580    857
  1581    857
  1558    858
  1559    858
  1560    858
  1561    858
  1562    858
  1563    858
  1564    858
  1565    858
  1566    858
  1567    858
  1568    858
  1569    858
  1570    858
  1571    858
  1572    858
  1573    858
  1574    858
  1575    858
  1576    858
  1577    858
  1578    858
  1579    858
  1580    858
  1556    859
  1557    859
  1558    859
  1559    859
  1560    859
  1561    859
  1562    859
  1563    859
  1564    859
  1565    859
  1566    859
  1567    859
  1568    859
  1569    859
  1570    859
  1571    859
  1572    859
  1573    859
  1574    859
  1575    859
  1576    859
  1577    859
  1578    859
  1554    860
  1555    860
  1556    860
  1557    860
  1558    860
  1559    860
  1560    860
  1561    860
  1562    860
  1563    860
  1564    860
  1565    860
  1566    860
  1567    860
  1568    860
  1569    860
  1570    860
  1571    860
  1572    860
  1573    860
  1574    860
  1575    860
  1576    860
  1553    861
  1554    861
  1555    861
  1556    861
  1557    861
  1558    861
  1559    861
  1560    861
  1561    861
  1562    861
  1563    861
  1564    861
  1565    861
  1566    861
  1567    861
  1568    861
  1569    861
  1570    861
  1571    861
  1572    861
  1573    861
  1574    861
  1551    862
  1552    862
  1553    862
  1554    862
  1555    862
  1556    862
  1557    862
  1558    862
  1559    862
  1560    862
  1561    862
  1562    862
  1563    862
  1564    862
  1565    862
  1566    862
  1567    862
  1568    862
  1569    862
  1570    862
  1571    862
  1572    862
  1573    862
  1550    863
  1551    863
  1552    863
  1553    863
  1554    863
  1555    863
  1556    863
  1557    863
  1558    863
  1559    863
  1560    863
  1561    863
  1562    863
  1563    863
  1564    863
  1565    863
  1566    863
  1567    863
  1568    863
  1569    863
  1570    863
  1571    863
  1572    863
  1548    864
  1549    864
  1550    864
  1551    864
  1552    864
  1553    864
  1554    864
  1555    864
  1556    864
  1557    864
  1558    864
  1559    864
  1560    864
  1561    864
  1562    864
  1563    864
  1564    864
  1565    864
  1566    864
  1567    864
  1568    864
  1569    864
  1570    864
  1547    865
  1548    865
  1549    865
  1550    865
  1551    865
  1552    865
  1553    865
  1554    865
  1555    865
  1556    865
  1557    865
  1558    865
  1559    865
  1560    865
  1561    865
  1562    865
  1563    865
  1564    865
  1565    865
  1566    865
  1567    865
  1568    865
  1545    866
  1546    866
  1547    866
  1548    866
  1549    866
  1550    866
  1551    866
  1552    866
  1553    866
  1554    866
  1555    866
  1556    866
  1557    866
  1558    866
  1559    866
  1560    866
  1561    866
  1562    866
  1563    866
  1564    866
  1565    866
  1566    866
  1567    866
  1544    867
  1545    867
  1546    867
  1547    867
  1548    867
  1549    867
  1550    867
  1551    867
  1552    867
  1553    867
  1554    867
  1555    867
  1556    867
  1557    867
  1558    867
  1559    867
  1560    867
  1561    867
  1562    867
  1563    867
  1564    867
  1565    867
  1566    867
  1542    868
  1543    868
  1544    868
  1545    868
  1546    868
  1547    868
  1548    868
  1549    868
  1550    868
  1551    868
  1552    868
  1553    868
  1554    868
  1555    868
  1556    868
  1557    868
  1558    868
  1559    868
  1560    868
  1561    868
  1562    868
  1563    868
  1564    868
  1540    869
  1541    869
  1542    869
  1543    869
  1544    869
  1545    869
  1546    869
  1547    869
  1548    869
  1549    869
  1550    869
  1551    869
  1552    869
  1553    869
  1554    869
  1555    869
  1556    869
  1557    869
  1558    869
  1559    869
  1560    869
  1561    869
  1562    869
  1539    870
  1540    870
  1541    870
  1542    870
  1543    870
  1544    870
  1545    870
  1546    870
  1547    870
  1548    870
  1549    870
  1550    870
  1551    870
  1552    870
  1553    870
  1554    870
  1555    870
  1556    870
  1557    870
  1558    870
  1559    870
  1560    870
  1561    870
  1537    871
  1538    871
  1539    871
  1540    871
  1541    871
  1542    871
  1543    871
  1544    871
  1545    871
  1546    871
  1547    871
  1548    871
  1549    871
  1550    871
  1551    871
  1552    871
  1553    871
  1554    871
  1555    871
  1556    871
  1557    871
  1558    871
  1559    871
  1535    872
  1536    872
  1537    872
  1538    872
  1539    872
  1540    872
  1541    872
  1542    872
  1543    872
  1544    872
  1545    872
  1546    872
  1547    872
  1548    872
  1549    872
  1550    872
  1551    872
  1552    872
  1553    872
  1554    872
  1555    872
  1556    872
  1557    872
  1558    872
  1534    873
  1535    873
  1536    873
  1537    873
  1538    873
  1539    873
  1540    873
  1541    873
  1542    873
  1543    873
  1544    873
  1545    873
  1546    873
  1547    873
  1548    873
  1549    873
  1550    873
  1551    873
  1552    873
  1553    873
  1554    873
  1555    873
  1556    873
  1533    874
  1534    874
  1535    874
  1536    874
  1537    874
  1538    874
  1539    874
  1540    874
  1541    874
  1542    874
  1543    874
  1544    874
  1545    874
  1546    874
  1547    874
  1548    874
  1549    874
  1550    874
  1551    874
  1552    874
  1553    874
  1554    874
  1555    874
  1531    875
  1532    875
  1533    875
  1534    875
  1535    875
  1536    875
  1537    875
  1538    875
  1539    875
  1540    875
  1541    875
  1542    875
  1543    875
  1544    875
  1545    875
  1546    875
  1547    875
  1548    875
  1549    875
  1550    875
  1551    875
  1552    875
  1553    875
  1554    875
  1529    876
  1530    876
  1531    876
  1532    876
  1533    876
  1534    876
  1535    876
  1536    876
  1537    876
  1538    876
  1539    876
  1540    876
  1541    876
  1542    876
  1543    876
  1544    876
  1545    876
  1546    876
  1547    876
  1548    876
  1549    876
  1550    876
  1551    876
  1552    876
  1528    877
  1529    877
  1530    877
  1531    877
  1532    877
  1533    877
  1534    877
  1535    877
  1536    877
  1537    877
  1538    877
  1539    877
  1540    877
  1541    877
  1542    877
  1543    877
  1544    877
  1545    877
  1546    877
  1547    877
  1548    877
  1549    877
  1550    877
  1551    877
  1527    878
  1528    878
  1529    878
  1530    878
  1531    878
  1532    878
  1533    878
  1534    878
  1535    878
  1536    878
  1537    878
  1538    878
  1539    878
  1540    878
  1541    878
  1542    878
  1543    878
  1544    878
  1545    878
  1546    878
  1547    878
  1548    878
  1549    878
  1550    878
  1525    879
  1526    879
  1527    879
  1528    879
  1529    879
  1530    879
  1531    879
  1532    879
  1533    879
  1534    879
  1535    879
  1536    879
  1537    879
  1538    879
  1539    879
  1540    879
  1541    879
  1542    879
  1543    879
  1544    879
  1545    879
  1546    879
  1547    879
  1548    879
  1524    880
  1525    880
  1526    880
  1527    880
  1528    880
  1529    880
  1530    880
  1531    880
  1532    880
  1533    880
  1534    880
  1535    880
  1536    880
  1537    880
  1538    880
  1539    880
  1540    880
  1541    880
  1542    880
  1543    880
  1544    880
  1545    880
  1546    880
  1547    880
  1523    881
  1524    881
  1525    881
  1526    881
  1527    881
  1528    881
  1529    881
  1530    881
  1531    881
  1532    881
  1533    881
  1534    881
  1535    881
  1536    881
  1537    881
  1538    881
  1539    881
  1540    881
  1541    881
  1542    881
  1543    881
  1544    881
  1545    881
  1546    881
  1520    882
  1521    882
  1522    882
  1523    882
  1524    882
  1525    882
  1526    882
  1527    882
  1528    882
  1529    882
  1530    882
  1531    882
  1532    882
  1533    882
  1534    882
  1535    882
  1536    882
  1537    882
  1538    882
  1539    882
  1540    882
  1541    882
  1542    882
  1543    882
  1544    882
  1545    882
  1519    883
  1520    883
  1521    883
  1522    883
  1523    883
  1524    883
  1525    883
  1526    883
  1527    883
  1528    883
  1529    883
  1530    883
  1531    883
  1532    883
  1533    883
  1534    883
  1535    883
  1536    883
  1537    883
  1538    883
  1539    883
  1540    883
  1541    883
  1542    883
  1543    883
  1518    884
  1519    884
  1520    884
  1521    884
  1522    884
  1523    884
  1524    884
  1525    884
  1526    884
  1527    884
  1528    884
  1529    884
  1530    884
  1531    884
  1532    884
  1533    884
  1534    884
  1535    884
  1536    884
  1537    884
  1538    884
  1539    884
  1540    884
  1541    884
  1542    884
  1517    885
  1518    885
  1519    885
  1520    885
  1521    885
  1522    885
  1523    885
  1524    885
  1525    885
  1526    885
  1527    885
  1528    885
  1529    885
  1530    885
  1531    885
  1532    885
  1533    885
  1534    885
  1535    885
  1536    885
  1537    885
  1538    885
  1539    885
  1540    885
  1541    885
  1515    886
  1516    886
  1517    886
  1518    886
  1519    886
  1520    886
  1521    886
  1522    886
  1523    886
  1524    886
  1525    886
  1526    886
  1527    886
  1528    886
  1529    886
  1530    886
  1531    886
  1532    886
  1533    886
  1534    886
  1535    886
  1536    886
  1537    886
  1538    886
  1539    886
  1514    887
  1515    887
  1516    887
  1517    887
  1518    887
  1519    887
  1520    887
  1521    887
  1522    887
  1523    887
  1524    887
  1525    887
  1526    887
  1527    887
  1528    887
  1529    887
  1530    887
  1531    887
  1532    887
  1533    887
  1534    887
  1535    887
  1536    887
  1537    887
  1538    887
  1513    888
  1514    888
  1515    888
  1516    888
  1517    888
  1518    888
  1519    888
  1520    888
  1521    888
  1522    888
  1523    888
  1524    888
  1525    888
  1526    888
  1527    888
  1528    888
  1529    888
  1530    888
  1531    888
  1532    888
  1533    888
  1534    888
  1535    888
  1536    888
  1537    888
  1514    889
  1517    889
  1518    889
  1519    889
  1520    889
  1521    889
  1522    889
  1523    889
  1524    889
  1525    889
  1526    889
  1527    889
  1528    889
  1529    889
  1530    889
  1531    889
  1532    889
  1533    889
  1534    889
  1535    889
  1514    890
  1515    890
  1516    890
  1517    890
  1518    890
  1519    890
  1520    890
  1521    890
  1522    890
  1523    890
  1524    890
  1525    890
  1526    890
  1527    890
  1528    890
  1529    890
  1530    890
  1531    890
  1532    890
  1533    890
  1534    890
  1516    891
  1517    891
  1518    891
  1519    891
  1520    891
  1521    891
  1522    891
  1524    891
  1525    891
  1526    891
  1527    891
  1528    891
  1529    891
  1530    891
  1531    891
  1532    891
  1519    892
  1520    892
  1521    892
  1522    892
  1523    892
  1524    892
  1525    892
  1526    892
  1528    892
  1529    892
  1530    892
  1524    893
  1525    893
