  1622    827
  1623    827
  1624    827
  1625    827
  1626    827
  1627    827
  1628    827
  1629    827
  1630    827
  1631    827
  1632    827
  1633    827
  1634    827
  1635    827
  1636    827
  1637    827
  1638    827
  1639    827
  1640    827
  1641    827
  1621    828
  1622    828
  1623    828
  1624    828
  1625    828
  1626    828
  1627    828
  1628    828
  1629    828
  1630    828
  1631    828
  1632    828
  1633    828
  1634    828
  1635    828
  1636    828
  1637    828
  1638    828
  1639    828
  1640    828
  1616    829
  1620    829
  1621    829
  1622    829
  1623    829
  1624    829
  1625    829
  1626    829
  1627    829
  1628    829
  1629    829
  1630    829
  1631    829
  1632    829
  1633    829
  1634    829
  1635    829
  1636    829
  1637    829
  1638    829
  1615    830
  1618    830
  1619    830
  1620    830
  1621    830
  1622    830
  1623    830
  1624    830
  1625    830
  1626    830
  1627    830
  1628    830
  1629    830
  1630    830
  1631    830
  1632    830
  1633    830
  1634    830
  1635    830
  1636    830
  1617    831
  1618    831
  1619    831
  1620    831
  1621    831
  1622    831
  1623    831
  1624    831
  1625    831
  1626    831
  1627    831
  1628    831
  1629    831
  1630    831
  1631    831
  1632    831
  1633    831
  1634    831
  1614    832
  1615    832
  1616    832
  1617    832
  1618    832
  1619    832
  1620    832
  1621    832
  1622    832
  1623    832
  1624    832
  1625    832
  1626    832
  1627    832
  1628    832
  1629    832
  1630    832
  1631    832
  1632    832
  1612    833
  1613    833
  1614    833
  1615    833
  1616    833
  1617    833
  1618    833
  1619    833
  1620    833
  1621    833
  1622    833
  1623    833
  1624    833
  1625    833
  1626    833
  1627    833
  1628    833
  1629    833
  1630    833
  1631    833
  1610    834
  1611    834
  1612    834
  1613    834
  1614    834
  1615    834
  1616    834
  1617    834
  1618    834
  1619    834
  1620    834
  1621    834
  1622    834
  1623    834
  1624    834
  1625    834
  1626    834
  1627    834
  1628    834
  1629    834
  1608    835
  1609    835
  1610    835
  1611    835
  1612    835
  1613    835
  1614    835
  1615    835
  1616    835
  1617    835
  1618    835
  1619    835
  1620    835
  1621    835
  1622    835
  1623    835
  1624    835
  1625    835
  1626    835
  1627    835
  1606    836
  1607    836
  1608    836
  1609    836
  1610    836
  1611    836
  1612    836
  1613    836
  1614    836
  1615    836
  1616    836
  1617    836
  1618    836
  1619    836
  1620    836
  1621    836
  1622    836
  1623    836
  1624    836
  1625    836
  1626    836
  1604    837
  1605    837
  1606    837
  1607    837
  1608    837
  1609    837
  1610    837
  1611    837
  1612    837
  1613    837
  1614    837
  1615    837
  1616    837
  1617    837
  1618    837
  1619    837
  1620    837
  1621    837
  1622    837
  1623    837
  1624    837
  1602    838
  1603    838
  1604    838
  1605    838
  1606    838
  1607    838
  1608    838
  1609    838
  1610    838
  1611    838
  1612    838
  1613    838
  1614    838
  1615    838
  1616    838
  1617    838
  1618    838
  1619    838
  1620    838
  1621    838
  1622    838
  1600    839
  1601    839
  1602    839
  1603    839
  1604    839
  1605    839
  1606    839
  1607    839
  1608    839
  1609    839
  1610    839
  1611    839
  1612    839
  1613    839
  1614    839
  1615    839
  1616    839
  1617    839
  1618    839
  1619    839
  1620    839
  1598    840
  1599    840
  1600    840
  1601    840
  1602    840
  1603    840
  1604    840
  1605    840
  1606    840
  1607    840
  1608    840
  1609    840
  1610    840
  1611    840
  1612    840
  1613    840
  1614    840
  1615    840
  1616    840
  1617    840
  1618    840
  1619    840
  1596    841
  1597    841
  1598    841
  1599    841
  1600    841
  1601    841
  1602    841
  1603    841
  1604    841
  1605    841
  1606    841
  1607    841
  1608    841
  1609    841
  1610    841
  1611    841
  1612    841
  1613    841
  1614    841
  1615    841
  1616    841
  1617    841
  1594    842
  1595    842
  1596    842
  1597    842
  1598    842
  1599    842
  1600    842
  1601    842
  1602    842
  1603    842
  1604    842
  1605    842
  1606    842
  1607    842
  1608    842
  1609    842
  1610    842
  1611    842
  1612    842
  1613    842
  1614    842
  1615    842
  1592    843
  1593    843
  1594    843
  1595    843
  1596    843
  1597    843
  1598    843
  1599    843
  1600    843
  1601    843
  1602    843
  1603    843
  1604    843
  1605    843
  1606    843
  1607    843
  1608    843
  1609    843
  1610    843
  1611    843
  1612    843
  1613    843
  1591    844
  1592    844
  1593    844
  1594    844
  1595    844
  1596    844
  1597    844
  1598    844
  1599    844
  1600    844
  1601    844
  1602    844
  1603    844
  1604    844
  1605    844
  1606    844
  1607    844
  1608    844
  1609    844
  1610    844
  1611    844
  1589    845
  1590    845
  1591    845
  1592    845
  1593    845
  1594    845
  1595    845
  1596    845
  1597    845
  1598    845
  1599    845
  1600    845
  1601    845
  1602    845
  1603    845
  1604    845
  1605    845
  1606    845
  1607    845
  1608    845
  1609    845
  1587    846
  1588    846
  1589    846
  1590    846
  1591    846
  1592    846
  1593    846
  1594    846
  1595    846
  1596    846
  1597    846
  1598    846
  1599    846
  1600    846
  1601    846
  1602    846
  1603    846
  1604    846
  1605    846
  1606    846
  1607    846
  1608    846
  1585    847
  1586    847
  1587    847
  1588    847
  1589    847
  1590    847
  1591    847
  1592    847
  1593    847
  1594    847
  1595    847
  1596    847
  1597    847
  1598    847
  1599    847
  1600    847
  1601    847
  1602    847
  1603    847
  1604    847
  1605    847
  1606    847
  1584    848
  1585    848
  1586    848
  1587    848
  1588    848
  1589    848
  1590    848
  1591    848
  1592    848
  1593    848
  1594    848
  1595    848
  1596    848
  1597    848
  1598    848
  1599    848
  1600    848
  1601    848
  1602    848
  1603    848
  1604    848
  1582    849
  1583    849
  1584    849
  1585    849
  1586    849
  1587    849
  1588    849
  1589    849
  1590    849
  1591    849
  1592    849
  1593    849
  1594    849
  1595    849
  1596    849
  1597    849
  1598    849
  1599    849
  1600    849
  1601    849
  1602    849
  1603    849
  1580    850
  1581    850
  1582    850
  1583    850
  1584    850
  1585    850
  1586    850
  1587    850
  1588    850
  1589    850
  1590    850
  1591    850
  1592    850
  1593    850
  1594    850
  1595    850
  1596    850
  1597    850
  1598    850
  1599    850
  1600    850
  1601    850
  1578    851
  1579    851
  1580    851
  1581    851
  1582    851
  1583    851
  1584    851
  1585    851
  1586    851
  1587    851
  1588    851
  1589    851
  1590    851
  1591    851
  1592    851
  1593    851
  1594    851
  1595    851
  1596    851
  1597    851
  1598    851
  1599    851
  1577    852
  1578    852
  1579    852
  1580    852
  1581    852
  1582    852
  1583    852
  1584    852
  1585    852
  1586    852
  1587    852
  1588    852
  1589    852
  1590    852
  1591    852
  1592    852
  1593    852
  1594    852
  1595    852
  1596    852
  1597    852
  1575    853
  1576    853
  1577    853
  1578    853
  1579    853
  1580    853
  1581    853
  1582    853
  1583    853
  1584    853
  1585    853
  1586    853
  1587    853
  1588    853
  1589    853
  1590    853
  1591    853
  1592    853
  1593    853
  1594    853
  1573    854
  1574    854
  1575    854
  1576    854
  1577    854
  1578    854
  1579    854
  1580    854
  1581    854
  1582    854
  1583    854
  1584    854
  1585    854
  1586    854
  1587    854
  1588    854
  1589    854
  1590    854
  1591    854
  1592    854
  1593    854
  1572    855
  1573    855
  1574    855
  1575    855
  1576    855
  1577    855
  1578    855
  1579    855
  1580    855
  1581    855
  1582    855
  1583    855
  1584    855
  1585    855
  1586    855
  1587    855
  1588    855
  1589    855
  1590    855
  1569    856
  1570    856
  1571    856
  1572    856
  1573    856
  1574    856
  1575    856
  1576    856
  1577    856
  1578    856
  1579    856
  1580    856
  1581    856
  1582    856
  1583    856
  1584    856
  1585    856
  1586    856
  1587    856
  1568    857
  1569    857
  1570    857
  1571    857
  1572    857
  1573    857
  1574    857
  1575    857
  1576    857
  1577    857
  1578    857
  1579    857
  1580    857
  1581    857
  1582    857
  1583    857
  1584    857
  1585    857
  1586    857
  1566    858
  1567    858
  1568    858
  1569    858
  1570    858
  1571    858
  1572    858
  1573    858
  1574    858
  1575    858
  1576    858
  1577    858
  1578    858
  1579    858
  1580    858
  1581    858
  1582    858
  1583    858
  1584    858
  1565    859
  1566    859
  1567    859
  1568    859
  1569    859
  1570    859
  1571    859
  1572    859
  1573    859
  1574    859
  1575    859
  1576    859
  1577    859
  1578    859
  1579    859
  1580    859
  1581    859
  1582    859
  1583    859
  1563    860
  1564    860
  1565    860
  1566    860
  1567    860
  1568    860
  1569    860
  1570    860
  1571    860
  1572    860
  1573    860
  1574    860
  1575    860
  1576    860
  1577    860
  1578    860
  1579    860
  1580    860
  1581    860
  1582    860
  1583    860
  1584    860
  1561    861
  1562    861
  1563    861
  1564    861
  1565    861
  1566    861
  1567    861
  1568    861
  1569    861
  1570    861
  1571    861
  1572    861
  1573    861
  1574    861
  1575    861
  1576    861
  1577    861
  1578    861
  1579    861
  1580    861
  1581    861
  1582    861
  1583    861
  1560    862
  1561    862
  1562    862
  1563    862
  1564    862
  1565    862
  1566    862
  1567    862
  1568    862
  1569    862
  1570    862
  1571    862
  1572    862
  1573    862
  1574    862
  1575    862
  1576    862
  1577    862
  1578    862
  1579    862
  1580    862
  1581    862
  1558    863
  1559    863
  1560    863
  1561    863
  1562    863
  1563    863
  1564    863
  1565    863
  1566    863
  1567    863
  1568    863
  1569    863
  1570    863
  1571    863
  1572    863
  1573    863
  1574    863
  1575    863
  1576    863
  1577    863
  1578    863
  1579    863
  1580    863
  1557    864
  1558    864
  1559    864
  1560    864
  1561    864
  1562    864
  1563    864
  1564    864
  1565    864
  1566    864
  1567    864
  1568    864
  1569    864
  1570    864
  1571    864
  1572    864
  1573    864
  1574    864
  1575    864
  1576    864
  1577    864
  1578    864
  1555    865
  1556    865
  1557    865
  1558    865
  1559    865
  1560    865
  1561    865
  1562    865
  1563    865
  1564    865
  1565    865
  1566    865
  1567    865
  1568    865
  1569    865
  1570    865
  1571    865
  1572    865
  1573    865
  1574    865
  1575    865
  1576    865
  1577    865
  1553    866
  1554    866
  1555    866
  1556    866
  1557    866
  1558    866
  1559    866
  1560    866
  1561    866
  1562    866
  1563    866
  1564    866
  1565    866
  1566    866
  1567    866
  1568    866
  1569    866
  1570    866
  1571    866
  1572    866
  1573    866
  1574    866
  1575    866
  1552    867
  1553    867
  1554    867
  1555    867
  1556    867
  1557    867
  1558    867
  1559    867
  1560    867
  1561    867
  1562    867
  1563    867
  1564    867
  1565    867
  1566    867
  1567    867
  1568    867
  1569    867
  1570    867
  1571    867
  1572    867
  1573    867
  1574    867
  1550    868
  1551    868
  1552    868
  1553    868
  1554    868
  1555    868
  1556    868
  1557    868
  1558    868
  1559    868
  1560    868
  1561    868
  1562    868
  1563    868
  1564    868
  1565    868
  1566    868
  1567    868
  1568    868
  1569    868
  1570    868
  1571    868
  1572    868
  1549    869
  1550    869
  1551    869
  1552    869
  1553    869
  1554    869
  1555    869
  1556    869
  1557    869
  1558    869
  1559    869
  1560    869
  1561    869
  1562    869
  1563    869
  1564    869
  1565    869
  1566    869
  1567    869
  1568    869
  1569    869
  1570    869
  1571    869
  1547    870
  1548    870
  1549    870
  1550    870
  1551    870
  1552    870
  1553    870
  1554    870
  1555    870
  1556    870
  1557    870
  1558    870
  1559    870
  1560    870
  1561    870
  1562    870
  1563    870
  1564    870
  1565    870
  1566    870
  1567    870
  1568    870
  1569    870
  1570    870
  1546    871
  1547    871
  1548    871
  1549    871
  1550    871
  1551    871
  1552    871
  1553    871
  1554    871
  1555    871
  1556    871
  1557    871
  1558    871
  1559    871
  1560    871
  1561    871
  1562    871
  1563    871
  1564    871
  1565    871
  1566    871
  1567    871
  1568    871
  1544    872
  1545    872
  1546    872
  1547    872
  1548    872
  1549    872
  1550    872
  1551    872
  1552    872
  1553    872
  1554    872
  1555    872
  1556    872
  1557    872
  1558    872
  1559    872
  1560    872
  1561    872
  1562    872
  1563    872
  1564    872
  1565    872
  1566    872
  1567    872
  1542    873
  1543    873
  1544    873
  1545    873
  1546    873
  1547    873
  1548    873
  1549    873
  1550    873
  1551    873
  1552    873
  1553    873
  1554    873
  1555    873
  1556    873
  1557    873
  1558    873
  1559    873
  1560    873
  1561    873
  1562    873
  1563    873
  1564    873
  1565    873
  1566    873
  1541    874
  1542    874
  1543    874
  1544    874
  1545    874
  1546    874
  1547    874
  1548    874
  1549    874
  1550    874
  1551    874
  1552    874
  1553    874
  1554    874
  1555    874
  1556    874
  1557    874
  1558    874
  1559    874
  1560    874
  1561    874
  1562    874
  1563    874
  1564    874
  1540    875
  1541    875
  1542    875
  1543    875
  1544    875
  1545    875
  1546    875
  1547    875
  1548    875
  1549    875
  1550    875
  1551    875
  1552    875
  1553    875
  1554    875
  1555    875
  1556    875
  1557    875
  1558    875
  1559    875
  1560    875
  1561    875
  1562    875
  1563    875
  1538    876
  1539    876
  1540    876
  1541    876
  1542    876
  1543    876
  1544    876
  1545    876
  1546    876
  1547    876
  1548    876
  1549    876
  1550    876
  1551    876
  1552    876
  1553    876
  1554    876
  1555    876
  1556    876
  1557    876
  1558    876
  1559    876
  1560    876
  1561    876
  1537    877
  1538    877
  1539    877
  1540    877
  1541    877
  1542    877
  1543    877
  1544    877
  1545    877
  1546    877
  1547    877
  1548    877
  1549    877
  1550    877
  1551    877
  1552    877
  1553    877
  1554    877
  1555    877
  1556    877
  1557    877
  1558    877
  1559    877
  1560    877
  1535    878
  1536    878
  1537    878
  1538    878
  1539    878
  1540    878
  1541    878
  1542    878
  1543    878
  1544    878
  1545    878
  1546    878
  1547    878
  1548    878
  1549    878
  1550    878
  1551    878
  1552    878
  1553    878
  1554    878
  1555    878
  1556    878
  1557    878
  1558    878
  1534    879
  1535    879
  1536    879
  1537    879
  1538    879
  1539    879
  1540    879
  1541    879
  1542    879
  1543    879
  1544    879
  1545    879
  1546    879
  1547    879
  1548    879
  1549    879
  1550    879
  1551    879
  1552    879
  1553    879
  1554    879
  1555    879
  1556    879
  1557    879
  1532    880
  1533    880
  1534    880
  1535    880
  1536    880
  1537    880
  1538    880
  1539    880
  1540    880
  1541    880
  1542    880
  1543    880
  1544    880
  1545    880
  1546    880
  1547    880
  1548    880
  1549    880
  1550    880
  1551    880
  1552    880
  1553    880
  1554    880
  1555    880
  1531    881
  1532    881
  1533    881
  1534    881
  1535    881
  1536    881
  1537    881
  1538    881
  1539    881
  1540    881
  1541    881
  1542    881
  1543    881
  1544    881
  1545    881
  1546    881
  1547    881
  1548    881
  1549    881
  1550    881
  1551    881
  1552    881
  1553    881
  1554    881
  1529    882
  1530    882
  1531    882
  1532    882
  1533    882
  1534    882
  1535    882
  1536    882
  1537    882
  1538    882
  1539    882
  1540    882
  1541    882
  1542    882
  1543    882
  1544    882
  1545    882
  1546    882
  1547    882
  1548    882
  1549    882
  1550    882
  1551    882
  1552    882
  1553    882
  1528    883
  1529    883
  1530    883
  1531    883
  1532    883
  1533    883
  1534    883
  1535    883
  1536    883
  1537    883
  1538    883
  1539    883
  1540    883
  1541    883
  1542    883
  1543    883
  1544    883
  1545    883
  1546    883
  1547    883
  1548    883
  1549    883
  1550    883
  1551    883
  1526    884
  1527    884
  1528    884
  1529    884
  1530    884
  1531    884
  1532    884
  1533    884
  1534    884
  1535    884
  1536    884
  1537    884
  1538    884
  1539    884
  1540    884
  1541    884
  1542    884
  1543    884
  1544    884
  1545    884
  1546    884
  1547    884
  1548    884
  1549    884
  1550    884
  1525    885
  1526    885
  1527    885
  1528    885
  1529    885
  1530    885
  1531    885
  1532    885
  1533    885
  1534    885
  1535    885
  1536    885
  1537    885
  1538    885
  1539    885
  1540    885
  1541    885
  1542    885
  1543    885
  1544    885
  1545    885
  1546    885
  1547    885
  1548    885
  1549    885
  1524    886
  1525    886
  1526    886
  1527    886
  1528    886
  1529    886
  1530    886
  1531    886
  1532    886
  1533    886
  1534    886
  1535    886
  1536    886
  1537    886
  1538    886
  1539    886
  1540    886
  1541    886
  1542    886
  1543    886
  1544    886
  1545    886
  1546    886
  1547    886
  1548    886
  1522    887
  1523    887
  1524    887
  1525    887
  1526    887
  1527    887
  1528    887
  1529    887
  1530    887
  1531    887
  1532    887
  1533    887
  1534    887
  1535    887
  1536    887
  1537    887
  1538    887
  1539    887
  1540    887
  1541    887
  1542    887
  1543    887
  1544    887
  1545    887
  1546    887
  1547    887
  1520    888
  1521    888
  1522    888
  1523    888
  1524    888
  1525    888
  1526    888
  1527    888
  1528    888
  1529    888
  1530    888
  1531    888
  1532    888
  1533    888
  1534    888
  1535    888
  1536    888
  1537    888
  1538    888
  1539    888
  1540    888
  1541    888
  1542    888
  1543    888
  1544    888
  1545    888
  1520    889
  1521    889
  1522    889
  1523    889
  1524    889
  1525    889
  1526    889
  1527    889
  1528    889
  1529    889
  1530    889
  1531    889
  1532    889
  1533    889
  1534    889
  1535    889
  1536    889
  1537    889
  1538    889
  1539    889
  1540    889
  1541    889
  1542    889
  1543    889
  1544    889
  1520    890
  1521    890
  1522    890
  1523    890
  1524    890
  1525    890
  1526    890
  1527    890
  1528    890
  1529    890
  1530    890
  1531    890
  1532    890
  1533    890
  1534    890
  1535    890
  1536    890
  1537    890
  1538    890
  1539    890
  1540    890
  1541    890
  1542    890
  1543    890
  1524    891
  1525    891
  1526    891
  1527    891
  1528    891
  1529    891
  1530    891
  1531    891
  1532    891
  1533    891
  1534    891
  1535    891
  1536    891
  1537    891
  1538    891
  1539    891
  1540    891
  1541    891
  1542    891
  1523    892
  1524    892
  1526    892
  1527    892
  1528    892
  1529    892
  1530    892
  1531    892
  1532    892
  1533    892
  1534    892
  1535    892
  1536    892
  1537    892
  1538    892
  1539    892
  1540    892
  1524    893
  1525    893
  1526    893
  1527    893
  1528    893
  1529    893
  1530    893
  1531    893
  1532    893
  1533    893
  1534    893
  1535    893
  1536    893
  1537    893
  1538    893
  1539    893
  1526    894
  1527    894
  1528    894
  1529    894
  1530    894
  1531    894
  1532    894
  1533    894
  1534    894
  1535    894
  1536    894
  1537    894
  1529    895
  1530    895
  1531    895
  1532    895
  1533    895
  1534    895
  1535    895
  1536    895
  1532    896
  1533    896
  1534    896
  1535    896
