  1099    730
  1102    730
  1103    730
  1104    730
  1105    730
  1106    730
  1107    730
  1108    730
  1109    730
  1110    730
  1093    731
  1094    731
  1095    731
  1096    731
  1097    731
  1098    731
  1099    731
  1100    731
  1101    731
  1102    731
  1103    731
  1104    731
  1105    731
  1106    731
  1107    731
  1108    731
  1089    732
  1090    732
  1091    732
  1092    732
  1093    732
  1094    732
  1095    732
  1096    732
  1097    732
  1098    732
  1099    732
  1100    732
  1101    732
  1103    732
  1081    733
  1084    733
  1085    733
  1086    733
  1087    733
  1088    733
  1089    733
  1090    733
  1091    733
  1092    733
  1093    733
  1095    733
  1096    733
  1098    733
  1100    733
  1077    734
  1078    734
  1079    734
  1080    734
  1081    734
  1082    734
  1083    734
  1084    734
  1085    734
  1086    734
  1087    734
  1088    734
  1089    734
  1090    734
  1091    734
  1094    734
  1072    735
  1073    735
  1074    735
  1075    735
  1076    735
  1077    735
  1078    735
  1079    735
  1080    735
  1081    735
  1082    735
  1083    735
  1084    735
  1085    735
  1086    735
  1068    736
  1069    736
  1070    736
  1071    736
  1072    736
  1073    736
  1074    736
  1075    736
  1076    736
  1078    736
  1079    736
  1080    736
  1081    736
  1063    737
  1064    737
  1065    737
  1066    737
  1067    737
  1068    737
  1069    737
  1070    737
  1071    737
  1072    737
  1075    737
  1076    737
  1077    737
  1059    738
  1061    738
  1062    738
  1063    738
  1064    738
  1065    738
  1066    738
  1067    738
  1068    738
  1069    738
  1070    738
  1071    738
  1052    739
  1053    739
  1054    739
  1055    739
  1056    739
  1057    739
  1058    739
  1059    739
  1060    739
  1061    739
  1062    739
  1063    739
  1064    739
  1065    739
  1066    739
  1068    739
  1069    739
  1048    740
  1049    740
  1050    740
  1051    740
  1052    740
  1053    740
  1054    740
  1055    740
  1056    740
  1057    740
  1058    740
  1059    740
  1060    740
  1061    740
  1062    740
  1063    740
  1041    741
  1042    741
  1043    741
  1044    741
  1045    741
  1046    741
  1047    741
  1048    741
  1049    741
  1050    741
  1051    741
  1052    741
  1053    741
  1054    741
  1055    741
  1057    741
  1058    741
  1059    741
  1038    742
  1039    742
  1040    742
  1041    742
  1042    742
  1043    742
  1044    742
  1045    742
  1046    742
  1047    742
  1048    742
  1049    742
  1050    742
  1051    742
  1052    742
  1053    742
  1055    742
  1033    743
  1034    743
  1035    743
  1036    743
  1037    743
  1038    743
  1039    743
  1040    743
  1041    743
  1042    743
  1043    743
  1044    743
  1045    743
  1046    743
  1047    743
  1048    743
  1049    743
  1050    743
  1029    744
  1030    744
  1031    744
  1032    744
  1033    744
  1034    744
  1035    744
  1036    744
  1037    744
  1038    744
  1039    744
  1040    744
  1041    744
  1042    744
  1043    744
  1044    744
  1045    744
  1046    744
  1047    744
  1024    745
  1025    745
  1026    745
  1027    745
  1028    745
  1029    745
  1030    745
  1031    745
  1032    745
  1033    745
  1034    745
  1035    745
  1036    745
  1037    745
  1038    745
  1039    745
  1040    745
  1041    745
  1042    745
  1021    746
  1022    746
  1023    746
  1024    746
  1025    746
  1026    746
  1027    746
  1028    746
  1029    746
  1030    746
  1031    746
  1032    746
  1033    746
  1034    746
  1035    746
  1036    746
  1016    747
  1017    747
  1018    747
  1019    747
  1020    747
  1021    747
  1022    747
  1023    747
  1024    747
  1025    747
  1026    747
  1027    747
  1028    747
  1029    747
  1030    747
  1031    747
  1032    747
  1033    747
  1039    747
  1013    748
  1014    748
  1015    748
  1016    748
  1017    748
  1018    748
  1019    748
  1020    748
  1021    748
  1022    748
  1023    748
  1024    748
  1025    748
  1026    748
  1027    748
  1028    748
  1029    748
  1008    749
  1009    749
  1010    749
  1011    749
  1012    749
  1013    749
  1014    749
  1015    749
  1016    749
  1017    749
  1018    749
  1019    749
  1020    749
  1021    749
  1022    749
  1023    749
  1024    749
  1025    749
  1026    749
  1004    750
  1005    750
  1006    750
  1007    750
  1008    750
  1009    750
  1010    750
  1011    750
  1012    750
  1013    750
  1014    750
  1015    750
  1016    750
  1017    750
  1018    750
  1019    750
  1020    750
  1021    750
  1022    750
  1023    750
  1002    751
  1003    751
  1004    751
  1005    751
  1006    751
  1007    751
  1008    751
  1009    751
  1010    751
  1011    751
  1012    751
  1013    751
  1014    751
  1015    751
  1016    751
  1017    751
  1018    751
   997    752
   998    752
   999    752
  1000    752
  1001    752
  1002    752
  1003    752
  1004    752
  1005    752
  1006    752
  1007    752
  1008    752
  1009    752
  1010    752
  1011    752
  1012    752
  1013    752
  1014    752
  1015    752
   993    753
   994    753
   995    753
   996    753
   997    753
   998    753
   999    753
  1000    753
  1001    753
  1002    753
  1003    753
  1004    753
  1005    753
  1006    753
  1007    753
  1008    753
  1009    753
  1010    753
  1011    753
  1012    753
   991    754
   992    754
   993    754
   994    754
   995    754
   996    754
   997    754
   998    754
   999    754
  1000    754
  1001    754
  1002    754
  1003    754
  1004    754
  1005    754
  1006    754
  1007    754
  1008    754
   988    755
   989    755
   990    755
   991    755
   992    755
   993    755
   994    755
   995    755
   996    755
   997    755
   998    755
   999    755
  1000    755
  1001    755
  1002    755
  1003    755
  1004    755
  1005    755
  1006    755
   986    756
   987    756
   988    756
   989    756
   990    756
   991    756
   992    756
   993    756
   994    756
   995    756
   996    756
   997    756
   998    756
   999    756
  1000    756
  1001    756
  1002    756
   982    757
   983    757
   984    757
   985    757
   986    757
   987    757
   988    757
   989    757
   990    757
   991    757
   992    757
   993    757
   994    757
   995    757
   996    757
   997    757
   998    757
   977    758
   978    758
   980    758
   981    758
   982    758
   983    758
   984    758
   985    758
   986    758
   987    758
   988    758
   989    758
   990    758
   991    758
   992    758
   993    758
   994    758
   995    758
   996    758
   997    758
   976    759
   977    759
   978    759
   979    759
   980    759
   981    759
   982    759
   983    759
   984    759
   985    759
   986    759
   987    759
   988    759
   989    759
   990    759
   991    759
   992    759
   993    759
   974    760
   975    760
   976    760
   977    760
   978    760
   979    760
   980    760
   981    760
   982    760
   983    760
   984    760
   985    760
   986    760
   987    760
   988    760
   989    760
   990    760
   970    761
   971    761
   972    761
   973    761
   974    761
   975    761
   976    761
   977    761
   978    761
   979    761
   980    761
   981    761
   982    761
   983    761
   984    761
   985    761
   986    761
   987    761
   988    761
   989    761
   966    762
   967    762
   968    762
   969    762
   970    762
   971    762
   972    762
   973    762
   974    762
   975    762
   976    762
   977    762
   978    762
   979    762
   980    762
   981    762
   982    762
   983    762
   984    762
   985    762
   986    762
   965    763
   966    763
   967    763
   968    763
   969    763
   970    763
   971    763
   972    763
   973    763
   974    763
   975    763
   976    763
   977    763
   978    763
   979    763
   980    763
   981    763
   982    763
   983    763
   984    763
   963    764
   964    764
   965    764
   966    764
   967    764
   968    764
   969    764
   970    764
   971    764
   972    764
   973    764
   974    764
   975    764
   976    764
   977    764
   978    764
   979    764
   980    764
   981    764
   962    765
   963    765
   964    765
   965    765
   966    765
   967    765
   968    765
   969    765
   970    765
   971    765
   972    765
   973    765
   974    765
   975    765
   976    765
   977    765
   978    765
   979    765
   980    765
   961    766
   962    766
   963    766
   964    766
   965    766
   966    766
   967    766
   968    766
   969    766
   970    766
   971    766
   972    766
   973    766
   974    766
   975    766
   976    766
   977    766
   961    767
   962    767
   963    767
   964    767
   965    767
   966    767
   967    767
   968    767
   969    767
   970    767
   971    767
   972    767
   973    767
   960    768
   961    768
   962    768
   963    768
   964    768
   965    768
   966    768
   967    768
   968    768
   969    768
   970    768
   971    768
   972    768
   960    769
   961    769
   962    769
   963    769
   960    770
   961    770
   962    770
