   866    665
   867    665
   868    665
   869    665
   870    665
   871    665
   872    665
   873    665
   874    665
   875    665
   876    665
   877    665
   878    665
   866    666
   867    666
   868    666
   869    666
   870    666
   871    666
   872    666
   873    666
   874    666
   875    666
   876    666
   877    666
   878    666
   865    667
   866    667
   867    667
   868    667
   869    667
   870    667
   871    667
   872    667
   873    667
   874    667
   875    667
   876    667
   877    667
   878    667
   865    668
   866    668
   867    668
   868    668
   869    668
   870    668
   871    668
   872    668
   873    668
   874    668
   875    668
   876    668
   877    668
   878    668
   865    669
   866    669
   867    669
   868    669
   869    669
   870    669
   871    669
   872    669
   873    669
   874    669
   875    669
   876    669
   877    669
   864    670
   865    670
   866    670
   867    670
   868    670
   869    670
   870    670
   871    670
   872    670
   873    670
   874    670
   875    670
   876    670
   877    670
   864    671
   865    671
   866    671
   867    671
   868    671
   869    671
   870    671
   871    671
   872    671
   873    671
   874    671
   875    671
   876    671
   877    671
   863    672
   864    672
   865    672
   866    672
   867    672
   868    672
   869    672
   870    672
   871    672
   872    672
   873    672
   874    672
   875    672
   876    672
   877    672
   863    673
   864    673
   865    673
   866    673
   867    673
   868    673
   869    673
   870    673
   871    673
   872    673
   873    673
   874    673
   875    673
   876    673
   863    674
   864    674
   865    674
   866    674
   867    674
   868    674
   869    674
   870    674
   871    674
   872    674
   873    674
   874    674
   875    674
   876    674
   862    675
   863    675
   864    675
   865    675
   866    675
   867    675
   868    675
   869    675
   870    675
   871    675
   872    675
   873    675
   874    675
   875    675
   876    675
   862    676
   863    676
   864    676
   865    676
   866    676
   867    676
   868    676
   869    676
   870    676
   871    676
   872    676
   873    676
   874    676
   875    676
   876    676
   862    677
   863    677
   864    677
   865    677
   866    677
   867    677
   868    677
   869    677
   870    677
   871    677
   872    677
   873    677
   874    677
   875    677
   861    678
   862    678
   863    678
   864    678
   865    678
   866    678
   867    678
   868    678
   869    678
   870    678
   871    678
   872    678
   873    678
   874    678
   875    678
   861    679
   862    679
   863    679
   864    679
   865    679
   866    679
   867    679
   868    679
   869    679
   870    679
   871    679
   872    679
   873    679
   874    679
   875    679
   861    680
   862    680
   863    680
   864    680
   865    680
   866    680
   867    680
   868    680
   869    680
   870    680
   871    680
   872    680
   873    680
   874    680
   875    680
   860    681
   861    681
   862    681
   863    681
   864    681
   865    681
   866    681
   867    681
   868    681
   869    681
   870    681
   871    681
   872    681
   873    681
   874    681
   860    682
   861    682
   862    682
   863    682
   864    682
   865    682
   866    682
   867    682
   868    682
   869    682
   870    682
   871    682
   872    682
   873    682
   874    682
   859    683
   860    683
   861    683
   862    683
   863    683
   864    683
   865    683
   866    683
   867    683
   868    683
   869    683
   870    683
   871    683
   872    683
   873    683
   874    683
   859    684
   860    684
   861    684
   862    684
   863    684
   864    684
   865    684
   866    684
   867    684
   868    684
   869    684
   870    684
   871    684
   872    684
   873    684
   874    684
   859    685
   860    685
   861    685
   862    685
   863    685
   864    685
   865    685
   866    685
   867    685
   868    685
   869    685
   870    685
   871    685
   872    685
   873    685
   874    685
   858    686
   859    686
   860    686
   861    686
   862    686
   863    686
   864    686
   865    686
   866    686
   867    686
   868    686
   869    686
   870    686
   871    686
   872    686
   873    686
   858    687
   859    687
   860    687
   861    687
   862    687
   863    687
   864    687
   865    687
   866    687
   867    687
   868    687
   869    687
   870    687
   871    687
   872    687
   873    687
   858    688
   859    688
   860    688
   861    688
   862    688
   863    688
   864    688
   865    688
   866    688
   867    688
   868    688
   869    688
   870    688
   871    688
   872    688
   873    688
   857    689
   858    689
   859    689
   860    689
   861    689
   862    689
   863    689
   864    689
   865    689
   866    689
   867    689
   868    689
   869    689
   870    689
   871    689
   872    689
   857    690
   858    690
   859    690
   860    690
   861    690
   862    690
   863    690
   864    690
   865    690
   866    690
   867    690
   868    690
   869    690
   870    690
   871    690
   872    690
   857    691
   858    691
   859    691
   860    691
   861    691
   862    691
   863    691
   864    691
   865    691
   866    691
   867    691
   868    691
   869    691
   870    691
   871    691
   872    691
   856    692
   857    692
   858    692
   859    692
   860    692
   861    692
   862    692
   863    692
   864    692
   865    692
   866    692
   867    692
   868    692
   869    692
   870    692
   871    692
   856    693
   857    693
   858    693
   859    693
   860    693
   861    693
   862    693
   863    693
   864    693
   865    693
   866    693
   867    693
   868    693
   869    693
   870    693
   871    693
   855    694
   856    694
   857    694
   858    694
   859    694
   860    694
   861    694
   862    694
   863    694
   864    694
   865    694
   866    694
   867    694
   868    694
   869    694
   870    694
   871    694
   855    695
   856    695
   857    695
   858    695
   859    695
   860    695
   861    695
   862    695
   863    695
   864    695
   865    695
   866    695
   867    695
   868    695
   869    695
   870    695
   871    695
   855    696
   856    696
   857    696
   858    696
   859    696
   860    696
   861    696
   862    696
   863    696
   864    696
   865    696
   866    696
   867    696
   868    696
   869    696
   870    696
   855    697
   856    697
   857    697
   858    697
   859    697
   860    697
   861    697
   862    697
   863    697
   864    697
   865    697
   866    697
   867    697
   868    697
   869    697
   870    697
   854    698
   855    698
   856    698
   857    698
   858    698
   859    698
   860    698
   861    698
   862    698
   863    698
   864    698
   865    698
   866    698
   867    698
   868    698
   869    698
   870    698
   854    699
   855    699
   856    699
   857    699
   858    699
   859    699
   860    699
   861    699
   862    699
   863    699
   864    699
   865    699
   866    699
   867    699
   868    699
   869    699
   870    699
   853    700
   854    700
   855    700
   856    700
   857    700
   858    700
   859    700
   860    700
   861    700
   862    700
   863    700
   864    700
   865    700
   866    700
   867    700
   868    700
   869    700
   870    700
   853    701
   854    701
   855    701
   856    701
   857    701
   858    701
   859    701
   860    701
   861    701
   862    701
   863    701
   864    701
   865    701
   866    701
   867    701
   868    701
   869    701
   853    702
   854    702
   855    702
   856    702
   857    702
   858    702
   859    702
   860    702
   861    702
   862    702
   863    702
   864    702
   865    702
   866    702
   867    702
   868    702
   869    702
   852    703
   853    703
   854    703
   855    703
   856    703
   857    703
   858    703
   859    703
   860    703
   861    703
   862    703
   863    703
   864    703
   865    703
   866    703
   867    703
   868    703
   869    703
   852    704
   853    704
   854    704
   855    704
   856    704
   857    704
   858    704
   859    704
   860    704
   861    704
   862    704
   863    704
   864    704
   865    704
   866    704
   867    704
   868    704
   869    704
   852    705
   853    705
   854    705
   855    705
   856    705
   857    705
   858    705
   859    705
   860    705
   861    705
   862    705
   863    705
   864    705
   865    705
   866    705
   867    705
   868    705
   852    706
   853    706
   854    706
   855    706
   856    706
   857    706
   858    706
   859    706
   860    706
   861    706
   862    706
   863    706
   864    706
   865    706
   866    706
   867    706
   868    706
   851    707
   852    707
   853    707
   854    707
   855    707
   856    707
   857    707
   858    707
   859    707
   860    707
   861    707
   862    707
   863    707
   864    707
   865    707
   866    707
   867    707
   868    707
   851    708
   852    708
   853    708
   854    708
   855    708
   856    708
   857    708
   858    708
   859    708
   860    708
   861    708
   862    708
   863    708
   864    708
   865    708
   866    708
   867    708
   868    708
   850    709
   851    709
   852    709
   853    709
   854    709
   855    709
   856    709
   857    709
   858    709
   859    709
   860    709
   861    709
   862    709
   863    709
   864    709
   865    709
   866    709
   867    709
   850    710
   851    710
   852    710
   853    710
   854    710
   855    710
   856    710
   857    710
   858    710
   859    710
   860    710
   861    710
   862    710
   863    710
   864    710
   865    710
   866    710
   867    710
   850    711
   851    711
   852    711
   853    711
   854    711
   855    711
   856    711
   857    711
   858    711
   859    711
   860    711
   861    711
   862    711
   863    711
   864    711
   865    711
   866    711
   867    711
   849    712
   850    712
   851    712
   852    712
   853    712
   854    712
   855    712
   856    712
   857    712
   858    712
   859    712
   860    712
   861    712
   862    712
   863    712
   864    712
   865    712
   866    712
   849    713
   850    713
   851    713
   852    713
   853    713
   854    713
   855    713
   856    713
   857    713
   858    713
   859    713
   860    713
   861    713
   862    713
   863    713
   864    713
   865    713
   866    713
   849    714
   850    714
   851    714
   852    714
   853    714
   854    714
   855    714
   856    714
   857    714
   858    714
   859    714
   860    714
   861    714
   862    714
   863    714
   864    714
   865    714
   866    714
   848    715
   849    715
   850    715
   851    715
   852    715
   853    715
   854    715
   855    715
   856    715
   857    715
   858    715
   859    715
   860    715
   861    715
   862    715
   863    715
   864    715
   865    715
   866    715
   848    716
   849    716
   850    716
   851    716
   852    716
   853    716
   854    716
   855    716
   856    716
   857    716
   858    716
   859    716
   860    716
   861    716
   862    716
   863    716
   864    716
   865    716
   848    717
   849    717
   850    717
   851    717
   852    717
   853    717
   854    717
   855    717
   856    717
   857    717
   858    717
   859    717
   860    717
   861    717
   862    717
   863    717
   864    717
   865    717
   847    718
   848    718
   849    718
   850    718
   851    718
   852    718
   853    718
   854    718
   855    718
   856    718
   857    718
   858    718
   859    718
   860    718
   861    718
   862    718
   863    718
   864    718
   865    718
   847    719
   848    719
   849    719
   850    719
   851    719
   852    719
   853    719
   854    719
   855    719
   856    719
   857    719
   858    719
   859    719
   860    719
   861    719
   862    719
   863    719
   864    719
   865    719
   847    720
   848    720
   849    720
   850    720
   851    720
   852    720
   853    720
   854    720
   855    720
   856    720
   857    720
   858    720
   859    720
   860    720
   861    720
   862    720
   863    720
   864    720
   846    721
   847    721
   848    721
   849    721
   850    721
   851    721
   852    721
   853    721
   854    721
   855    721
   856    721
   857    721
   858    721
   859    721
   860    721
   861    721
   862    721
   863    721
   864    721
   846    722
   847    722
   848    722
   849    722
   850    722
   851    722
   852    722
   853    722
   854    722
   855    722
   856    722
   857    722
   858    722
   859    722
   860    722
   861    722
   862    722
   863    722
   864    722
   846    723
   847    723
   848    723
   849    723
   850    723
   851    723
   852    723
   853    723
   854    723
   855    723
   856    723
   857    723
   858    723
   859    723
   860    723
   861    723
   862    723
   863    723
   864    723
   845    724
   846    724
   847    724
   848    724
   849    724
   850    724
   851    724
   852    724
   853    724
   854    724
   855    724
   856    724
   857    724
   858    724
   859    724
   860    724
   861    724
   862    724
   863    724
   864    724
   845    725
   846    725
   847    725
   848    725
   849    725
   850    725
   851    725
   852    725
   853    725
   854    725
   855    725
   856    725
   857    725
   858    725
   859    725
   860    725
   861    725
   862    725
   863    725
   845    726
   846    726
   847    726
   848    726
   849    726
   850    726
   851    726
   852    726
   853    726
   854    726
   855    726
   856    726
   857    726
   858    726
   859    726
   860    726
   861    726
   862    726
   863    726
   844    727
   845    727
   846    727
   847    727
   848    727
   849    727
   850    727
   851    727
   852    727
   853    727
   854    727
   855    727
   856    727
   857    727
   858    727
   859    727
   860    727
   861    727
   862    727
   863    727
   844    728
   845    728
   846    728
   847    728
   848    728
   849    728
   850    728
   851    728
   852    728
   853    728
   854    728
   855    728
   856    728
   857    728
   858    728
   859    728
   860    728
   861    728
   862    728
   863    728
   843    729
   844    729
   845    729
   846    729
   847    729
   848    729
   849    729
   850    729
   851    729
   852    729
   853    729
   854    729
   855    729
   856    729
   857    729
   858    729
   859    729
   860    729
   861    729
   862    729
   863    729
   844    730
   845    730
   846    730
   847    730
   848    730
   849    730
   850    730
   851    730
   852    730
   853    730
   854    730
   855    730
   856    730
   857    730
   858    730
   859    730
   860    730
   861    730
   862    730
