   866    662
   867    662
   868    662
   869    662
   870    662
   871    662
   866    663
   867    663
   868    663
   869    663
   870    663
   871    663
   866    664
   867    664
   868    664
   869    664
   870    664
   871    664
   866    665
   867    665
   868    665
   869    665
   870    665
   871    665
   866    666
   867    666
   868    666
   869    666
   870    666
   867    667
   868    667
   869    667
   870    667
   867    668
   868    668
   869    668
   870    668
   867    669
   868    669
   869    669
   867    670
   868    670
   869    670
   867    671
   868    671
   868    672
