   901    701
   901    703
   901    704
   901    705
   900    706
   901    706
   902    706
   900    707
   901    707
   902    707
   900    708
   901    708
   899    709
   900    709
   901    709
   898    710
   899    710
   900    710
   901    710
   899    711
   900    711
   901    711
   899    712
   900    712
   901    712
   902    712
   899    713
   900    713
   899    714
   900    714
   899    715
   900    715
   898    716
   899    716
   900    716
   898    717
   899    717
   900    717
   898    718
   899    718
   900    718
   901    718
   898    719
   899    719
   900    719
   901    719
   897    720
   898    720
   899    720
   900    720
   897    721
   898    721
   899    721
   900    721
   897    722
   898    722
   899    722
   900    722
   897    723
   898    723
   899    723
   900    723
   896    724
   897    724
   898    724
   899    724
   900    724
   896    725
   897    725
   898    725
   899    725
   900    725
   896    726
   897    726
   898    726
   899    726
   900    726
   896    727
   897    727
   898    727
   899    727
   895    728
   896    728
   897    728
   898    728
   899    728
   895    729
   896    729
   897    729
   898    729
   899    729
   895    730
   896    730
   897    730
   898    730
   899    730
   895    731
   896    731
   897    731
   898    731
   899    731
   895    732
   896    732
   897    732
   898    732
   899    732
   895    733
   896    733
   897    733
   898    733
   899    733
   894    734
   895    734
   896    734
   897    734
   898    734
   899    734
   894    735
   895    735
   896    735
   897    735
   898    735
   899    735
   894    736
   895    736
   896    736
   897    736
   898    736
   893    737
   894    737
   895    737
   896    737
   897    737
   898    737
   893    738
   894    738
   895    738
   896    738
   897    738
   898    738
   893    739
   894    739
   895    739
   896    739
   897    739
   898    739
   893    740
   894    740
   895    740
   896    740
   897    740
   898    740
   892    741
   893    741
   894    741
   895    741
   896    741
   897    741
   892    742
   893    742
   894    742
   895    742
   896    742
   897    742
   892    743
   893    743
   894    743
   895    743
   896    743
   897    743
   892    744
   893    744
   894    744
   895    744
   896    744
   897    744
   892    745
   893    745
   894    745
   895    745
   896    745
   897    745
   891    746
   892    746
   893    746
   894    746
   895    746
   896    746
   897    746
   891    747
   892    747
   893    747
   894    747
   895    747
   896    747
   891    748
   892    748
   893    748
   894    748
   895    748
   896    748
   891    749
   892    749
   893    749
   894    749
   895    749
   896    749
   891    750
   892    750
   893    750
   894    750
   895    750
   891    751
   892    751
   893    751
   894    751
   891    752
   892    752
   893    752
   894    752
   890    753
   891    753
   892    753
   893    753
   890    754
   891    754
   892    754
   893    754
   890    755
   891    755
   892    755
   890    756
   891    756
   890    757
   891    757
   890    758
