   894    732
   895    732
   896    732
   897    732
   898    732
   894    733
   895    733
   896    733
   897    733
   898    733
   894    734
   895    734
   896    734
   897    734
   898    734
   894    735
   895    735
   896    735
   897    735
   898    735
   894    736
   895    736
   896    736
   897    736
   898    736
   893    737
   894    737
   895    737
   896    737
   897    737
   898    737
   899    737
   893    738
   894    738
   895    738
   896    738
   897    738
   898    738
   899    738
   893    739
   894    739
   895    739
   896    739
   897    739
   898    739
   893    740
   894    740
   895    740
   896    740
   897    740
   898    740
   893    741
   894    741
   895    741
   896    741
   897    741
   898    741
   893    742
   894    742
   895    742
   896    742
   897    742
   898    742
   899    742
   893    743
   894    743
   895    743
   896    743
   897    743
   898    743
   893    744
   894    744
   895    744
   896    744
   897    744
   898    744
   893    745
   894    745
   895    745
   896    745
   897    745
   898    745
   892    746
   893    746
   894    746
   895    746
   896    746
   897    746
   898    746
   892    747
   893    747
   894    747
   895    747
   896    747
   897    747
   898    747
   892    748
   893    748
   894    748
   895    748
   896    748
   897    748
   898    748
   892    749
   893    749
   894    749
   895    749
   896    749
   897    749
   898    749
   892    750
   893    750
   894    750
   895    750
   896    750
   897    750
   898    750
   892    751
   893    751
   894    751
   895    751
   896    751
   897    751
   898    751
   892    752
   893    752
   894    752
   895    752
   896    752
   897    752
   898    752
   892    753
   893    753
   894    753
   895    753
   896    753
   897    753
   898    753
   891    754
   892    754
   893    754
   894    754
   895    754
   896    754
   897    754
   898    754
   891    755
   892    755
   893    755
   894    755
   895    755
   896    755
   897    755
   898    755
   891    756
   892    756
   893    756
   894    756
   895    756
   896    756
   897    756
   898    756
   891    757
   892    757
   893    757
   894    757
   895    757
   896    757
   897    757
   898    757
   891    758
   892    758
   893    758
   894    758
   895    758
   896    758
   897    758
   898    758
   899    758
   891    759
   892    759
   893    759
   894    759
   895    759
   896    759
   897    759
   898    759
   899    759
   891    760
   892    760
   893    760
   894    760
   895    760
   896    760
   897    760
   898    760
   899    760
   891    761
   892    761
   893    761
   894    761
   895    761
   896    761
   897    761
   898    761
   899    761
   891    762
   892    762
   893    762
   894    762
   895    762
   896    762
   897    762
   898    762
   899    762
   891    763
   892    763
   893    763
   894    763
   895    763
   896    763
   897    763
   898    763
   899    763
   891    764
   892    764
   893    764
   894    764
   895    764
   896    764
   897    764
   898    764
   899    764
   890    765
   891    765
   892    765
   893    765
   894    765
   895    765
   896    765
   897    765
   898    765
   899    765
   891    766
   892    766
   893    766
   894    766
   895    766
   896    766
   897    766
   898    766
   899    766
   891    767
   892    767
   893    767
   894    767
   895    767
   896    767
   897    767
   898    767
   899    767
   890    768
   891    768
   892    768
   893    768
   894    768
   895    768
   896    768
   897    768
   898    768
   899    768
   891    769
   892    769
   893    769
   894    769
   895    769
   896    769
   897    769
   898    769
   899    769
   891    770
   892    770
   893    770
   894    770
   895    770
   896    770
   897    770
   898    770
   899    770
   890    771
   891    771
   892    771
   893    771
   894    771
   895    771
   896    771
   897    771
   898    771
   899    771
   890    772
   891    772
   892    772
   893    772
   894    772
   895    772
   896    772
   897    772
   898    772
   899    772
   890    773
   891    773
   892    773
   893    773
   894    773
   895    773
   896    773
   897    773
   898    773
   899    773
   891    774
   892    774
   893    774
   894    774
   895    774
   896    774
   897    774
   898    774
   899    774
   890    775
   891    775
   892    775
   893    775
   894    775
   895    775
   896    775
   897    775
   898    775
   899    775
   890    776
   891    776
   892    776
   893    776
   894    776
   895    776
   896    776
   897    776
   898    776
   899    776
   900    776
   890    777
   891    777
   892    777
   893    777
   894    777
   895    777
   896    777
   897    777
   898    777
   899    777
   900    777
   891    778
   892    778
   893    778
   894    778
   895    778
   896    778
   897    778
   898    778
   899    778
   900    778
   890    779
   891    779
   892    779
   893    779
   894    779
   895    779
   896    779
   897    779
   898    779
   899    779
   900    779
   890    780
   891    780
   892    780
   893    780
   894    780
   895    780
   896    780
   897    780
   898    780
   899    780
   900    780
   890    781
   891    781
   892    781
   893    781
   894    781
   895    781
   896    781
   897    781
   898    781
   899    781
   900    781
   890    782
   891    782
   892    782
   893    782
   894    782
   895    782
   896    782
   897    782
   898    782
   899    782
   900    782
   890    783
   891    783
   892    783
   893    783
   894    783
   895    783
   896    783
   897    783
   898    783
   899    783
   900    783
   890    784
   891    784
   892    784
   893    784
   894    784
   895    784
   896    784
   897    784
   898    784
   899    784
   900    784
   890    785
   891    785
   892    785
   893    785
   894    785
   895    785
   896    785
   897    785
   898    785
   899    785
   900    785
   891    786
   892    786
   893    786
   894    786
   895    786
   896    786
   897    786
   898    786
   899    786
   900    786
   889    787
   890    787
   891    787
   892    787
   893    787
   894    787
   895    787
   896    787
   897    787
   898    787
   899    787
   891    788
   892    788
   893    788
   894    788
   895    788
   896    788
   897    788
   898    788
