  1075    684
  1076    684
  1077    684
  1078    684
  1079    684
  1080    684
  1081    684
  1082    684
  1083    684
  1084    684
  1085    684
  1086    684
  1087    684
  1088    684
  1076    685
  1077    685
  1078    685
  1079    685
  1080    685
  1081    685
  1082    685
  1083    685
  1084    685
  1085    685
  1086    685
  1087    685
  1088    685
  1089    685
  1077    686
  1078    686
  1079    686
  1080    686
  1081    686
  1082    686
  1083    686
  1084    686
  1085    686
  1086    686
  1087    686
  1088    686
  1089    686
  1090    686
  1078    687
  1079    687
  1080    687
  1081    687
  1082    687
  1083    687
  1084    687
  1085    687
  1086    687
  1087    687
  1088    687
  1089    687
  1090    687
  1091    687
  1080    688
  1081    688
  1082    688
  1083    688
  1084    688
  1085    688
  1086    688
  1087    688
  1088    688
  1089    688
  1090    688
  1091    688
  1092    688
  1081    689
  1082    689
  1083    689
  1084    689
  1085    689
  1086    689
  1087    689
  1088    689
  1089    689
  1090    689
  1091    689
  1092    689
  1093    689
  1094    689
  1082    690
  1083    690
  1084    690
  1085    690
  1086    690
  1087    690
  1088    690
  1089    690
  1090    690
  1091    690
  1092    690
  1093    690
  1094    690
  1095    690
  1083    691
  1084    691
  1085    691
  1086    691
  1087    691
  1088    691
  1089    691
  1090    691
  1091    691
  1092    691
  1093    691
  1094    691
  1095    691
  1096    691
  1084    692
  1085    692
  1086    692
  1087    692
  1088    692
  1089    692
  1090    692
  1091    692
  1092    692
  1093    692
  1094    692
  1095    692
  1096    692
  1097    692
  1085    693
  1086    693
  1087    693
  1088    693
  1089    693
  1090    693
  1091    693
  1092    693
  1093    693
  1094    693
  1095    693
  1096    693
  1097    693
  1098    693
  1099    693
  1086    694
  1087    694
  1088    694
  1089    694
  1090    694
  1091    694
  1092    694
  1093    694
  1094    694
  1095    694
  1096    694
  1097    694
  1098    694
  1099    694
  1100    694
  1087    695
  1088    695
  1089    695
  1090    695
  1091    695
  1092    695
  1093    695
  1094    695
  1095    695
  1096    695
  1097    695
  1098    695
  1099    695
  1100    695
  1101    695
  1089    696
  1090    696
  1091    696
  1092    696
  1093    696
  1094    696
  1095    696
  1096    696
  1097    696
  1098    696
  1099    696
  1100    696
  1101    696
  1102    696
  1090    697
  1091    697
  1092    697
  1093    697
  1094    697
  1095    697
  1096    697
  1097    697
  1098    697
  1099    697
  1100    697
  1101    697
  1102    697
  1103    697
  1104    697
  1091    698
  1092    698
  1093    698
  1094    698
  1095    698
  1096    698
  1097    698
  1098    698
  1099    698
  1100    698
  1101    698
  1102    698
  1103    698
  1104    698
  1105    698
  1092    699
  1093    699
  1094    699
  1095    699
  1096    699
  1097    699
  1098    699
  1099    699
  1100    699
  1101    699
  1102    699
  1103    699
  1104    699
  1105    699
  1106    699
  1093    700
  1094    700
  1095    700
  1096    700
  1097    700
  1098    700
  1099    700
  1100    700
  1101    700
  1102    700
  1103    700
  1104    700
  1105    700
  1106    700
  1107    700
  1108    700
  1094    701
  1095    701
  1096    701
  1097    701
  1098    701
  1099    701
  1100    701
  1101    701
  1102    701
  1103    701
  1104    701
  1105    701
  1106    701
  1107    701
  1108    701
  1109    701
  1096    702
  1097    702
  1098    702
  1099    702
  1100    702
  1101    702
  1102    702
  1103    702
  1104    702
  1105    702
  1106    702
  1107    702
  1108    702
  1109    702
  1110    702
  1097    703
  1098    703
  1099    703
  1100    703
  1101    703
  1102    703
  1103    703
  1104    703
  1105    703
  1106    703
  1107    703
  1108    703
  1109    703
  1110    703
  1111    703
  1112    703
  1098    704
  1099    704
  1100    704
  1101    704
  1102    704
  1103    704
  1104    704
  1105    704
  1106    704
  1107    704
  1108    704
  1109    704
  1110    704
  1111    704
  1112    704
  1113    704
  1099    705
  1100    705
  1101    705
  1102    705
  1103    705
  1104    705
  1105    705
  1106    705
  1107    705
  1108    705
  1109    705
  1110    705
  1111    705
  1112    705
  1113    705
  1114    705
  1100    706
  1101    706
  1102    706
  1103    706
  1104    706
  1105    706
  1106    706
  1107    706
  1108    706
  1109    706
  1110    706
  1111    706
  1112    706
  1113    706
  1114    706
  1115    706
  1102    707
  1103    707
  1104    707
  1105    707
  1106    707
  1107    707
  1108    707
  1109    707
  1110    707
  1111    707
  1112    707
  1113    707
  1114    707
  1115    707
  1116    707
  1117    707
  1103    708
  1104    708
  1105    708
  1106    708
  1107    708
  1108    708
  1109    708
  1110    708
  1111    708
  1112    708
  1113    708
  1114    708
  1115    708
  1116    708
  1117    708
  1118    708
  1104    709
  1105    709
  1106    709
  1107    709
  1108    709
  1109    709
  1110    709
  1111    709
  1112    709
  1113    709
  1114    709
  1115    709
  1116    709
  1117    709
  1118    709
  1119    709
  1105    710
  1106    710
  1107    710
  1108    710
  1109    710
  1110    710
  1111    710
  1112    710
  1113    710
  1114    710
  1115    710
  1116    710
  1117    710
  1118    710
  1119    710
  1120    710
  1106    711
  1107    711
  1108    711
  1109    711
  1110    711
  1111    711
  1112    711
  1113    711
  1114    711
  1115    711
  1116    711
  1117    711
  1118    711
  1119    711
  1120    711
  1121    711
  1122    711
  1108    712
  1109    712
  1110    712
  1111    712
  1112    712
  1113    712
  1114    712
  1115    712
  1116    712
  1117    712
  1118    712
  1119    712
  1120    712
  1121    712
  1122    712
  1123    712
  1109    713
  1110    713
  1111    713
  1112    713
  1113    713
  1114    713
  1115    713
  1116    713
  1117    713
  1118    713
  1119    713
  1120    713
  1121    713
  1122    713
  1123    713
  1124    713
  1110    714
  1111    714
  1112    714
  1113    714
  1114    714
  1115    714
  1116    714
  1117    714
  1118    714
  1119    714
  1120    714
  1121    714
  1122    714
  1123    714
  1124    714
  1125    714
  1111    715
  1112    715
  1113    715
  1114    715
  1115    715
  1116    715
  1117    715
  1118    715
  1119    715
  1120    715
  1121    715
  1122    715
  1123    715
  1124    715
  1125    715
  1126    715
  1113    716
  1114    716
  1115    716
  1116    716
  1117    716
  1118    716
  1119    716
  1120    716
  1121    716
  1122    716
  1123    716
  1124    716
  1125    716
  1126    716
  1127    716
  1114    717
  1115    717
  1116    717
  1117    717
  1118    717
  1119    717
  1120    717
  1121    717
  1122    717
  1123    717
  1124    717
  1125    717
  1126    717
  1127    717
  1128    717
  1115    718
  1116    718
  1117    718
  1118    718
  1119    718
  1120    718
  1121    718
  1122    718
  1123    718
  1124    718
  1125    718
  1126    718
  1127    718
  1116    719
  1117    719
  1118    719
  1119    719
  1120    719
  1121    719
  1122    719
  1123    719
  1124    719
  1125    719
  1117    720
  1118    720
  1119    720
  1120    720
  1121    720
  1122    720
  1123    720
