  1156    744
  1157    744
  1158    744
  1159    744
  1155    745
  1156    745
  1157    745
  1158    745
  1159    745
  1160    745
  1154    746
  1155    746
  1156    746
  1157    746
  1158    746
  1159    746
  1160    746
  1161    746
  1162    746
  1153    747
  1154    747
  1155    747
  1156    747
  1157    747
  1158    747
  1159    747
  1160    747
  1161    747
  1162    747
  1163    747
  1152    748
  1153    748
  1154    748
  1155    748
  1156    748
  1157    748
  1158    748
  1159    748
  1160    748
  1161    748
  1162    748
  1163    748
  1164    748
  1152    749
  1153    749
  1154    749
  1155    749
  1156    749
  1157    749
  1158    749
  1159    749
  1160    749
  1161    749
  1162    749
  1163    749
  1164    749
  1165    749
  1166    749
  1150    750
  1151    750
  1152    750
  1153    750
  1154    750
  1155    750
  1156    750
  1157    750
  1158    750
  1159    750
  1160    750
  1161    750
  1162    750
  1163    750
  1164    750
  1165    750
  1166    750
  1167    750
  1150    751
  1151    751
  1152    751
  1153    751
  1154    751
  1155    751
  1156    751
  1157    751
  1158    751
  1159    751
  1160    751
  1161    751
  1162    751
  1163    751
  1164    751
  1165    751
  1166    751
  1167    751
  1168    751
  1150    752
  1151    752
  1152    752
  1153    752
  1154    752
  1155    752
  1156    752
  1157    752
  1158    752
  1159    752
  1160    752
  1161    752
  1162    752
  1163    752
  1164    752
  1165    752
  1166    752
  1167    752
  1168    752
  1169    752
  1170    752
  1151    753
  1152    753
  1153    753
  1154    753
  1155    753
  1156    753
  1157    753
  1158    753
  1159    753
  1160    753
  1161    753
  1162    753
  1163    753
  1164    753
  1165    753
  1166    753
  1167    753
  1168    753
  1169    753
  1170    753
  1171    753
  1153    754
  1154    754
  1155    754
  1156    754
  1157    754
  1158    754
  1159    754
  1160    754
  1161    754
  1162    754
  1163    754
  1164    754
  1165    754
  1166    754
  1167    754
  1168    754
  1169    754
  1170    754
  1171    754
  1172    754
  1154    755
  1155    755
  1156    755
  1157    755
  1158    755
  1159    755
  1160    755
  1161    755
  1162    755
  1163    755
  1164    755
  1165    755
  1166    755
  1167    755
  1168    755
  1169    755
  1170    755
  1171    755
  1172    755
  1173    755
  1155    756
  1156    756
  1157    756
  1158    756
  1159    756
  1160    756
  1161    756
  1162    756
  1163    756
  1164    756
  1165    756
  1166    756
  1167    756
  1168    756
  1169    756
  1170    756
  1171    756
  1172    756
  1173    756
  1174    756
  1175    756
  1156    757
  1157    757
  1158    757
  1159    757
  1160    757
  1161    757
  1162    757
  1163    757
  1164    757
  1165    757
  1166    757
  1167    757
  1168    757
  1169    757
  1170    757
  1171    757
  1172    757
  1173    757
  1174    757
  1175    757
  1176    757
  1157    758
  1158    758
  1159    758
  1160    758
  1161    758
  1162    758
  1163    758
  1164    758
  1165    758
  1166    758
  1167    758
  1168    758
  1169    758
  1170    758
  1171    758
  1172    758
  1173    758
  1174    758
  1175    758
  1176    758
  1177    758
  1158    759
  1159    759
  1160    759
  1161    759
  1162    759
  1163    759
  1164    759
  1165    759
  1166    759
  1167    759
  1168    759
  1169    759
  1170    759
  1171    759
  1172    759
  1173    759
  1174    759
  1175    759
  1176    759
  1177    759
  1178    759
  1159    760
  1160    760
  1161    760
  1162    760
  1163    760
  1164    760
  1165    760
  1166    760
  1167    760
  1168    760
  1169    760
  1170    760
  1171    760
  1172    760
  1173    760
  1174    760
  1175    760
  1176    760
  1177    760
  1178    760
  1179    760
  1161    761
  1162    761
  1163    761
  1164    761
  1165    761
  1166    761
  1167    761
  1168    761
  1169    761
  1170    761
  1171    761
  1172    761
  1173    761
  1174    761
  1175    761
  1176    761
  1177    761
  1178    761
  1179    761
  1180    761
  1162    762
  1163    762
  1164    762
  1165    762
  1166    762
  1167    762
  1168    762
  1169    762
  1170    762
  1171    762
  1172    762
  1173    762
  1174    762
  1175    762
  1176    762
  1177    762
  1178    762
  1179    762
  1180    762
  1181    762
  1182    762
  1163    763
  1164    763
  1165    763
  1166    763
  1167    763
  1168    763
  1169    763
  1170    763
  1171    763
  1172    763
  1173    763
  1174    763
  1175    763
  1176    763
  1177    763
  1178    763
  1179    763
  1180    763
  1181    763
  1182    763
  1183    763
  1164    764
  1165    764
  1166    764
  1167    764
  1168    764
  1169    764
  1170    764
  1171    764
  1172    764
  1173    764
  1174    764
  1175    764
  1176    764
  1177    764
  1178    764
  1179    764
  1180    764
  1181    764
  1182    764
  1183    764
  1184    764
  1165    765
  1166    765
  1167    765
  1168    765
  1169    765
  1170    765
  1171    765
  1172    765
  1173    765
  1174    765
  1175    765
  1176    765
  1177    765
  1178    765
  1179    765
  1180    765
  1181    765
  1182    765
  1183    765
  1184    765
  1185    765
  1166    766
  1167    766
  1168    766
  1169    766
  1170    766
  1171    766
  1172    766
  1173    766
  1174    766
  1175    766
  1176    766
  1177    766
  1178    766
  1179    766
  1180    766
  1181    766
  1182    766
  1183    766
  1184    766
  1185    766
  1186    766
  1187    766
  1168    767
  1169    767
  1170    767
  1171    767
  1172    767
  1173    767
  1174    767
  1175    767
  1176    767
  1177    767
  1178    767
  1179    767
  1180    767
  1181    767
  1182    767
  1183    767
  1184    767
  1185    767
  1186    767
  1187    767
  1188    767
  1169    768
  1170    768
  1171    768
  1172    768
  1173    768
  1174    768
  1175    768
  1176    768
  1177    768
  1178    768
  1179    768
  1180    768
  1181    768
  1182    768
  1183    768
  1184    768
  1185    768
  1186    768
  1187    768
  1188    768
  1189    768
  1170    769
  1171    769
  1172    769
  1173    769
  1174    769
  1175    769
  1176    769
  1177    769
  1178    769
  1179    769
  1180    769
  1181    769
  1182    769
  1183    769
  1184    769
  1185    769
  1186    769
  1187    769
  1188    769
  1189    769
  1190    769
  1191    769
  1171    770
  1172    770
  1173    770
  1174    770
  1175    770
  1176    770
  1177    770
  1178    770
  1179    770
  1180    770
  1181    770
  1182    770
  1183    770
  1184    770
  1185    770
  1186    770
  1187    770
  1188    770
  1189    770
  1190    770
  1191    770
  1192    770
  1172    771
  1173    771
  1174    771
  1175    771
  1176    771
  1177    771
  1178    771
  1179    771
  1180    771
  1181    771
  1182    771
  1183    771
  1184    771
  1185    771
  1186    771
  1187    771
  1188    771
  1189    771
  1190    771
  1191    771
  1192    771
  1193    771
  1173    772
  1174    772
  1175    772
  1176    772
  1177    772
  1178    772
  1179    772
  1180    772
  1181    772
  1182    772
  1183    772
  1184    772
  1185    772
  1186    772
  1187    772
  1188    772
  1189    772
  1190    772
  1191    772
  1192    772
  1193    772
  1194    772
  1175    773
  1176    773
  1177    773
  1178    773
  1179    773
  1180    773
  1181    773
  1182    773
  1183    773
  1184    773
  1185    773
  1186    773
  1187    773
  1188    773
  1189    773
  1190    773
  1191    773
  1192    773
  1193    773
  1194    773
  1195    773
  1196    773
  1176    774
  1177    774
  1178    774
  1179    774
  1180    774
  1181    774
  1182    774
  1183    774
  1184    774
  1185    774
  1186    774
  1187    774
  1188    774
  1189    774
  1190    774
  1191    774
  1192    774
  1193    774
  1194    774
  1195    774
  1196    774
  1197    774
  1176    775
  1177    775
  1178    775
  1179    775
  1180    775
  1181    775
  1182    775
  1183    775
  1184    775
  1185    775
  1186    775
  1187    775
  1188    775
  1189    775
  1190    775
  1191    775
  1192    775
  1193    775
  1194    775
  1195    775
  1196    775
  1197    775
  1198    775
  1178    776
  1179    776
  1180    776
  1181    776
  1182    776
  1183    776
  1184    776
  1185    776
  1186    776
  1187    776
  1188    776
  1189    776
  1190    776
  1191    776
  1192    776
  1193    776
  1194    776
  1195    776
  1196    776
  1197    776
  1198    776
  1199    776
  1179    777
  1180    777
  1181    777
  1182    777
  1183    777
  1184    777
  1185    777
  1186    777
  1187    777
  1188    777
  1189    777
  1190    777
  1191    777
  1192    777
  1193    777
  1194    777
  1195    777
  1196    777
  1197    777
  1198    777
  1199    777
  1200    777
  1201    777
  1180    778
  1181    778
  1182    778
  1183    778
  1184    778
  1185    778
  1186    778
  1187    778
  1188    778
  1189    778
  1190    778
  1191    778
  1192    778
  1193    778
  1194    778
  1195    778
  1196    778
  1197    778
  1198    778
  1199    778
  1200    778
  1201    778
  1202    778
  1181    779
  1182    779
  1183    779
  1184    779
  1185    779
  1186    779
  1187    779
  1188    779
  1189    779
  1190    779
  1191    779
  1192    779
  1193    779
  1194    779
  1195    779
  1196    779
  1197    779
  1198    779
  1199    779
  1200    779
  1201    779
  1202    779
  1203    779
  1182    780
  1183    780
  1184    780
  1185    780
  1186    780
  1187    780
  1188    780
  1189    780
  1190    780
  1191    780
  1192    780
  1193    780
  1194    780
  1195    780
  1196    780
  1197    780
  1198    780
  1199    780
  1200    780
  1201    780
  1202    780
  1203    780
  1204    780
  1183    781
  1184    781
  1185    781
  1186    781
  1187    781
  1188    781
  1189    781
  1190    781
  1191    781
  1192    781
  1193    781
  1194    781
  1195    781
  1196    781
  1197    781
  1198    781
  1199    781
  1200    781
  1201    781
  1202    781
  1203    781
  1204    781
  1205    781
  1184    782
  1185    782
  1186    782
  1187    782
  1188    782
  1189    782
  1190    782
  1191    782
  1192    782
  1193    782
  1194    782
  1195    782
  1196    782
  1197    782
  1198    782
  1199    782
  1200    782
  1201    782
  1202    782
  1203    782
  1204    782
  1205    782
  1206    782
  1185    783
  1186    783
  1187    783
  1188    783
  1189    783
  1190    783
  1191    783
  1192    783
  1193    783
  1194    783
  1195    783
  1196    783
  1197    783
  1198    783
  1199    783
  1200    783
  1201    783
  1202    783
  1203    783
  1204    783
  1205    783
  1206    783
  1207    783
  1186    784
  1187    784
  1188    784
  1189    784
  1190    784
  1191    784
  1192    784
  1193    784
  1194    784
  1195    784
  1196    784
  1197    784
  1198    784
  1199    784
  1200    784
  1201    784
  1202    784
  1203    784
  1204    784
  1205    784
  1206    784
  1207    784
  1208    784
  1209    784
  1188    785
  1189    785
  1190    785
  1191    785
  1192    785
  1193    785
  1194    785
  1195    785
  1196    785
  1197    785
  1198    785
  1199    785
  1200    785
  1201    785
  1202    785
  1203    785
  1204    785
  1205    785
  1206    785
  1207    785
  1208    785
  1209    785
  1210    785
  1211    785
  1189    786
  1190    786
  1191    786
  1192    786
  1193    786
  1194    786
  1195    786
  1196    786
  1197    786
  1198    786
  1199    786
  1200    786
  1201    786
  1202    786
  1203    786
  1204    786
  1205    786
  1206    786
  1207    786
  1208    786
  1209    786
  1210    786
  1211    786
  1212    786
  1190    787
  1191    787
  1192    787
  1193    787
  1194    787
  1195    787
  1196    787
  1197    787
  1198    787
  1199    787
  1200    787
  1201    787
  1202    787
  1203    787
  1204    787
  1205    787
  1206    787
  1207    787
  1208    787
  1209    787
  1210    787
  1211    787
  1212    787
  1213    787
  1191    788
  1192    788
  1193    788
  1194    788
  1195    788
  1196    788
  1197    788
  1198    788
  1199    788
  1200    788
  1201    788
  1202    788
  1203    788
  1204    788
  1205    788
  1206    788
  1207    788
  1208    788
  1209    788
  1210    788
  1211    788
  1212    788
  1213    788
  1214    788
  1192    789
  1193    789
  1194    789
  1195    789
  1196    789
  1197    789
  1198    789
  1199    789
  1200    789
  1201    789
  1202    789
  1203    789
  1204    789
  1205    789
  1206    789
  1207    789
  1208    789
  1209    789
  1210    789
  1211    789
  1212    789
  1213    789
  1214    789
  1215    789
  1216    789
  1193    790
  1194    790
  1195    790
  1196    790
  1197    790
  1198    790
  1199    790
  1200    790
  1201    790
  1202    790
  1203    790
  1204    790
  1205    790
  1206    790
  1207    790
  1208    790
  1209    790
  1210    790
  1211    790
  1212    790
  1213    790
  1214    790
  1215    790
  1216    790
  1217    790
  1194    791
  1195    791
  1196    791
  1197    791
  1198    791
  1199    791
  1200    791
  1201    791
  1202    791
  1203    791
  1204    791
  1205    791
  1206    791
  1207    791
  1208    791
  1209    791
  1210    791
  1211    791
  1212    791
  1213    791
  1214    791
  1215    791
  1216    791
  1217    791
  1195    792
  1196    792
  1197    792
  1198    792
  1199    792
  1200    792
  1201    792
  1202    792
  1203    792
  1204    792
  1205    792
  1206    792
  1207    792
  1208    792
  1209    792
  1210    792
  1211    792
  1212    792
  1213    792
  1214    792
  1215    792
  1216    792
  1217    792
  1218    792
  1219    792
  1196    793
  1197    793
  1198    793
  1199    793
  1200    793
  1201    793
  1202    793
  1203    793
  1204    793
  1205    793
  1206    793
  1207    793
  1208    793
  1209    793
  1210    793
  1211    793
  1212    793
  1213    793
  1214    793
  1215    793
  1216    793
  1217    793
  1218    793
  1219    793
  1220    793
  1197    794
  1198    794
  1199    794
  1200    794
  1201    794
  1202    794
  1203    794
  1204    794
  1205    794
  1206    794
  1207    794
  1208    794
  1209    794
  1210    794
  1211    794
  1212    794
  1213    794
  1214    794
  1215    794
  1216    794
  1217    794
  1218    794
  1219    794
  1220    794
  1221    794
  1198    795
  1199    795
  1200    795
  1201    795
  1202    795
  1203    795
  1204    795
  1205    795
  1206    795
  1207    795
  1208    795
  1209    795
  1210    795
  1211    795
  1212    795
  1213    795
  1214    795
  1215    795
  1216    795
  1217    795
  1218    795
  1219    795
  1220    795
  1221    795
  1222    795
  1200    796
  1201    796
  1202    796
  1203    796
  1204    796
  1205    796
  1206    796
  1207    796
  1208    796
  1209    796
  1210    796
  1211    796
  1212    796
  1213    796
  1214    796
  1215    796
  1216    796
  1217    796
  1218    796
  1219    796
  1220    796
  1221    796
  1222    796
  1223    796
  1224    796
  1201    797
  1202    797
  1203    797
  1204    797
  1205    797
  1206    797
  1207    797
  1208    797
  1209    797
  1210    797
  1211    797
  1212    797
  1213    797
  1214    797
  1215    797
  1216    797
  1217    797
  1218    797
  1219    797
  1220    797
  1221    797
  1222    797
  1223    797
  1224    797
  1225    797
  1202    798
  1203    798
  1204    798
  1205    798
  1206    798
  1207    798
  1208    798
  1209    798
  1210    798
  1211    798
  1212    798
  1213    798
  1214    798
  1215    798
  1216    798
  1217    798
  1218    798
  1219    798
  1220    798
  1221    798
  1222    798
  1223    798
  1224    798
  1225    798
  1203    799
  1204    799
  1205    799
  1206    799
  1207    799
  1208    799
  1209    799
  1210    799
  1211    799
  1212    799
  1213    799
  1214    799
  1215    799
  1216    799
  1217    799
  1218    799
  1219    799
  1220    799
  1221    799
  1222    799
  1223    799
  1224    799
  1225    799
  1226    799
  1227    799
  1204    800
  1205    800
  1206    800
  1207    800
  1208    800
  1209    800
  1210    800
  1211    800
  1212    800
  1213    800
  1214    800
  1215    800
  1216    800
  1217    800
  1218    800
  1219    800
  1220    800
  1221    800
  1222    800
  1223    800
  1224    800
  1225    800
  1226    800
  1227    800
  1228    800
  1229    800
  1206    801
  1207    801
  1208    801
  1209    801
  1210    801
  1211    801
  1212    801
  1213    801
  1214    801
  1215    801
  1216    801
  1217    801
  1218    801
  1219    801
  1220    801
  1221    801
  1222    801
  1223    801
  1224    801
  1225    801
  1226    801
  1227    801
  1228    801
  1229    801
  1207    802
  1208    802
  1209    802
  1210    802
  1211    802
  1212    802
  1213    802
  1214    802
  1215    802
  1216    802
  1217    802
  1218    802
  1219    802
  1220    802
  1221    802
  1222    802
  1223    802
  1224    802
  1225    802
  1226    802
  1227    802
  1228    802
  1229    802
  1230    802
  1208    803
  1209    803
  1210    803
  1211    803
  1212    803
  1213    803
  1214    803
  1215    803
  1216    803
  1217    803
  1218    803
  1219    803
  1220    803
  1221    803
  1222    803
  1223    803
  1224    803
  1225    803
  1226    803
  1227    803
  1228    803
  1229    803
  1230    803
  1231    803
  1232    803
  1209    804
  1210    804
  1211    804
  1212    804
  1213    804
  1214    804
  1215    804
  1216    804
  1217    804
  1218    804
  1219    804
  1220    804
  1221    804
  1222    804
  1223    804
  1224    804
  1225    804
  1226    804
  1227    804
  1228    804
  1229    804
  1230    804
  1231    804
  1232    804
  1233    804
  1210    805
  1211    805
  1212    805
  1213    805
  1214    805
  1215    805
  1216    805
  1217    805
  1218    805
  1219    805
  1220    805
  1221    805
  1222    805
  1223    805
  1224    805
  1225    805
  1226    805
  1227    805
  1228    805
  1229    805
  1230    805
  1231    805
  1232    805
  1233    805
  1234    805
  1211    806
  1212    806
  1213    806
  1214    806
  1215    806
  1216    806
  1217    806
  1218    806
  1219    806
  1220    806
  1221    806
  1222    806
  1223    806
  1224    806
  1225    806
  1226    806
  1227    806
  1228    806
  1229    806
  1230    806
  1231    806
  1232    806
  1233    806
  1234    806
  1235    806
  1212    807
  1213    807
  1214    807
  1215    807
  1216    807
  1217    807
  1218    807
  1219    807
  1220    807
  1221    807
  1222    807
  1223    807
  1224    807
  1225    807
  1226    807
  1227    807
  1228    807
  1229    807
  1230    807
  1231    807
  1232    807
  1233    807
  1234    807
  1235    807
  1236    807
  1237    807
  1213    808
  1214    808
  1215    808
  1216    808
  1217    808
  1218    808
  1219    808
  1220    808
  1221    808
  1222    808
  1223    808
  1224    808
  1225    808
  1226    808
  1227    808
  1228    808
  1229    808
  1230    808
  1231    808
  1232    808
  1233    808
  1234    808
  1235    808
  1236    808
  1237    808
  1238    808
  1214    809
  1215    809
  1216    809
  1217    809
  1218    809
  1219    809
  1220    809
  1221    809
  1222    809
  1223    809
  1224    809
  1225    809
  1226    809
  1227    809
  1228    809
  1229    809
  1230    809
  1231    809
  1232    809
  1233    809
  1234    809
  1235    809
  1236    809
  1237    809
  1238    809
  1239    809
  1215    810
  1216    810
  1217    810
  1218    810
  1219    810
  1220    810
  1221    810
  1222    810
  1223    810
  1224    810
  1225    810
  1226    810
  1227    810
  1228    810
  1229    810
  1230    810
  1231    810
  1232    810
  1233    810
  1234    810
  1235    810
  1236    810
  1237    810
  1238    810
  1239    810
  1240    810
  1216    811
  1217    811
  1218    811
  1219    811
  1220    811
  1221    811
  1222    811
  1223    811
  1224    811
  1225    811
  1226    811
  1227    811
  1228    811
  1229    811
  1230    811
  1231    811
  1232    811
  1233    811
  1234    811
  1235    811
  1236    811
  1237    811
  1238    811
  1239    811
  1240    811
  1241    811
  1242    811
  1218    812
  1219    812
  1220    812
  1221    812
  1222    812
  1223    812
  1224    812
  1225    812
  1226    812
  1227    812
  1228    812
  1229    812
  1230    812
  1231    812
  1232    812
  1233    812
  1234    812
  1235    812
  1236    812
  1237    812
  1238    812
  1239    812
  1240    812
  1241    812
  1242    812
  1243    812
  1219    813
  1220    813
  1221    813
  1222    813
  1223    813
  1224    813
  1225    813
  1226    813
  1227    813
  1228    813
  1229    813
  1230    813
  1231    813
  1232    813
  1233    813
  1234    813
  1235    813
  1236    813
  1237    813
  1238    813
  1239    813
  1240    813
  1241    813
  1242    813
  1243    813
  1244    813
  1220    814
  1221    814
  1222    814
  1223    814
  1224    814
  1225    814
  1226    814
  1227    814
  1228    814
  1229    814
  1230    814
  1231    814
  1232    814
  1233    814
  1234    814
  1235    814
  1236    814
  1237    814
  1238    814
  1239    814
  1240    814
  1241    814
  1242    814
  1243    814
  1244    814
  1245    814
  1221    815
  1222    815
  1223    815
  1224    815
  1225    815
  1226    815
  1227    815
  1228    815
  1229    815
  1230    815
  1231    815
  1232    815
  1233    815
  1234    815
  1235    815
  1236    815
  1237    815
  1238    815
  1239    815
  1240    815
  1241    815
  1242    815
  1243    815
  1244    815
  1245    815
  1246    815
  1247    815
  1222    816
  1223    816
  1224    816
  1225    816
  1226    816
  1227    816
  1228    816
  1229    816
  1230    816
  1231    816
  1232    816
  1233    816
  1234    816
  1235    816
  1236    816
  1237    816
  1238    816
  1239    816
  1240    816
  1241    816
  1242    816
  1243    816
  1244    816
  1245    816
  1246    816
  1247    816
  1248    816
  1223    817
  1224    817
  1225    817
  1226    817
  1227    817
  1228    817
  1229    817
  1230    817
  1231    817
  1232    817
  1233    817
  1234    817
  1235    817
  1236    817
  1237    817
  1238    817
  1239    817
  1240    817
  1241    817
  1242    817
  1243    817
  1244    817
  1245    817
  1246    817
  1247    817
  1248    817
  1249    817
  1225    818
  1226    818
  1227    818
  1228    818
  1229    818
  1230    818
  1231    818
  1232    818
  1233    818
  1234    818
  1235    818
  1236    818
  1237    818
  1238    818
  1239    818
  1240    818
  1241    818
  1242    818
  1243    818
  1244    818
  1245    818
  1246    818
  1247    818
  1248    818
  1249    818
  1250    818
  1226    819
  1227    819
  1228    819
  1229    819
  1230    819
  1231    819
  1232    819
  1233    819
  1234    819
  1235    819
  1236    819
  1237    819
  1238    819
  1239    819
  1240    819
  1241    819
  1242    819
  1243    819
  1244    819
  1245    819
  1246    819
  1247    819
  1248    819
  1249    819
  1250    819
  1251    819
  1252    819
  1226    820
  1227    820
  1228    820
  1229    820
  1230    820
  1231    820
  1232    820
  1233    820
  1234    820
  1235    820
  1236    820
  1237    820
  1238    820
  1239    820
  1240    820
  1241    820
  1242    820
  1243    820
  1244    820
  1245    820
  1246    820
  1247    820
  1248    820
  1249    820
  1250    820
  1251    820
  1252    820
  1253    820
  1227    821
  1228    821
  1229    821
  1230    821
  1231    821
  1232    821
  1233    821
  1234    821
  1235    821
  1236    821
  1237    821
  1238    821
  1239    821
  1240    821
  1241    821
  1242    821
  1243    821
  1244    821
  1245    821
  1246    821
  1247    821
  1248    821
  1249    821
  1250    821
  1251    821
  1252    821
  1253    821
  1254    821
  1229    822
  1230    822
  1231    822
  1232    822
  1233    822
  1234    822
  1235    822
  1236    822
  1237    822
  1238    822
  1239    822
  1240    822
  1241    822
  1242    822
  1243    822
  1244    822
  1245    822
  1246    822
  1247    822
  1248    822
  1249    822
  1250    822
  1251    822
  1252    822
  1253    822
  1254    822
  1255    822
  1230    823
  1231    823
  1232    823
  1233    823
  1234    823
  1235    823
  1236    823
  1237    823
  1238    823
  1239    823
  1240    823
  1241    823
  1242    823
  1243    823
  1244    823
  1245    823
  1246    823
  1247    823
  1248    823
  1249    823
  1250    823
  1251    823
  1252    823
  1253    823
  1254    823
  1255    823
  1256    823
  1231    824
  1232    824
  1233    824
  1234    824
  1235    824
  1236    824
  1237    824
  1238    824
  1239    824
  1240    824
  1241    824
  1242    824
  1243    824
  1244    824
  1245    824
  1246    824
  1247    824
  1248    824
  1249    824
  1250    824
  1251    824
  1252    824
  1253    824
  1254    824
  1255    824
  1256    824
  1257    824
  1258    824
  1232    825
  1233    825
  1234    825
  1235    825
  1236    825
  1237    825
  1238    825
  1239    825
  1240    825
  1241    825
  1242    825
  1243    825
  1244    825
  1245    825
  1246    825
  1247    825
  1248    825
  1249    825
  1250    825
  1251    825
  1252    825
  1253    825
  1254    825
  1255    825
  1256    825
  1257    825
  1258    825
  1259    825
  1234    826
  1235    826
  1236    826
  1237    826
  1238    826
  1239    826
  1240    826
  1241    826
  1242    826
  1243    826
  1244    826
  1245    826
  1246    826
  1247    826
  1248    826
  1249    826
  1250    826
  1251    826
  1252    826
  1253    826
  1254    826
  1255    826
  1256    826
  1257    826
  1258    826
  1259    826
  1260    826
  1235    827
  1236    827
  1237    827
  1238    827
  1239    827
  1240    827
  1241    827
  1242    827
  1243    827
  1244    827
  1245    827
  1246    827
  1247    827
  1248    827
  1249    827
  1250    827
  1251    827
  1252    827
  1253    827
  1254    827
  1255    827
  1256    827
  1257    827
  1258    827
  1259    827
  1260    827
  1261    827
  1236    828
  1237    828
  1238    828
  1239    828
  1240    828
  1241    828
  1242    828
  1243    828
  1244    828
  1245    828
  1246    828
  1247    828
  1248    828
  1249    828
  1250    828
  1251    828
  1252    828
  1253    828
  1254    828
  1255    828
  1256    828
  1257    828
  1258    828
  1259    828
  1260    828
  1261    828
  1262    828
  1237    829
  1238    829
  1239    829
  1240    829
  1241    829
  1242    829
  1243    829
  1244    829
  1245    829
  1246    829
  1247    829
  1248    829
  1249    829
  1250    829
  1251    829
  1252    829
  1253    829
  1254    829
  1255    829
  1256    829
  1257    829
  1258    829
  1259    829
  1260    829
  1261    829
  1262    829
  1263    829
  1238    830
  1239    830
  1240    830
  1241    830
  1242    830
  1243    830
  1244    830
  1245    830
  1246    830
  1247    830
  1248    830
  1249    830
  1250    830
  1251    830
  1252    830
  1253    830
  1254    830
  1255    830
  1256    830
  1257    830
  1258    830
  1259    830
  1260    830
  1261    830
  1262    830
  1263    830
  1264    830
  1239    831
  1240    831
  1241    831
  1242    831
  1243    831
  1244    831
  1245    831
  1246    831
  1247    831
  1248    831
  1249    831
  1250    831
  1251    831
  1252    831
  1253    831
  1254    831
  1255    831
  1256    831
  1257    831
  1258    831
  1259    831
  1260    831
  1261    831
  1262    831
  1263    831
  1264    831
  1265    831
  1266    831
  1240    832
  1241    832
  1242    832
  1243    832
  1244    832
  1245    832
  1246    832
  1247    832
  1248    832
  1249    832
  1250    832
  1251    832
  1252    832
  1253    832
  1254    832
  1255    832
  1256    832
  1257    832
  1258    832
  1259    832
  1260    832
  1261    832
  1262    832
  1263    832
  1264    832
  1265    832
  1266    832
  1267    832
  1241    833
  1242    833
  1243    833
  1244    833
  1245    833
  1246    833
  1247    833
  1248    833
  1249    833
  1250    833
  1251    833
  1252    833
  1253    833
  1254    833
  1255    833
  1256    833
  1257    833
  1258    833
  1259    833
  1260    833
  1261    833
  1262    833
  1263    833
  1264    833
  1265    833
  1266    833
  1267    833
  1268    833
  1242    834
  1243    834
  1244    834
  1245    834
  1246    834
  1247    834
  1248    834
  1249    834
  1250    834
  1251    834
  1252    834
  1253    834
  1254    834
  1255    834
  1256    834
  1257    834
  1258    834
  1259    834
  1260    834
  1261    834
  1262    834
  1263    834
  1264    834
  1265    834
  1266    834
  1267    834
  1268    834
  1269    834
  1270    834
  1243    835
  1244    835
  1245    835
  1246    835
  1247    835
  1248    835
  1249    835
  1250    835
  1251    835
  1252    835
  1253    835
  1254    835
  1255    835
  1256    835
  1257    835
  1258    835
  1259    835
  1260    835
  1261    835
  1262    835
  1263    835
  1264    835
  1265    835
  1266    835
  1267    835
  1268    835
  1269    835
  1270    835
  1271    835
  1244    836
  1245    836
  1246    836
  1247    836
  1248    836
  1249    836
  1250    836
  1251    836
  1252    836
  1253    836
  1254    836
  1255    836
  1256    836
  1257    836
  1258    836
  1259    836
  1260    836
  1261    836
  1262    836
  1263    836
  1264    836
  1265    836
  1266    836
  1267    836
  1268    836
  1269    836
  1270    836
  1271    836
  1272    836
  1246    837
  1247    837
  1248    837
  1249    837
  1250    837
  1251    837
  1252    837
  1253    837
  1254    837
  1255    837
  1256    837
  1257    837
  1258    837
  1259    837
  1260    837
  1261    837
  1262    837
  1263    837
  1264    837
  1265    837
  1266    837
  1267    837
  1268    837
  1269    837
  1270    837
  1271    837
  1272    837
  1273    837
  1248    838
  1249    838
  1250    838
  1251    838
  1252    838
  1253    838
  1254    838
  1255    838
  1256    838
  1257    838
  1258    838
  1259    838
  1260    838
  1261    838
  1262    838
  1263    838
  1264    838
  1265    838
  1266    838
  1267    838
  1268    838
  1269    838
  1270    838
  1271    838
  1272    838
  1273    838
  1274    838
  1249    839
  1250    839
  1251    839
  1252    839
  1253    839
  1254    839
  1255    839
  1256    839
  1257    839
  1258    839
  1259    839
  1260    839
  1261    839
  1262    839
  1263    839
  1264    839
  1265    839
  1266    839
  1267    839
  1268    839
  1269    839
  1270    839
  1271    839
  1272    839
  1273    839
  1274    839
  1275    839
  1250    840
  1251    840
  1252    840
  1253    840
  1254    840
  1255    840
  1256    840
  1257    840
  1258    840
  1259    840
  1260    840
  1261    840
  1262    840
  1263    840
  1264    840
  1265    840
  1266    840
  1267    840
  1268    840
  1269    840
  1270    840
  1271    840
  1272    840
  1273    840
  1274    840
  1275    840
  1276    840
  1277    840
  1251    841
  1252    841
  1253    841
  1254    841
  1255    841
  1256    841
  1257    841
  1258    841
  1259    841
  1260    841
  1261    841
  1262    841
  1263    841
  1264    841
  1265    841
  1266    841
  1267    841
  1268    841
  1269    841
  1270    841
  1271    841
  1272    841
  1273    841
  1274    841
  1275    841
  1276    841
  1277    841
  1278    841
  1252    842
  1253    842
  1254    842
  1255    842
  1256    842
  1257    842
  1258    842
  1259    842
  1260    842
  1261    842
  1262    842
  1263    842
  1264    842
  1265    842
  1266    842
  1267    842
  1268    842
  1269    842
  1270    842
  1271    842
  1272    842
  1273    842
  1274    842
  1275    842
  1276    842
  1277    842
  1278    842
  1279    842
  1253    843
  1254    843
  1255    843
  1256    843
  1257    843
  1258    843
  1259    843
  1260    843
  1261    843
  1262    843
  1263    843
  1264    843
  1265    843
  1266    843
  1267    843
  1268    843
  1269    843
  1270    843
  1271    843
  1272    843
  1273    843
  1274    843
  1275    843
  1276    843
  1277    843
  1278    843
  1279    843
  1280    843
  1254    844
  1255    844
  1256    844
  1257    844
  1258    844
  1259    844
  1260    844
  1261    844
  1262    844
  1263    844
  1264    844
  1265    844
  1266    844
  1267    844
  1268    844
  1269    844
  1270    844
  1271    844
  1272    844
  1273    844
  1274    844
  1275    844
  1276    844
  1277    844
  1278    844
  1279    844
  1280    844
  1281    844
  1282    844
  1255    845
  1256    845
  1257    845
  1258    845
  1259    845
  1260    845
  1261    845
  1262    845
  1263    845
  1264    845
  1265    845
  1266    845
  1267    845
  1268    845
  1269    845
  1270    845
  1271    845
  1272    845
  1273    845
  1274    845
  1275    845
  1276    845
  1277    845
  1278    845
  1279    845
  1280    845
  1281    845
  1282    845
  1283    845
  1256    846
  1257    846
  1258    846
  1259    846
  1260    846
  1261    846
  1262    846
  1263    846
  1264    846
  1265    846
  1266    846
  1267    846
  1268    846
  1269    846
  1270    846
  1271    846
  1272    846
  1273    846
  1274    846
  1275    846
  1276    846
  1277    846
  1278    846
  1279    846
  1280    846
  1281    846
  1282    846
  1283    846
  1284    846
  1257    847
  1258    847
  1259    847
  1260    847
  1261    847
  1262    847
  1263    847
  1264    847
  1265    847
  1266    847
  1267    847
  1268    847
  1269    847
  1270    847
  1271    847
  1272    847
  1273    847
  1274    847
  1275    847
  1276    847
  1277    847
  1278    847
  1279    847
  1280    847
  1281    847
  1282    847
  1283    847
  1284    847
  1285    847
  1259    848
  1260    848
  1261    848
  1262    848
  1263    848
  1264    848
  1265    848
  1266    848
  1267    848
  1268    848
  1269    848
  1270    848
  1271    848
  1272    848
  1273    848
  1274    848
  1275    848
  1276    848
  1277    848
  1278    848
  1279    848
  1280    848
  1281    848
  1282    848
  1283    848
  1284    848
  1285    848
  1286    848
  1287    848
  1260    849
  1261    849
  1262    849
  1263    849
  1264    849
  1265    849
  1266    849
  1267    849
  1268    849
  1269    849
  1270    849
  1271    849
  1272    849
  1273    849
  1274    849
  1275    849
  1276    849
  1277    849
  1278    849
  1279    849
  1280    849
  1281    849
  1282    849
  1283    849
  1284    849
  1285    849
  1286    849
  1287    849
  1288    849
  1261    850
  1262    850
  1263    850
  1264    850
  1265    850
  1266    850
  1267    850
  1268    850
  1269    850
  1270    850
  1271    850
  1272    850
  1273    850
  1274    850
  1275    850
  1276    850
  1277    850
  1278    850
  1279    850
  1280    850
  1281    850
  1282    850
  1283    850
  1284    850
  1285    850
  1286    850
  1287    850
  1288    850
  1289    850
  1262    851
  1263    851
  1264    851
  1265    851
  1266    851
  1267    851
  1268    851
  1269    851
  1270    851
  1271    851
  1272    851
  1273    851
  1274    851
  1275    851
  1276    851
  1277    851
  1278    851
  1279    851
  1280    851
  1281    851
  1282    851
  1283    851
  1284    851
  1285    851
  1286    851
  1287    851
  1288    851
  1289    851
  1264    852
  1265    852
  1266    852
  1267    852
  1268    852
  1269    852
  1270    852
  1271    852
  1272    852
  1273    852
  1274    852
  1275    852
  1276    852
  1277    852
  1278    852
  1279    852
  1280    852
  1281    852
  1282    852
  1283    852
  1284    852
  1285    852
  1286    852
  1287    852
  1288    852
  1289    852
  1290    852
  1291    852
  1265    853
  1266    853
  1267    853
  1268    853
  1269    853
  1270    853
  1271    853
  1272    853
  1273    853
  1274    853
  1275    853
  1276    853
  1277    853
  1278    853
  1279    853
  1280    853
  1281    853
  1282    853
  1283    853
  1284    853
  1285    853
  1286    853
  1287    853
  1288    853
  1289    853
  1290    853
  1291    853
  1292    853
  1266    854
  1267    854
  1268    854
  1269    854
  1270    854
  1271    854
  1272    854
  1273    854
  1274    854
  1275    854
  1276    854
  1277    854
  1278    854
  1279    854
  1280    854
  1281    854
  1282    854
  1283    854
  1284    854
  1285    854
  1286    854
  1287    854
  1288    854
  1289    854
  1290    854
  1291    854
  1292    854
  1293    854
  1294    854
  1266    855
  1267    855
  1268    855
  1269    855
  1270    855
  1271    855
  1272    855
  1273    855
  1274    855
  1275    855
  1276    855
  1277    855
  1278    855
  1279    855
  1280    855
  1281    855
  1282    855
  1283    855
  1284    855
  1285    855
  1286    855
  1287    855
  1288    855
  1289    855
  1290    855
  1291    855
  1292    855
  1293    855
  1294    855
  1295    855
  1268    856
  1269    856
  1270    856
  1271    856
  1272    856
  1273    856
  1274    856
  1275    856
  1276    856
  1277    856
  1278    856
  1279    856
  1280    856
  1281    856
  1282    856
  1283    856
  1284    856
  1285    856
  1286    856
  1287    856
  1288    856
  1289    856
  1290    856
  1291    856
  1292    856
  1293    856
  1294    856
  1295    856
  1296    856
  1297    856
  1269    857
  1270    857
  1271    857
  1272    857
  1273    857
  1274    857
  1275    857
  1276    857
  1277    857
  1278    857
  1279    857
  1280    857
  1281    857
  1282    857
  1283    857
  1284    857
  1285    857
  1286    857
  1287    857
  1288    857
  1289    857
  1290    857
  1291    857
  1292    857
  1293    857
  1294    857
  1295    857
  1296    857
  1297    857
  1270    858
  1271    858
  1272    858
  1273    858
  1274    858
  1275    858
  1276    858
  1277    858
  1278    858
  1279    858
  1280    858
  1281    858
  1282    858
  1283    858
  1284    858
  1285    858
  1286    858
  1287    858
  1288    858
  1289    858
  1290    858
  1291    858
  1292    858
  1293    858
  1294    858
  1295    858
  1296    858
  1297    858
  1298    858
  1299    858
  1272    859
  1273    859
  1274    859
  1275    859
  1276    859
  1277    859
  1278    859
  1279    859
  1280    859
  1281    859
  1282    859
  1283    859
  1284    859
  1285    859
  1286    859
  1287    859
  1288    859
  1289    859
  1290    859
  1291    859
  1292    859
  1293    859
  1294    859
  1295    859
  1296    859
  1297    859
  1298    859
  1299    859
  1300    859
  1273    860
  1274    860
  1275    860
  1276    860
  1277    860
  1278    860
  1279    860
  1280    860
  1281    860
  1282    860
  1283    860
  1284    860
  1285    860
  1286    860
  1287    860
  1288    860
  1289    860
  1290    860
  1291    860
  1292    860
  1293    860
  1294    860
  1295    860
  1296    860
  1297    860
  1298    860
  1299    860
  1300    860
  1301    860
  1274    861
  1275    861
  1276    861
  1277    861
  1278    861
  1279    861
  1280    861
  1281    861
  1282    861
  1283    861
  1284    861
  1285    861
  1286    861
  1287    861
  1288    861
  1289    861
  1290    861
  1291    861
  1292    861
  1293    861
  1294    861
  1295    861
  1296    861
  1297    861
  1298    861
  1299    861
  1300    861
  1301    861
  1302    861
  1303    861
  1275    862
  1276    862
  1277    862
  1278    862
  1279    862
  1280    862
  1281    862
  1282    862
  1283    862
  1284    862
  1285    862
  1286    862
  1287    862
  1288    862
  1289    862
  1290    862
  1291    862
  1292    862
  1293    862
  1294    862
  1295    862
  1296    862
  1297    862
  1298    862
  1299    862
  1300    862
  1301    862
  1302    862
  1303    862
  1276    863
  1277    863
  1278    863
  1279    863
  1280    863
  1281    863
  1282    863
  1283    863
  1284    863
  1285    863
  1286    863
  1287    863
  1288    863
  1289    863
  1290    863
  1291    863
  1292    863
  1293    863
  1294    863
  1295    863
  1296    863
  1297    863
  1298    863
  1299    863
  1300    863
  1301    863
  1302    863
  1303    863
  1304    863
  1305    863
  1277    864
  1278    864
  1279    864
  1280    864
  1281    864
  1282    864
  1283    864
  1284    864
  1285    864
  1286    864
  1287    864
  1288    864
  1289    864
  1290    864
  1291    864
  1292    864
  1293    864
  1294    864
  1295    864
  1296    864
  1297    864
  1298    864
  1299    864
  1300    864
  1301    864
  1302    864
  1303    864
  1304    864
  1305    864
  1306    864
  1278    865
  1279    865
  1280    865
  1281    865
  1282    865
  1283    865
  1284    865
  1285    865
  1286    865
  1287    865
  1288    865
  1289    865
  1290    865
  1291    865
  1292    865
  1293    865
  1294    865
  1295    865
  1296    865
  1297    865
  1298    865
  1299    865
  1300    865
  1301    865
  1302    865
  1303    865
  1304    865
  1305    865
  1306    865
  1307    865
  1308    865
  1278    866
  1279    866
  1280    866
  1281    866
  1282    866
  1283    866
  1284    866
  1285    866
  1286    866
  1287    866
  1288    866
  1289    866
  1290    866
  1291    866
  1292    866
  1293    866
  1294    866
  1295    866
  1296    866
  1297    866
  1298    866
  1299    866
  1300    866
  1301    866
  1302    866
  1303    866
  1304    866
  1305    866
  1306    866
  1307    866
  1308    866
  1279    867
  1280    867
  1281    867
  1282    867
  1283    867
  1284    867
  1285    867
  1286    867
  1287    867
  1288    867
  1289    867
  1290    867
  1291    867
  1292    867
  1293    867
  1294    867
  1295    867
  1296    867
  1297    867
  1298    867
  1299    867
  1300    867
  1301    867
  1302    867
  1303    867
  1304    867
  1305    867
  1306    867
  1307    867
  1308    867
  1309    867
  1281    868
  1282    868
  1283    868
  1284    868
  1285    868
  1286    868
  1287    868
  1288    868
  1289    868
  1290    868
  1291    868
  1292    868
  1293    868
  1294    868
  1295    868
  1296    868
  1297    868
  1298    868
  1299    868
  1300    868
  1301    868
  1302    868
  1303    868
  1304    868
  1305    868
  1306    868
  1307    868
  1308    868
  1309    868
  1310    868
  1283    869
  1284    869
  1285    869
  1286    869
  1287    869
  1288    869
  1289    869
  1290    869
  1291    869
  1292    869
  1293    869
  1294    869
  1295    869
  1296    869
  1297    869
  1298    869
  1299    869
  1300    869
  1301    869
  1302    869
  1303    869
  1304    869
  1305    869
  1306    869
  1307    869
  1308    869
  1309    869
  1310    869
  1311    869
  1312    869
  1313    869
  1283    870
  1284    870
  1285    870
  1286    870
  1287    870
  1288    870
  1289    870
  1290    870
  1291    870
  1292    870
  1293    870
  1294    870
  1295    870
  1296    870
  1297    870
  1298    870
  1299    870
  1300    870
  1301    870
  1302    870
  1303    870
  1304    870
  1305    870
  1306    870
  1307    870
  1308    870
  1309    870
  1310    870
  1311    870
  1312    870
  1313    870
  1314    870
  1284    871
  1285    871
  1286    871
  1287    871
  1288    871
  1289    871
  1290    871
  1291    871
  1292    871
  1293    871
  1294    871
  1295    871
  1296    871
  1297    871
  1298    871
  1299    871
  1300    871
  1301    871
  1302    871
  1303    871
  1304    871
  1305    871
  1306    871
  1307    871
  1308    871
  1309    871
  1310    871
  1311    871
  1312    871
  1313    871
  1314    871
  1286    872
  1287    872
  1288    872
  1289    872
  1290    872
  1291    872
  1292    872
  1293    872
  1294    872
  1295    872
  1296    872
  1297    872
  1298    872
  1299    872
  1300    872
  1301    872
  1302    872
  1303    872
  1304    872
  1305    872
  1306    872
  1307    872
  1308    872
  1309    872
  1310    872
  1311    872
  1312    872
  1313    872
  1314    872
  1315    872
  1287    873
  1288    873
  1289    873
  1290    873
  1291    873
  1292    873
  1293    873
  1294    873
  1295    873
  1296    873
  1297    873
  1298    873
  1299    873
  1300    873
  1301    873
  1302    873
  1303    873
  1304    873
  1305    873
  1306    873
  1307    873
  1308    873
  1309    873
  1310    873
  1311    873
  1312    873
  1313    873
  1314    873
  1315    873
  1288    874
  1289    874
  1290    874
  1291    874
  1292    874
  1293    874
  1294    874
  1295    874
  1296    874
  1297    874
  1298    874
  1299    874
  1300    874
  1301    874
  1302    874
  1303    874
  1304    874
  1305    874
  1306    874
  1307    874
  1308    874
  1309    874
  1310    874
  1311    874
  1312    874
  1313    874
  1314    874
  1315    874
  1316    874
  1317    874
  1318    874
  1289    875
  1290    875
  1291    875
  1292    875
  1293    875
  1294    875
  1295    875
  1296    875
  1297    875
  1298    875
  1299    875
  1300    875
  1301    875
  1302    875
  1303    875
  1304    875
  1305    875
  1306    875
  1307    875
  1308    875
  1309    875
  1310    875
  1311    875
  1312    875
  1313    875
  1314    875
  1315    875
  1316    875
  1317    875
  1318    875
  1319    875
  1290    876
  1291    876
  1292    876
  1293    876
  1294    876
  1295    876
  1296    876
  1297    876
  1298    876
  1299    876
  1300    876
  1301    876
  1302    876
  1303    876
  1304    876
  1305    876
  1306    876
  1307    876
  1308    876
  1309    876
  1310    876
  1311    876
  1312    876
  1313    876
  1314    876
  1315    876
  1316    876
  1317    876
  1318    876
  1319    876
  1320    876
  1291    877
  1292    877
  1293    877
  1294    877
  1295    877
  1296    877
  1297    877
  1298    877
  1299    877
  1300    877
  1301    877
  1302    877
  1303    877
  1304    877
  1305    877
  1306    877
  1307    877
  1308    877
  1309    877
  1310    877
  1311    877
  1312    877
  1313    877
  1314    877
  1315    877
  1316    877
  1317    877
  1318    877
  1319    877
  1320    877
  1321    877
  1292    878
  1293    878
  1294    878
  1295    878
  1296    878
  1297    878
  1298    878
  1299    878
  1300    878
  1301    878
  1302    878
  1303    878
  1304    878
  1305    878
  1306    878
  1307    878
  1308    878
  1309    878
  1310    878
  1311    878
  1312    878
  1313    878
  1314    878
  1315    878
  1316    878
  1317    878
  1318    878
  1319    878
  1320    878
  1321    878
  1322    878
  1323    878
  1294    879
  1295    879
  1296    879
  1297    879
  1298    879
  1299    879
  1300    879
  1301    879
  1302    879
  1303    879
  1304    879
  1305    879
  1306    879
  1307    879
  1308    879
  1309    879
  1310    879
  1311    879
  1312    879
  1313    879
  1314    879
  1315    879
  1316    879
  1317    879
  1318    879
  1319    879
  1320    879
  1321    879
  1322    879
  1323    879
  1324    879
  1295    880
  1296    880
  1297    880
  1298    880
  1299    880
  1300    880
  1301    880
  1302    880
  1303    880
  1304    880
  1305    880
  1306    880
  1307    880
  1308    880
  1309    880
  1310    880
  1311    880
  1312    880
  1313    880
  1314    880
  1315    880
  1316    880
  1317    880
  1318    880
  1319    880
  1320    880
  1321    880
  1322    880
  1323    880
  1324    880
  1325    880
  1296    881
  1297    881
  1298    881
  1299    881
  1300    881
  1301    881
  1302    881
  1303    881
  1304    881
  1305    881
  1306    881
  1307    881
  1308    881
  1309    881
  1310    881
  1311    881
  1312    881
  1313    881
  1314    881
  1315    881
  1316    881
  1317    881
  1318    881
  1319    881
  1320    881
  1321    881
  1322    881
  1323    881
  1324    881
  1325    881
  1326    881
  1297    882
  1298    882
  1299    882
  1300    882
  1301    882
  1302    882
  1303    882
  1304    882
  1305    882
  1306    882
  1307    882
  1308    882
  1309    882
  1310    882
  1311    882
  1312    882
  1313    882
  1314    882
  1315    882
  1316    882
  1317    882
  1318    882
  1319    882
  1320    882
  1321    882
  1322    882
  1323    882
  1324    882
  1325    882
  1326    882
  1327    882
  1298    883
  1299    883
  1300    883
  1301    883
  1302    883
  1303    883
  1304    883
  1305    883
  1306    883
  1307    883
  1308    883
  1309    883
  1310    883
  1311    883
  1312    883
  1313    883
  1314    883
  1315    883
  1316    883
  1317    883
  1318    883
  1319    883
  1320    883
  1321    883
  1322    883
  1323    883
  1324    883
  1325    883
  1326    883
  1327    883
  1328    883
  1299    884
  1300    884
  1301    884
  1302    884
  1303    884
  1304    884
  1305    884
  1306    884
  1307    884
  1308    884
  1309    884
  1310    884
  1311    884
  1312    884
  1313    884
  1314    884
  1315    884
  1316    884
  1317    884
  1318    884
  1319    884
  1320    884
  1321    884
  1322    884
  1323    884
  1324    884
  1325    884
  1326    884
  1327    884
  1328    884
  1329    884
  1300    885
  1301    885
  1302    885
  1303    885
  1304    885
  1305    885
  1306    885
  1307    885
  1308    885
  1309    885
  1310    885
  1311    885
  1312    885
  1313    885
  1314    885
  1315    885
  1316    885
  1317    885
  1318    885
  1319    885
  1320    885
  1321    885
  1322    885
  1323    885
  1324    885
  1325    885
  1326    885
  1327    885
  1328    885
  1329    885
  1330    885
  1301    886
  1302    886
  1303    886
  1304    886
  1305    886
  1306    886
  1307    886
  1308    886
  1309    886
  1310    886
  1311    886
  1312    886
  1313    886
  1314    886
  1315    886
  1316    886
  1317    886
  1318    886
  1319    886
  1320    886
  1321    886
  1322    886
  1323    886
  1324    886
  1325    886
  1326    886
  1327    886
  1328    886
  1329    886
  1330    886
  1331    886
  1302    887
  1303    887
  1304    887
  1305    887
  1306    887
  1307    887
  1308    887
  1309    887
  1310    887
  1311    887
  1312    887
  1313    887
  1314    887
  1315    887
  1316    887
  1317    887
  1318    887
  1319    887
  1320    887
  1321    887
  1322    887
  1323    887
  1324    887
  1325    887
  1326    887
  1327    887
  1328    887
  1329    887
  1330    887
  1331    887
  1332    887
  1333    887
  1334    887
  1303    888
  1304    888
  1305    888
  1306    888
  1307    888
  1308    888
  1309    888
  1310    888
  1311    888
  1312    888
  1313    888
  1314    888
  1315    888
  1316    888
  1317    888
  1318    888
  1319    888
  1320    888
  1321    888
  1322    888
  1323    888
  1324    888
  1325    888
  1326    888
  1327    888
  1328    888
  1329    888
  1330    888
  1331    888
  1332    888
  1333    888
  1334    888
  1335    888
  1305    889
  1306    889
  1307    889
  1308    889
  1309    889
  1310    889
  1311    889
  1312    889
  1313    889
  1314    889
  1315    889
  1316    889
  1317    889
  1318    889
  1319    889
  1320    889
  1321    889
  1322    889
  1323    889
  1324    889
  1325    889
  1326    889
  1327    889
  1328    889
  1329    889
  1330    889
  1331    889
  1332    889
  1333    889
  1334    889
  1335    889
  1336    889
  1307    890
  1308    890
  1309    890
  1310    890
  1311    890
  1312    890
  1313    890
  1314    890
  1315    890
  1316    890
  1317    890
  1318    890
  1319    890
  1320    890
  1321    890
  1322    890
  1323    890
  1324    890
  1325    890
  1326    890
  1327    890
  1328    890
  1329    890
  1330    890
  1331    890
  1332    890
  1333    890
  1334    890
  1335    890
  1336    890
  1308    891
  1309    891
  1310    891
  1311    891
  1312    891
  1313    891
  1314    891
  1315    891
  1316    891
  1317    891
  1318    891
  1319    891
  1320    891
  1321    891
  1322    891
  1323    891
  1324    891
  1325    891
  1326    891
  1327    891
  1328    891
  1329    891
  1330    891
  1331    891
  1332    891
  1333    891
  1334    891
  1335    891
  1336    891
  1337    891
  1338    891
  1308    892
  1309    892
  1310    892
  1311    892
  1312    892
  1313    892
  1314    892
  1315    892
  1316    892
  1317    892
  1318    892
  1319    892
  1320    892
  1321    892
  1322    892
  1323    892
  1324    892
  1325    892
  1326    892
  1327    892
  1328    892
  1329    892
  1330    892
  1331    892
  1332    892
  1333    892
  1334    892
  1335    892
  1336    892
  1337    892
  1338    892
  1339    892
  1309    893
  1310    893
  1311    893
  1312    893
  1313    893
  1314    893
  1315    893
  1316    893
  1317    893
  1318    893
  1319    893
  1320    893
  1321    893
  1322    893
  1323    893
  1324    893
  1325    893
  1326    893
  1327    893
  1328    893
  1329    893
  1330    893
  1331    893
  1332    893
  1333    893
  1334    893
  1335    893
  1336    893
  1337    893
  1338    893
  1339    893
  1310    894
  1311    894
  1312    894
  1313    894
  1314    894
  1315    894
  1316    894
  1317    894
  1318    894
  1319    894
  1320    894
  1321    894
  1322    894
  1323    894
  1324    894
  1325    894
  1326    894
  1327    894
  1328    894
  1329    894
  1330    894
  1331    894
  1332    894
  1333    894
  1334    894
  1335    894
  1336    894
  1337    894
  1338    894
  1339    894
  1311    895
  1312    895
  1313    895
  1314    895
  1315    895
  1316    895
  1317    895
  1318    895
  1319    895
  1320    895
  1321    895
  1322    895
  1323    895
  1324    895
  1325    895
  1326    895
  1327    895
  1328    895
  1329    895
  1330    895
  1331    895
  1332    895
  1333    895
  1334    895
  1312    896
  1313    896
  1314    896
  1315    896
  1316    896
  1317    896
  1318    896
  1319    896
  1320    896
  1321    896
  1322    896
  1323    896
  1324    896
  1325    896
  1326    896
  1327    896
  1328    896
  1329    896
  1330    896
  1331    896
  1332    896
  1333    896
  1334    896
  1335    896
  1336    896
  1313    897
  1314    897
  1315    897
  1316    897
  1317    897
  1318    897
  1319    897
  1320    897
  1321    897
  1322    897
  1323    897
  1324    897
  1325    897
  1326    897
  1327    897
  1328    897
  1329    897
  1330    897
  1331    897
  1316    898
  1317    898
  1318    898
  1319    898
  1320    898
  1321    898
  1322    898
  1323    898
  1324    898
  1325    898
  1317    899
  1318    899
  1319    899
  1320    899
  1318    900
  1319    900
  1320    900
  1321    900
  1322    900
  1320    901
  1321    901
  1345    906
  1346    906
  1347    906
  1348    906
  1349    906
  1350    906
  1351    906
  1352    906
  1353    906
  1354    906
  1340    907
  1341    907
  1342    907
  1343    907
  1344    907
  1345    907
  1346    907
  1347    907
  1348    907
  1349    907
  1350    907
  1351    907
  1352    907
  1353    907
  1354    907
  1355    907
  1356    907
  1341    908
  1342    908
  1343    908
  1344    908
  1345    908
  1346    908
  1347    908
  1348    908
  1349    908
  1350    908
  1351    908
  1352    908
  1353    908
  1354    908
  1355    908
  1356    908
  1357    908
  1334    909
  1335    909
  1336    909
  1337    909
  1338    909
  1339    909
  1340    909
  1341    909
  1342    909
  1343    909
  1344    909
  1345    909
  1346    909
  1347    909
  1348    909
  1349    909
  1350    909
  1351    909
  1352    909
  1353    909
  1354    909
  1355    909
  1356    909
  1357    909
  1358    909
  1359    909
  1329    910
  1330    910
  1331    910
  1332    910
  1333    910
  1334    910
  1335    910
  1336    910
  1337    910
  1338    910
  1339    910
  1340    910
  1341    910
  1342    910
  1343    910
  1344    910
  1345    910
  1346    910
  1347    910
  1348    910
  1349    910
  1350    910
  1351    910
  1352    910
  1353    910
  1354    910
  1355    910
  1356    910
  1357    910
  1358    910
  1359    910
  1360    910
  1330    911
  1331    911
  1332    911
  1333    911
  1334    911
  1335    911
  1336    911
  1337    911
  1338    911
  1339    911
  1340    911
  1341    911
  1342    911
  1343    911
  1344    911
  1345    911
  1346    911
  1347    911
  1348    911
  1349    911
  1350    911
  1351    911
  1352    911
  1353    911
  1354    911
  1355    911
  1356    911
  1357    911
  1358    911
  1359    911
  1360    911
  1361    911
  1330    912
  1331    912
  1332    912
  1333    912
  1334    912
  1335    912
  1336    912
  1337    912
  1338    912
  1339    912
  1340    912
  1341    912
  1342    912
  1343    912
  1344    912
  1345    912
  1346    912
  1347    912
  1348    912
  1349    912
  1350    912
  1351    912
  1352    912
  1353    912
  1354    912
  1355    912
  1356    912
  1357    912
  1358    912
  1359    912
  1360    912
  1361    912
  1331    913
  1332    913
  1333    913
  1334    913
  1335    913
  1336    913
  1337    913
  1338    913
  1339    913
  1340    913
  1341    913
  1342    913
  1343    913
  1344    913
  1345    913
  1346    913
  1347    913
  1348    913
  1349    913
  1350    913
  1351    913
  1352    913
  1353    913
  1354    913
  1355    913
  1356    913
  1357    913
  1358    913
  1332    914
  1333    914
  1334    914
  1335    914
  1336    914
  1337    914
  1338    914
  1339    914
  1340    914
  1341    914
  1342    914
  1343    914
  1344    914
  1345    914
  1346    914
  1347    914
  1348    914
  1349    914
  1350    914
  1351    914
  1352    914
  1353    914
  1354    914
  1355    914
  1356    914
  1357    914
  1358    914
  1359    914
  1360    914
  1334    915
  1335    915
  1336    915
  1337    915
  1338    915
  1339    915
  1340    915
  1341    915
  1342    915
  1343    915
  1344    915
  1345    915
  1346    915
  1347    915
  1348    915
  1349    915
  1350    915
  1351    915
  1352    915
  1353    915
  1354    915
  1355    915
  1356    915
  1357    915
  1358    915
  1334    916
  1335    916
  1336    916
  1337    916
  1338    916
  1339    916
  1340    916
  1341    916
  1342    916
  1344    916
  1345    916
  1346    916
  1347    916
  1348    916
  1349    916
  1350    916
  1351    916
  1352    916
  1353    916
  1354    916
  1355    916
  1356    916
  1335    917
  1336    917
  1337    917
  1338    917
  1339    917
  1340    917
  1341    917
  1342    917
  1343    917
  1345    917
  1346    917
  1347    917
  1348    917
  1349    917
  1350    917
  1351    917
  1352    917
  1353    917
  1354    917
  1355    917
  1356    917
  1357    917
  1335    918
  1336    918
  1337    918
  1338    918
  1339    918
  1340    918
  1341    918
  1342    918
  1343    918
  1344    918
  1345    918
  1346    918
  1347    918
  1348    918
  1349    918
  1350    918
  1351    918
  1352    918
  1353    918
  1354    918
  1355    918
  1356    918
  1357    918
  1358    918
  1336    919
  1337    919
  1338    919
  1339    919
  1340    919
  1341    919
  1342    919
  1343    919
  1344    919
  1345    919
  1346    919
  1347    919
  1348    919
  1349    919
  1350    919
  1351    919
  1352    919
  1353    919
  1354    919
  1355    919
  1356    919
  1357    919
  1358    919
  1359    919
  1360    919
  1361    919
  1337    920
  1338    920
  1339    920
  1340    920
  1341    920
  1342    920
  1343    920
  1344    920
  1345    920
  1346    920
  1347    920
  1348    920
  1349    920
  1350    920
  1351    920
  1352    920
  1353    920
  1354    920
  1355    920
  1356    920
  1357    920
  1358    920
  1359    920
  1360    920
  1361    920
  1362    920
  1338    921
  1339    921
  1340    921
  1341    921
  1342    921
  1343    921
  1344    921
  1345    921
  1346    921
  1347    921
  1348    921
  1349    921
  1350    921
  1351    921
  1352    921
  1353    921
  1354    921
  1355    921
  1356    921
  1357    921
  1358    921
  1359    921
  1360    921
  1361    921
  1362    921
  1363    921
  1340    922
  1341    922
  1342    922
  1343    922
  1344    922
  1345    922
  1346    922
  1347    922
  1348    922
  1349    922
  1350    922
  1351    922
  1352    922
  1353    922
  1354    922
  1355    922
  1356    922
  1357    922
  1358    922
  1359    922
  1360    922
  1361    922
  1362    922
  1363    922
  1341    923
  1342    923
  1343    923
  1344    923
  1345    923
  1346    923
  1347    923
  1348    923
  1349    923
  1350    923
  1351    923
  1352    923
  1353    923
  1354    923
  1355    923
  1356    923
  1357    923
  1358    923
  1359    923
  1360    923
  1361    923
  1362    923
  1363    923
  1364    923
  1342    924
  1343    924
  1344    924
  1345    924
  1346    924
  1348    924
  1349    924
  1350    924
  1351    924
  1352    924
  1353    924
  1354    924
  1355    924
  1356    924
  1357    924
  1358    924
  1359    924
  1360    924
  1361    924
  1362    924
  1363    924
  1343    925
  1344    925
  1345    925
  1346    925
  1347    925
  1349    925
  1350    925
  1351    925
  1352    925
  1353    925
  1354    925
  1355    925
  1356    925
  1357    925
  1344    926
  1345    926
  1346    926
  1347    926
  1348    926
  1350    926
  1351    926
  1352    926
  1353    926
  1354    926
  1355    926
  1356    926
  1357    926
  1358    926
  1359    926
  1346    927
  1347    927
  1348    927
  1353    927
  1354    927
  1347    928
  1348    928
  1349    928
  1354    928
  1355    928
  1356    928
