   965    738
   966    738
   967    738
   968    738
   960    739
   961    739
   962    739
   963    739
   964    739
   965    739
   966    739
   967    739
   959    740
   960    740
   961    740
   962    740
   963    740
   964    740
   965    740
   966    740
   959    741
   960    741
   961    741
   962    741
   963    741
   964    741
   965    741
   947    742
   959    742
   960    742
   961    742
   962    742
   963    742
   964    742
   946    743
   947    743
   957    743
   958    743
   959    743
   960    743
   961    743
   962    743
   963    743
   944    744
   945    744
   946    744
   947    744
   951    744
   952    744
   953    744
   954    744
   955    744
   956    744
   957    744
   958    744
   959    744
   960    744
   961    744
   962    744
   944    745
   945    745
   946    745
   947    745
   950    745
   951    745
   952    745
   953    745
   954    745
   955    745
   956    745
   957    745
   958    745
   959    745
   960    745
   961    745
   944    746
   945    746
   946    746
   947    746
   948    746
   949    746
   950    746
   951    746
   952    746
   953    746
   954    746
   955    746
   956    746
   957    746
   958    746
   959    746
   960    746
   944    747
   945    747
   946    747
   947    747
   948    747
   949    747
   950    747
   951    747
   952    747
   953    747
   954    747
   955    747
   956    747
   957    747
   958    747
   959    747
   920    748
   921    748
   922    748
   923    748
   924    748
   925    748
   926    748
   927    748
   944    748
   945    748
   946    748
   947    748
   948    748
   949    748
   950    748
   951    748
   952    748
   953    748
   954    748
   955    748
   956    748
   957    748
   915    749
   916    749
   917    749
   918    749
   919    749
   920    749
   921    749
   922    749
   923    749
   924    749
   925    749
   926    749
   927    749
   944    749
   945    749
   946    749
   947    749
   948    749
   949    749
   950    749
   951    749
   952    749
   953    749
   954    749
   955    749
   956    749
   912    750
   913    750
   914    750
   915    750
   916    750
   917    750
   918    750
   919    750
   920    750
   921    750
   922    750
   923    750
   924    750
   925    750
   926    750
   927    750
   945    750
   946    750
   947    750
   948    750
   949    750
   950    750
   951    750
   952    750
   953    750
   954    750
   955    750
   911    751
   912    751
   913    751
   914    751
   915    751
   916    751
   917    751
   918    751
   919    751
   920    751
   921    751
   922    751
   923    751
   924    751
   925    751
   926    751
   927    751
   928    751
   936    751
   937    751
   939    751
   940    751
   941    751
   942    751
   944    751
   945    751
   946    751
   947    751
   948    751
   949    751
   950    751
   951    751
   952    751
   953    751
   954    751
   902    752
   903    752
   904    752
   905    752
   906    752
   907    752
   911    752
   912    752
   913    752
   914    752
   915    752
   916    752
   917    752
   918    752
   919    752
   920    752
   921    752
   922    752
   923    752
   924    752
   925    752
   926    752
   927    752
   928    752
   929    752
   930    752
   931    752
   932    752
   933    752
   934    752
   935    752
   936    752
   937    752
   938    752
   939    752
   940    752
   941    752
   942    752
   943    752
   944    752
   945    752
   946    752
   947    752
   948    752
   949    752
   950    752
   951    752
   952    752
   953    752
   901    753
   902    753
   903    753
   904    753
   905    753
   906    753
   907    753
   911    753
   912    753
   913    753
   914    753
   915    753
   916    753
   917    753
   918    753
   919    753
   920    753
   921    753
   922    753
   923    753
   924    753
   925    753
   926    753
   927    753
   928    753
   929    753
   930    753
   931    753
   932    753
   933    753
   934    753
   935    753
   936    753
   937    753
   938    753
   939    753
   940    753
   941    753
   942    753
   943    753
   944    753
   945    753
   946    753
   947    753
   948    753
   949    753
   950    753
   951    753
   952    753
   893    754
   894    754
   895    754
   896    754
   900    754
   901    754
   902    754
   903    754
   904    754
   905    754
   906    754
   907    754
   911    754
   912    754
   913    754
   914    754
   915    754
   916    754
   917    754
   918    754
   919    754
   920    754
   921    754
   922    754
   923    754
   924    754
   925    754
   926    754
   927    754
   928    754
   929    754
   930    754
   931    754
   932    754
   933    754
   934    754
   935    754
   936    754
   937    754
   938    754
   939    754
   940    754
   943    754
   944    754
   945    754
   946    754
   947    754
   948    754
   949    754
   950    754
   951    754
   888    755
   889    755
   890    755
   891    755
   892    755
   893    755
   894    755
   895    755
   896    755
   900    755
   901    755
   902    755
   903    755
   904    755
   905    755
   906    755
   907    755
   908    755
   911    755
   912    755
   913    755
   914    755
   915    755
   916    755
   917    755
   918    755
   919    755
   920    755
   921    755
   922    755
   923    755
   924    755
   925    755
   926    755
   927    755
   928    755
   930    755
   931    755
   932    755
   933    755
   934    755
   935    755
   936    755
   937    755
   938    755
   939    755
   940    755
   941    755
   942    755
   943    755
   944    755
   945    755
   946    755
   947    755
   948    755
   949    755
   950    755
   884    756
   885    756
   886    756
   887    756
   888    756
   889    756
   890    756
   891    756
   892    756
   893    756
   894    756
   895    756
   896    756
   897    756
   898    756
   899    756
   900    756
   901    756
   902    756
   903    756
   904    756
   905    756
   906    756
   907    756
   911    756
   912    756
   913    756
   914    756
   915    756
   916    756
   917    756
   918    756
   919    756
   920    756
   921    756
   922    756
   923    756
   924    756
   925    756
   926    756
   927    756
   928    756
   930    756
   931    756
   932    756
   933    756
   934    756
   935    756
   936    756
   937    756
   938    756
   939    756
   940    756
   941    756
   942    756
   943    756
   944    756
   945    756
   946    756
   947    756
   948    756
   949    756
   879    757
   880    757
   881    757
   882    757
   883    757
   884    757
   885    757
   886    757
   887    757
   888    757
   889    757
   890    757
   891    757
   892    757
   893    757
   894    757
   895    757
   896    757
   897    757
   898    757
   899    757
   900    757
   901    757
   902    757
   903    757
   904    757
   905    757
   906    757
   907    757
   911    757
   912    757
   913    757
   914    757
   915    757
   916    757
   917    757
   918    757
   919    757
   920    757
   921    757
   922    757
   923    757
   924    757
   925    757
   926    757
   927    757
   928    757
   929    757
   930    757
   931    757
   932    757
   933    757
   934    757
   935    757
   936    757
   937    757
   938    757
   939    757
   940    757
   941    757
   942    757
   943    757
   944    757
   945    757
   946    757
   947    757
   948    757
   875    758
   876    758
   877    758
   878    758
   879    758
   880    758
   881    758
   882    758
   883    758
   884    758
   885    758
   886    758
   887    758
   888    758
   889    758
   890    758
   891    758
   892    758
   893    758
   894    758
   895    758
   896    758
   897    758
   898    758
   899    758
   900    758
   901    758
   902    758
   903    758
   904    758
   905    758
   906    758
   907    758
   912    758
   913    758
   914    758
   915    758
   916    758
   918    758
   919    758
   920    758
   927    758
   928    758
   929    758
   930    758
   931    758
   932    758
   933    758
   934    758
   935    758
   936    758
   937    758
   938    758
   939    758
   940    758
   941    758
   942    758
   943    758
   944    758
   945    758
   946    758
   870    759
   871    759
   872    759
   873    759
   874    759
   875    759
   876    759
   877    759
   878    759
   879    759
   880    759
   881    759
   882    759
   883    759
   884    759
   885    759
   886    759
   887    759
   888    759
   889    759
   890    759
   891    759
   892    759
   893    759
   894    759
   895    759
   896    759
   897    759
   898    759
   899    759
   900    759
   901    759
   902    759
   903    759
   904    759
   905    759
   906    759
   907    759
   908    759
   919    759
   920    759
   921    759
   922    759
   923    759
   924    759
   927    759
   928    759
   929    759
   930    759
   931    759
   932    759
   933    759
   934    759
   935    759
   936    759
   937    759
   938    759
   939    759
   940    759
   941    759
   942    759
   943    759
   944    759
   945    759
   866    760
   867    760
   868    760
   869    760
   870    760
   871    760
   872    760
   873    760
   874    760
   875    760
   876    760
   877    760
   878    760
   879    760
   880    760
   881    760
   882    760
   883    760
   884    760
   885    760
   886    760
   887    760
   888    760
   889    760
   890    760
   891    760
   892    760
   893    760
   894    760
   895    760
   896    760
   897    760
   898    760
   899    760
   900    760
   901    760
   902    760
   903    760
   904    760
   905    760
   906    760
   907    760
   916    760
   917    760
   918    760
   919    760
   920    760
   921    760
   922    760
   923    760
   924    760
   925    760
   926    760
   927    760
   928    760
   929    760
   930    760
   931    760
   932    760
   933    760
   934    760
   935    760
   936    760
   937    760
   938    760
   939    760
   940    760
   941    760
   942    760
   943    760
   944    760
   861    761
   862    761
   863    761
   864    761
   865    761
   866    761
   867    761
   868    761
   869    761
   870    761
   871    761
   872    761
   873    761
   874    761
   875    761
   876    761
   877    761
   878    761
   879    761
   880    761
   881    761
   882    761
   883    761
   884    761
   885    761
   886    761
   887    761
   888    761
   889    761
   890    761
   891    761
   892    761
   893    761
   894    761
   895    761
   896    761
   897    761
   898    761
   899    761
   900    761
   901    761
   902    761
   903    761
   904    761
   905    761
   906    761
   907    761
   915    761
   916    761
   917    761
   918    761
   919    761
   920    761
   921    761
   922    761
   923    761
   924    761
   925    761
   926    761
   927    761
   928    761
   929    761
   930    761
   931    761
   932    761
   933    761
   934    761
   935    761
   936    761
   937    761
   938    761
   939    761
   940    761
   941    761
   942    761
   943    761
   857    762
   858    762
   859    762
   860    762
   861    762
   862    762
   863    762
   864    762
   865    762
   866    762
   867    762
   868    762
   869    762
   870    762
   871    762
   872    762
   873    762
   874    762
   875    762
   876    762
   877    762
   878    762
   879    762
   880    762
   881    762
   882    762
   883    762
   884    762
   885    762
   886    762
   887    762
   888    762
   889    762
   890    762
   891    762
   892    762
   893    762
   894    762
   895    762
   896    762
   897    762
   898    762
   899    762
   900    762
   901    762
   902    762
   903    762
   904    762
   905    762
   906    762
   907    762
   927    762
   928    762
   929    762
   930    762
   931    762
   932    762
   933    762
   934    762
   935    762
   936    762
   937    762
   938    762
   939    762
   940    762
   941    762
   942    762
   852    763
   853    763
   854    763
   855    763
   856    763
   857    763
   858    763
   859    763
   860    763
   861    763
   862    763
   863    763
   864    763
   865    763
   866    763
   867    763
   868    763
   869    763
   870    763
   871    763
   872    763
   873    763
   874    763
   875    763
   876    763
   877    763
   878    763
   879    763
   880    763
   881    763
   882    763
   883    763
   884    763
   885    763
   886    763
   887    763
   888    763
   889    763
   890    763
   891    763
   892    763
   893    763
   894    763
   895    763
   896    763
   897    763
   898    763
   899    763
   900    763
   901    763
   902    763
   903    763
   904    763
   905    763
   906    763
   926    763
   927    763
   928    763
   929    763
   930    763
   931    763
   932    763
   933    763
   934    763
   935    763
   936    763
   937    763
   938    763
   939    763
   940    763
   848    764
   849    764
   850    764
   851    764
   852    764
   853    764
   854    764
   855    764
   856    764
   857    764
   858    764
   859    764
   860    764
   861    764
   862    764
   863    764
   864    764
   865    764
   866    764
   867    764
   868    764
   869    764
   870    764
   871    764
   872    764
   873    764
   874    764
   875    764
   876    764
   877    764
   878    764
   879    764
   880    764
   881    764
   882    764
   883    764
   884    764
   885    764
   886    764
   887    764
   888    764
   889    764
   890    764
   891    764
   892    764
   893    764
   894    764
   895    764
   896    764
   897    764
   898    764
   899    764
   900    764
   901    764
   902    764
   903    764
   904    764
   905    764
   906    764
   908    764
   909    764
   910    764
   911    764
   926    764
   927    764
   928    764
   929    764
   930    764
   931    764
   932    764
   933    764
   934    764
   935    764
   936    764
   937    764
   938    764
   939    764
   843    765
   844    765
   845    765
   846    765
   847    765
   848    765
   849    765
   850    765
   851    765
   852    765
   853    765
   854    765
   855    765
   856    765
   857    765
   858    765
   859    765
   860    765
   861    765
   862    765
   863    765
   864    765
   865    765
   866    765
   867    765
   868    765
   869    765
   870    765
   871    765
   872    765
   873    765
   874    765
   875    765
   876    765
   877    765
   878    765
   879    765
   880    765
   881    765
   882    765
   883    765
   884    765
   885    765
   886    765
   887    765
   888    765
   889    765
   890    765
   891    765
   892    765
   893    765
   894    765
   895    765
   896    765
   897    765
   898    765
   899    765
   900    765
   901    765
   902    765
   903    765
   904    765
   905    765
   906    765
   908    765
   909    765
   910    765
   911    765
   927    765
   928    765
   929    765
   930    765
   931    765
   932    765
   933    765
   934    765
   935    765
   936    765
   937    765
   938    765
   939    765
   839    766
   840    766
   841    766
   842    766
   843    766
   844    766
   845    766
   846    766
   847    766
   848    766
   849    766
   850    766
   851    766
   852    766
   853    766
   854    766
   855    766
   856    766
   857    766
   858    766
   859    766
   860    766
   861    766
   862    766
   863    766
   864    766
   865    766
   866    766
   867    766
   868    766
   869    766
   870    766
   871    766
   872    766
   873    766
   874    766
   875    766
   876    766
   877    766
   878    766
   879    766
   880    766
   881    766
   882    766
   883    766
   884    766
   885    766
   886    766
   887    766
   888    766
   889    766
   890    766
   891    766
   892    766
   893    766
   894    766
   895    766
   896    766
   897    766
   898    766
   899    766
   900    766
   901    766
   902    766
   903    766
   904    766
   908    766
   909    766
   910    766
   911    766
   926    766
   927    766
   928    766
   929    766
   930    766
   931    766
   932    766
   933    766
   934    766
   935    766
   936    766
   937    766
   938    766
   834    767
   835    767
   836    767
   837    767
   838    767
   839    767
   840    767
   841    767
   842    767
   843    767
   844    767
   845    767
   846    767
   847    767
   848    767
   849    767
   850    767
   851    767
   852    767
   853    767
   854    767
   855    767
   856    767
   857    767
   858    767
   859    767
   860    767
   861    767
   862    767
   863    767
   864    767
   865    767
   866    767
   867    767
   868    767
   869    767
   870    767
   871    767
   872    767
   873    767
   874    767
   875    767
   876    767
   877    767
   878    767
   879    767
   880    767
   881    767
   882    767
   883    767
   884    767
   885    767
   886    767
   887    767
   888    767
   889    767
   890    767
   891    767
   892    767
   893    767
   894    767
   895    767
   896    767
   897    767
   898    767
   899    767
   900    767
   901    767
   902    767
   903    767
   904    767
   906    767
   907    767
   908    767
   909    767
   910    767
   911    767
   912    767
   913    767
   914    767
   915    767
   916    767
   927    767
   928    767
   929    767
   930    767
   931    767
   932    767
   933    767
   934    767
   935    767
   936    767
   937    767
   830    768
   831    768
   832    768
   833    768
   834    768
   835    768
   836    768
   837    768
   838    768
   839    768
   840    768
   841    768
   842    768
   843    768
   844    768
   845    768
   846    768
   847    768
   848    768
   849    768
   850    768
   851    768
   852    768
   853    768
   854    768
   855    768
   856    768
   857    768
   858    768
   859    768
   860    768
   861    768
   862    768
   863    768
   864    768
   865    768
   866    768
   867    768
   868    768
   869    768
   870    768
   871    768
   872    768
   873    768
   874    768
   875    768
   876    768
   877    768
   878    768
   879    768
   880    768
   881    768
   882    768
   883    768
   884    768
   885    768
   886    768
   887    768
   888    768
   889    768
   890    768
   891    768
   892    768
   893    768
   894    768
   895    768
   896    768
   897    768
   898    768
   899    768
   900    768
   901    768
   902    768
   903    768
   904    768
   905    768
   906    768
   907    768
   908    768
   909    768
   910    768
   911    768
   912    768
   913    768
   914    768
   915    768
   916    768
   928    768
   929    768
   930    768
   931    768
   932    768
   933    768
   934    768
   935    768
   825    769
   826    769
   827    769
   828    769
   829    769
   830    769
   831    769
   832    769
   833    769
   834    769
   835    769
   836    769
   837    769
   838    769
   839    769
   840    769
   841    769
   842    769
   843    769
   844    769
   845    769
   846    769
   847    769
   848    769
   849    769
   850    769
   851    769
   852    769
   853    769
   854    769
   855    769
   856    769
   857    769
   858    769
   859    769
   860    769
   861    769
   862    769
   863    769
   864    769
   865    769
   866    769
   867    769
   868    769
   869    769
   870    769
   871    769
   872    769
   873    769
   874    769
   875    769
   876    769
   877    769
   878    769
   879    769
   880    769
   881    769
   882    769
   883    769
   884    769
   885    769
   886    769
   887    769
   888    769
   889    769
   890    769
   891    769
   892    769
   893    769
   894    769
   895    769
   896    769
   897    769
   898    769
   899    769
   900    769
   901    769
   902    769
   903    769
   904    769
   905    769
   906    769
   907    769
   908    769
   909    769
   910    769
   911    769
   912    769
   913    769
   914    769
   915    769
   916    769
   917    769
   918    769
   920    769
   927    769
   928    769
   929    769
   930    769
   931    769
   932    769
   933    769
   934    769
   935    769
   821    770
   822    770
   823    770
   824    770
   825    770
   826    770
   827    770
   828    770
   829    770
   830    770
   831    770
   832    770
   833    770
   834    770
   835    770
   836    770
   837    770
   838    770
   839    770
   840    770
   841    770
   842    770
   843    770
   844    770
   845    770
   846    770
   847    770
   848    770
   849    770
   850    770
   851    770
   852    770
   853    770
   854    770
   855    770
   856    770
   857    770
   858    770
   859    770
   860    770
   861    770
   862    770
   863    770
   864    770
   865    770
   866    770
   867    770
   868    770
   869    770
   870    770
   871    770
   872    770
   873    770
   874    770
   875    770
   876    770
   877    770
   878    770
   879    770
   880    770
   881    770
   882    770
   883    770
   884    770
   885    770
   886    770
   887    770
   888    770
   889    770
   890    770
   894    770
   895    770
   896    770
   897    770
   898    770
   899    770
   900    770
   901    770
   902    770
   903    770
   904    770
   905    770
   906    770
   907    770
   908    770
   909    770
   910    770
   911    770
   912    770
   913    770
   914    770
   915    770
   916    770
   917    770
   918    770
   919    770
   920    770
   921    770
   922    770
   923    770
   924    770
   925    770
   926    770
   927    770
   928    770
   929    770
   930    770
   931    770
   932    770
   933    770
   934    770
   816    771
   817    771
   818    771
   819    771
   820    771
   821    771
   822    771
   823    771
   824    771
   825    771
   826    771
   827    771
   828    771
   829    771
   830    771
   831    771
   832    771
   833    771
   834    771
   835    771
   836    771
   837    771
   838    771
   839    771
   840    771
   841    771
   842    771
   843    771
   844    771
   845    771
   846    771
   847    771
   848    771
   849    771
   850    771
   851    771
   852    771
   853    771
   854    771
   855    771
   856    771
   857    771
   858    771
   859    771
   860    771
   861    771
   862    771
   863    771
   864    771
   865    771
   866    771
   867    771
   868    771
   869    771
   870    771
   871    771
   872    771
   873    771
   874    771
   875    771
   876    771
   877    771
   878    771
   879    771
   880    771
   881    771
   882    771
   883    771
   884    771
   885    771
   886    771
   887    771
   888    771
   889    771
   890    771
   894    771
   895    771
   896    771
   897    771
   898    771
   899    771
   900    771
   901    771
   902    771
   903    771
   904    771
   905    771
   906    771
   907    771
   908    771
   909    771
   910    771
   911    771
   912    771
   913    771
   914    771
   915    771
   916    771
   917    771
   918    771
   919    771
   920    771
   921    771
   922    771
   923    771
   924    771
   925    771
   926    771
   927    771
   928    771
   929    771
   930    771
   931    771
   932    771
   933    771
   812    772
   813    772
   814    772
   815    772
   816    772
   817    772
   818    772
   819    772
   820    772
   821    772
   822    772
   823    772
   824    772
   825    772
   826    772
   827    772
   828    772
   829    772
   830    772
   831    772
   832    772
   833    772
   834    772
   835    772
   836    772
   837    772
   838    772
   839    772
   840    772
   841    772
   842    772
   843    772
   844    772
   845    772
   846    772
   847    772
   848    772
   849    772
   850    772
   851    772
   852    772
   853    772
   854    772
   855    772
   856    772
   857    772
   858    772
   859    772
   860    772
   861    772
   862    772
   863    772
   864    772
   865    772
   866    772
   867    772
   868    772
   869    772
   870    772
   871    772
   872    772
   873    772
   874    772
   875    772
   876    772
   877    772
   878    772
   879    772
   880    772
   881    772
   882    772
   883    772
   884    772
   885    772
   886    772
   887    772
   888    772
   889    772
   890    772
   891    772
   892    772
   893    772
   894    772
   895    772
   896    772
   897    772
   898    772
   899    772
   900    772
   901    772
   902    772
   903    772
   904    772
   905    772
   906    772
   907    772
   908    772
   909    772
   910    772
   911    772
   912    772
   913    772
   914    772
   915    772
   916    772
   917    772
   918    772
   919    772
   920    772
   921    772
   922    772
   923    772
   924    772
   925    772
   926    772
   927    772
   928    772
   929    772
   930    772
   931    772
   932    772
   933    772
   807    773
   808    773
   809    773
   810    773
   811    773
   812    773
   813    773
   814    773
   815    773
   816    773
   817    773
   818    773
   819    773
   820    773
   821    773
   822    773
   823    773
   824    773
   825    773
   826    773
   827    773
   828    773
   829    773
   830    773
   831    773
   832    773
   833    773
   834    773
   835    773
   836    773
   837    773
   838    773
   839    773
   840    773
   841    773
   842    773
   843    773
   844    773
   845    773
   846    773
   847    773
   848    773
   849    773
   850    773
   851    773
   852    773
   853    773
   854    773
   855    773
   856    773
   857    773
   858    773
   859    773
   860    773
   861    773
   862    773
   863    773
   864    773
   865    773
   866    773
   867    773
   868    773
   869    773
   870    773
   871    773
   872    773
   873    773
   874    773
   875    773
   876    773
   877    773
   878    773
   879    773
   880    773
   881    773
   882    773
   883    773
   884    773
   885    773
   886    773
   887    773
   888    773
   889    773
   890    773
   891    773
   892    773
   893    773
   894    773
   895    773
   896    773
   897    773
   898    773
   899    773
   900    773
   901    773
   902    773
   903    773
   904    773
   905    773
   906    773
   907    773
   908    773
   909    773
   910    773
   911    773
   912    773
   913    773
   914    773
   915    773
   916    773
   917    773
   918    773
   919    773
   920    773
   921    773
   922    773
   923    773
   924    773
   925    773
   926    773
   927    773
   928    773
   929    773
   930    773
   931    773
   802    774
   803    774
   804    774
   805    774
   806    774
   807    774
   808    774
   809    774
   810    774
   811    774
   812    774
   813    774
   814    774
   815    774
   816    774
   817    774
   818    774
   819    774
   820    774
   821    774
   822    774
   823    774
   824    774
   825    774
   826    774
   827    774
   828    774
   829    774
   830    774
   831    774
   832    774
   833    774
   834    774
   835    774
   836    774
   837    774
   838    774
   839    774
   840    774
   841    774
   842    774
   843    774
   844    774
   845    774
   846    774
   847    774
   848    774
   849    774
   850    774
   851    774
   852    774
   853    774
   854    774
   855    774
   856    774
   857    774
   858    774
   859    774
   860    774
   861    774
   862    774
   863    774
   864    774
   865    774
   866    774
   867    774
   868    774
   869    774
   870    774
   871    774
   872    774
   873    774
   874    774
   875    774
   876    774
   877    774
   878    774
   879    774
   880    774
   881    774
   882    774
   883    774
   884    774
   885    774
   886    774
   887    774
   888    774
   889    774
   890    774
   891    774
   892    774
   893    774
   894    774
   895    774
   896    774
   897    774
   898    774
   899    774
   900    774
   901    774
   902    774
   903    774
   904    774
   905    774
   906    774
   907    774
   908    774
   909    774
   910    774
   911    774
   912    774
   913    774
   914    774
   915    774
   916    774
   917    774
   918    774
   919    774
   920    774
   921    774
   922    774
   923    774
   924    774
   925    774
   926    774
   927    774
   928    774
   929    774
   798    775
   799    775
   800    775
   801    775
   802    775
   803    775
   804    775
   805    775
   806    775
   807    775
   808    775
   809    775
   810    775
   811    775
   812    775
   813    775
   814    775
   815    775
   816    775
   826    775
   827    775
   828    775
   829    775
   830    775
   831    775
   832    775
   835    775
   836    775
   837    775
   838    775
   839    775
   840    775
   841    775
   842    775
   843    775
   844    775
   845    775
   846    775
   847    775
   848    775
   849    775
   850    775
   851    775
   852    775
   853    775
   854    775
   855    775
   856    775
   857    775
   858    775
   859    775
   860    775
   861    775
   862    775
   863    775
   864    775
   865    775
   866    775
   867    775
   868    775
   869    775
   870    775
   871    775
   872    775
   873    775
   874    775
   875    775
   876    775
   877    775
   878    775
   879    775
   880    775
   881    775
   882    775
   883    775
   884    775
   885    775
   886    775
   887    775
   888    775
   889    775
   890    775
   891    775
   892    775
   893    775
   894    775
   895    775
   896    775
   897    775
   898    775
   899    775
   900    775
   901    775
   902    775
   903    775
   904    775
   905    775
   906    775
   907    775
   908    775
   909    775
   910    775
   911    775
   912    775
   913    775
   914    775
   915    775
   916    775
   917    775
   918    775
   919    775
   920    775
   921    775
   922    775
   923    775
   924    775
   925    775
   926    775
   927    775
   928    775
   793    776
   794    776
   795    776
   796    776
   797    776
   798    776
   799    776
   800    776
   801    776
   802    776
   803    776
   804    776
   805    776
   806    776
   807    776
   808    776
   809    776
   810    776
   811    776
   812    776
   813    776
   814    776
   815    776
   816    776
   817    776
   818    776
   819    776
   820    776
   821    776
   822    776
   823    776
   824    776
   825    776
   826    776
   827    776
   828    776
   829    776
   830    776
   831    776
   832    776
   833    776
   834    776
   835    776
   836    776
   837    776
   838    776
   839    776
   840    776
   841    776
   842    776
   843    776
   844    776
   847    776
   848    776
   849    776
   850    776
   851    776
   852    776
   853    776
   854    776
   855    776
   856    776
   857    776
   858    776
   859    776
   860    776
   861    776
   862    776
   863    776
   864    776
   865    776
   866    776
   867    776
   868    776
   869    776
   870    776
   871    776
   872    776
   873    776
   874    776
   875    776
   876    776
   877    776
   878    776
   879    776
   880    776
   881    776
   882    776
   883    776
   884    776
   885    776
   886    776
   887    776
   888    776
   889    776
   890    776
   891    776
   892    776
   893    776
   894    776
   895    776
   896    776
   897    776
   898    776
   899    776
   900    776
   901    776
   902    776
   903    776
   904    776
   905    776
   906    776
   907    776
   908    776
   909    776
   910    776
   911    776
   912    776
   913    776
   914    776
   915    776
   916    776
   917    776
   918    776
   919    776
   920    776
   921    776
   922    776
   923    776
   924    776
   925    776
   926    776
   927    776
   789    777
   790    777
   791    777
   792    777
   793    777
   794    777
   795    777
   796    777
   797    777
   798    777
   799    777
   800    777
   801    777
   802    777
   803    777
   804    777
   805    777
   806    777
   807    777
   808    777
   809    777
   810    777
   811    777
   812    777
   813    777
   814    777
   815    777
   816    777
   817    777
   818    777
   819    777
   820    777
   821    777
   822    777
   823    777
   824    777
   825    777
   826    777
   827    777
   828    777
   829    777
   830    777
   831    777
   832    777
   833    777
   834    777
   835    777
   836    777
   837    777
   838    777
   839    777
   840    777
   841    777
   842    777
   843    777
   844    777
   845    777
   846    777
   847    777
   848    777
   849    777
   850    777
   851    777
   852    777
   853    777
   854    777
   855    777
   856    777
   857    777
   858    777
   859    777
   860    777
   861    777
   862    777
   863    777
   864    777
   865    777
   866    777
   867    777
   868    777
   869    777
   870    777
   871    777
   872    777
   873    777
   874    777
   875    777
   876    777
   877    777
   878    777
   879    777
   880    777
   881    777
   882    777
   883    777
   884    777
   885    777
   886    777
   887    777
   888    777
   889    777
   890    777
   891    777
   892    777
   893    777
   894    777
   895    777
   896    777
   897    777
   898    777
   903    777
   904    777
   905    777
   906    777
   907    777
   908    777
   909    777
   910    777
   911    777
   912    777
   913    777
   914    777
   915    777
   916    777
   917    777
   918    777
   919    777
   920    777
   921    777
   922    777
   923    777
   924    777
   925    777
   784    778
   785    778
   786    778
   787    778
   788    778
   789    778
   790    778
   791    778
   792    778
   793    778
   794    778
   795    778
   796    778
   797    778
   798    778
   799    778
   800    778
   801    778
   802    778
   803    778
   804    778
   805    778
   806    778
   807    778
   808    778
   809    778
   810    778
   811    778
   812    778
   813    778
   814    778
   815    778
   816    778
   817    778
   818    778
   819    778
   820    778
   821    778
   822    778
   823    778
   824    778
   825    778
   826    778
   827    778
   828    778
   829    778
   830    778
   831    778
   832    778
   833    778
   834    778
   835    778
   836    778
   837    778
   838    778
   839    778
   840    778
   841    778
   842    778
   843    778
   844    778
   845    778
   846    778
   847    778
   848    778
   849    778
   850    778
   851    778
   852    778
   853    778
   854    778
   855    778
   856    778
   857    778
   858    778
   859    778
   860    778
   861    778
   862    778
   863    778
   864    778
   865    778
   866    778
   867    778
   868    778
   869    778
   870    778
   871    778
   872    778
   873    778
   874    778
   875    778
   876    778
   877    778
   878    778
   879    778
   880    778
   881    778
   882    778
   883    778
   884    778
   885    778
   886    778
   887    778
   888    778
   889    778
   890    778
   891    778
   892    778
   893    778
   894    778
   895    778
   896    778
   897    778
   900    778
   901    778
   902    778
   903    778
   904    778
   905    778
   906    778
   907    778
   908    778
   909    778
   910    778
   911    778
   912    778
   913    778
   914    778
   915    778
   916    778
   917    778
   918    778
   919    778
   920    778
   921    778
   922    778
   923    778
   924    778
   780    779
   781    779
   782    779
   783    779
   784    779
   785    779
   786    779
   787    779
   788    779
   789    779
   790    779
   791    779
   792    779
   793    779
   794    779
   795    779
   796    779
   797    779
   798    779
   799    779
   800    779
   801    779
   802    779
   803    779
   804    779
   805    779
   806    779
   807    779
   808    779
   809    779
   810    779
   811    779
   812    779
   813    779
   814    779
   815    779
   816    779
   817    779
   818    779
   819    779
   820    779
   821    779
   822    779
   823    779
   824    779
   825    779
   826    779
   827    779
   828    779
   829    779
   830    779
   831    779
   832    779
   833    779
   834    779
   835    779
   836    779
   837    779
   838    779
   839    779
   840    779
   841    779
   842    779
   843    779
   844    779
   845    779
   846    779
   847    779
   848    779
   849    779
   850    779
   851    779
   852    779
   853    779
   854    779
   855    779
   856    779
   857    779
   858    779
   859    779
   860    779
   861    779
   862    779
   863    779
   864    779
   865    779
   866    779
   867    779
   868    779
   869    779
   870    779
   871    779
   872    779
   873    779
   874    779
   875    779
   876    779
   877    779
   878    779
   879    779
   880    779
   881    779
   882    779
   883    779
   884    779
   885    779
   886    779
   887    779
   888    779
   889    779
   890    779
   891    779
   892    779
   893    779
   894    779
   895    779
   896    779
   897    779
   902    779
   903    779
   904    779
   905    779
   906    779
   907    779
   908    779
   909    779
   910    779
   911    779
   912    779
   913    779
   914    779
   915    779
   916    779
   917    779
   918    779
   919    779
   920    779
   921    779
   922    779
   923    779
   924    779
   925    779
   775    780
   776    780
   777    780
   778    780
   779    780
   780    780
   781    780
   782    780
   783    780
   784    780
   785    780
   786    780
   787    780
   788    780
   789    780
   790    780
   791    780
   792    780
   793    780
   794    780
   795    780
   796    780
   797    780
   798    780
   799    780
   800    780
   801    780
   802    780
   803    780
   804    780
   805    780
   806    780
   807    780
   808    780
   809    780
   810    780
   811    780
   812    780
   813    780
   814    780
   815    780
   816    780
   817    780
   818    780
   819    780
   820    780
   821    780
   822    780
   823    780
   824    780
   825    780
   826    780
   827    780
   828    780
   829    780
   830    780
   831    780
   832    780
   833    780
   834    780
   835    780
   836    780
   837    780
   838    780
   839    780
   840    780
   841    780
   842    780
   843    780
   844    780
   845    780
   846    780
   847    780
   848    780
   849    780
   850    780
   851    780
   852    780
   853    780
   854    780
   855    780
   856    780
   857    780
   858    780
   859    780
   860    780
   861    780
   862    780
   863    780
   864    780
   865    780
   866    780
   867    780
   868    780
   869    780
   870    780
   871    780
   872    780
   873    780
   874    780
   875    780
   876    780
   877    780
   878    780
   879    780
   880    780
   881    780
   882    780
   883    780
   884    780
   885    780
   886    780
   887    780
   888    780
   889    780
   890    780
   891    780
   892    780
   893    780
   894    780
   895    780
   896    780
   901    780
   902    780
   903    780
   904    780
   905    780
   906    780
   907    780
   908    780
   909    780
   910    780
   911    780
   912    780
   913    780
   914    780
   915    780
   916    780
   917    780
   918    780
   919    780
   920    780
   921    780
   922    780
   923    780
   924    780
   771    781
   772    781
   773    781
   774    781
   775    781
   776    781
   777    781
   778    781
   779    781
   780    781
   781    781
   782    781
   783    781
   784    781
   785    781
   786    781
   787    781
   788    781
   789    781
   790    781
   791    781
   792    781
   793    781
   794    781
   795    781
   796    781
   797    781
   798    781
   799    781
   800    781
   801    781
   802    781
   803    781
   804    781
   805    781
   806    781
   807    781
   808    781
   809    781
   810    781
   811    781
   812    781
   813    781
   814    781
   815    781
   816    781
   817    781
   818    781
   819    781
   820    781
   821    781
   822    781
   823    781
   824    781
   825    781
   826    781
   827    781
   828    781
   829    781
   830    781
   831    781
   832    781
   833    781
   834    781
   835    781
   836    781
   837    781
   838    781
   839    781
   840    781
   841    781
   842    781
   843    781
   844    781
   845    781
   846    781
   847    781
   848    781
   849    781
   850    781
   851    781
   852    781
   853    781
   854    781
   855    781
   856    781
   857    781
   858    781
   859    781
   860    781
   861    781
   862    781
   863    781
   864    781
   865    781
   866    781
   867    781
   868    781
   869    781
   870    781
   871    781
   872    781
   873    781
   874    781
   875    781
   876    781
   877    781
   878    781
   879    781
   880    781
   881    781
   882    781
   883    781
   884    781
   885    781
   886    781
   887    781
   888    781
   889    781
   890    781
   891    781
   892    781
   893    781
   894    781
   895    781
   896    781
   901    781
   902    781
   903    781
   904    781
   905    781
   906    781
   907    781
   908    781
   909    781
   910    781
   911    781
   912    781
   913    781
   914    781
   915    781
   916    781
   917    781
   918    781
   919    781
   920    781
   921    781
   922    781
   766    782
   767    782
   768    782
   769    782
   770    782
   771    782
   772    782
   773    782
   774    782
   775    782
   776    782
   777    782
   778    782
   779    782
   780    782
   781    782
   782    782
   783    782
   784    782
   785    782
   786    782
   787    782
   788    782
   789    782
   790    782
   791    782
   792    782
   793    782
   794    782
   795    782
   796    782
   797    782
   798    782
   799    782
   800    782
   801    782
   802    782
   803    782
   804    782
   805    782
   806    782
   807    782
   808    782
   809    782
   810    782
   811    782
   812    782
   813    782
   814    782
   815    782
   816    782
   817    782
   818    782
   819    782
   820    782
   821    782
   822    782
   823    782
   824    782
   825    782
   826    782
   827    782
   828    782
   829    782
   830    782
   831    782
   832    782
   833    782
   834    782
   835    782
   836    782
   837    782
   838    782
   839    782
   840    782
   841    782
   842    782
   843    782
   844    782
   845    782
   846    782
   847    782
   848    782
   849    782
   850    782
   851    782
   852    782
   853    782
   854    782
   855    782
   856    782
   857    782
   858    782
   859    782
   860    782
   861    782
   862    782
   863    782
   864    782
   865    782
   866    782
   867    782
   868    782
   869    782
   870    782
   871    782
   872    782
   873    782
   874    782
   875    782
   876    782
   877    782
   878    782
   879    782
   880    782
   881    782
   882    782
   883    782
   884    782
   885    782
   886    782
   887    782
   888    782
   889    782
   890    782
   891    782
   892    782
   893    782
   894    782
   895    782
   896    782
   897    782
   898    782
   899    782
   900    782
   903    782
   907    782
   908    782
   909    782
   910    782
   911    782
   912    782
   913    782
   914    782
   915    782
   916    782
   917    782
   918    782
   919    782
   920    782
   921    782
   762    783
   763    783
   764    783
   765    783
   766    783
   767    783
   768    783
   769    783
   770    783
   771    783
   772    783
   773    783
   774    783
   775    783
   776    783
   777    783
   778    783
   779    783
   780    783
   781    783
   782    783
   783    783
   784    783
   785    783
   786    783
   787    783
   788    783
   789    783
   790    783
   791    783
   792    783
   793    783
   794    783
   795    783
   796    783
   797    783
   798    783
   799    783
   800    783
   801    783
   802    783
   803    783
   804    783
   805    783
   806    783
   807    783
   808    783
   809    783
   810    783
   811    783
   812    783
   813    783
   814    783
   815    783
   816    783
   817    783
   818    783
   819    783
   820    783
   821    783
   822    783
   823    783
   824    783
   825    783
   826    783
   827    783
   828    783
   829    783
   830    783
   831    783
   832    783
   833    783
   834    783
   835    783
   836    783
   837    783
   838    783
   839    783
   840    783
   841    783
   842    783
   843    783
   844    783
   845    783
   846    783
   847    783
   848    783
   849    783
   850    783
   851    783
   852    783
   853    783
   854    783
   855    783
   856    783
   857    783
   858    783
   859    783
   860    783
   861    783
   862    783
   863    783
   864    783
   865    783
   866    783
   867    783
   868    783
   869    783
   870    783
   871    783
   872    783
   873    783
   874    783
   875    783
   876    783
   877    783
   878    783
   879    783
   880    783
   881    783
   882    783
   883    783
   884    783
   885    783
   886    783
   887    783
   888    783
   889    783
   890    783
   891    783
   892    783
   893    783
   894    783
   895    783
   896    783
   897    783
   898    783
   899    783
   900    783
   901    783
   902    783
   903    783
   904    783
   905    783
   906    783
   907    783
   908    783
   909    783
   910    783
   911    783
   915    783
   916    783
   917    783
   918    783
   919    783
   757    784
   758    784
   759    784
   760    784
   761    784
   762    784
   763    784
   764    784
   765    784
   766    784
   767    784
   768    784
   769    784
   770    784
   771    784
   772    784
   773    784
   774    784
   775    784
   776    784
   777    784
   778    784
   779    784
   780    784
   781    784
   782    784
   783    784
   784    784
   785    784
   786    784
   787    784
   788    784
   789    784
   790    784
   791    784
   792    784
   793    784
   794    784
   795    784
   796    784
   797    784
   798    784
   799    784
   800    784
   801    784
   802    784
   803    784
   804    784
   805    784
   806    784
   807    784
   808    784
   809    784
   810    784
   811    784
   812    784
   813    784
   814    784
   815    784
   816    784
   817    784
   818    784
   819    784
   820    784
   821    784
   822    784
   823    784
   824    784
   825    784
   826    784
   827    784
   828    784
   829    784
   830    784
   831    784
   832    784
   833    784
   834    784
   835    784
   836    784
   837    784
   838    784
   839    784
   840    784
   841    784
   842    784
   843    784
   844    784
   845    784
   846    784
   847    784
   848    784
   849    784
   850    784
   851    784
   852    784
   853    784
   854    784
   855    784
   856    784
   857    784
   858    784
   859    784
   860    784
   861    784
   862    784
   863    784
   864    784
   865    784
   866    784
   867    784
   868    784
   869    784
   870    784
   871    784
   872    784
   873    784
   874    784
   875    784
   876    784
   877    784
   878    784
   879    784
   880    784
   881    784
   882    784
   883    784
   884    784
   885    784
   886    784
   887    784
   888    784
   889    784
   890    784
   891    784
   892    784
   893    784
   894    784
   895    784
   896    784
   897    784
   898    784
   899    784
   900    784
   901    784
   902    784
   903    784
   904    784
   905    784
   906    784
   907    784
   908    784
   909    784
   910    784
   911    784
   912    784
   914    784
   915    784
   916    784
   918    784
   753    785
   754    785
   755    785
   756    785
   757    785
   758    785
   759    785
   760    785
   761    785
   762    785
   763    785
   764    785
   765    785
   766    785
   767    785
   768    785
   769    785
   770    785
   771    785
   772    785
   773    785
   774    785
   775    785
   776    785
   777    785
   778    785
   779    785
   780    785
   781    785
   782    785
   783    785
   784    785
   785    785
   786    785
   787    785
   788    785
   789    785
   790    785
   791    785
   792    785
   793    785
   794    785
   795    785
   796    785
   797    785
   798    785
   799    785
   800    785
   801    785
   802    785
   803    785
   804    785
   805    785
   806    785
   807    785
   808    785
   809    785
   810    785
   811    785
   812    785
   813    785
   814    785
   815    785
   816    785
   817    785
   818    785
   819    785
   820    785
   821    785
   822    785
   823    785
   824    785
   825    785
   826    785
   827    785
   828    785
   829    785
   830    785
   831    785
   832    785
   833    785
   834    785
   835    785
   836    785
   837    785
   838    785
   839    785
   840    785
   841    785
   842    785
   843    785
   844    785
   845    785
   846    785
   847    785
   848    785
   849    785
   850    785
   851    785
   852    785
   853    785
   854    785
   855    785
   856    785
   857    785
   858    785
   859    785
   860    785
   861    785
   862    785
   863    785
   864    785
   865    785
   866    785
   867    785
   868    785
   869    785
   870    785
   871    785
   872    785
   873    785
   874    785
   875    785
   876    785
   877    785
   878    785
   879    785
   880    785
   881    785
   882    785
   883    785
   884    785
   885    785
   886    785
   887    785
   888    785
   889    785
   890    785
   891    785
   892    785
   893    785
   894    785
   895    785
   896    785
   897    785
   898    785
   899    785
   900    785
   901    785
   902    785
   903    785
   904    785
   905    785
   906    785
   907    785
   908    785
   909    785
   910    785
   911    785
   912    785
   913    785
   914    785
   915    785
   916    785
   917    785
   918    785
   919    785
   920    785
   921    785
   922    785
   923    785
   924    785
   748    786
   749    786
   750    786
   751    786
   752    786
   753    786
   754    786
   755    786
   756    786
   757    786
   758    786
   759    786
   760    786
   761    786
   762    786
   763    786
   764    786
   765    786
   766    786
   767    786
   768    786
   769    786
   770    786
   771    786
   772    786
   773    786
   774    786
   775    786
   776    786
   777    786
   778    786
   779    786
   780    786
   781    786
   782    786
   783    786
   784    786
   785    786
   786    786
   787    786
   788    786
   789    786
   790    786
   791    786
   792    786
   793    786
   794    786
   795    786
   796    786
   797    786
   798    786
   799    786
   800    786
   801    786
   802    786
   803    786
   804    786
   805    786
   806    786
   807    786
   808    786
   809    786
   810    786
   811    786
   812    786
   813    786
   814    786
   815    786
   816    786
   817    786
   818    786
   819    786
   820    786
   821    786
   822    786
   823    786
   824    786
   825    786
   826    786
   827    786
   828    786
   829    786
   830    786
   831    786
   832    786
   833    786
   834    786
   835    786
   836    786
   837    786
   838    786
   839    786
   840    786
   841    786
   842    786
   843    786
   844    786
   845    786
   846    786
   847    786
   848    786
   849    786
   850    786
   851    786
   852    786
   853    786
   854    786
   855    786
   856    786
   857    786
   858    786
   859    786
   860    786
   861    786
   862    786
   863    786
   864    786
   865    786
   866    786
   867    786
   868    786
   869    786
   870    786
   871    786
   872    786
   873    786
   874    786
   875    786
   876    786
   877    786
   878    786
   879    786
   880    786
   881    786
   882    786
   883    786
   884    786
   885    786
   886    786
   887    786
   888    786
   889    786
   890    786
   891    786
   892    786
   893    786
   894    786
   895    786
   896    786
   897    786
   898    786
   899    786
   900    786
   901    786
   902    786
   903    786
   904    786
   905    786
   906    786
   907    786
   908    786
   909    786
   910    786
   911    786
   912    786
   913    786
   914    786
   915    786
   916    786
   917    786
   918    786
   919    786
   920    786
   921    786
   922    786
   923    786
   924    786
   925    786
   926    786
   927    786
   928    786
   744    787
   745    787
   746    787
   747    787
   748    787
   749    787
   750    787
   751    787
   752    787
   753    787
   754    787
   755    787
   756    787
   757    787
   758    787
   759    787
   760    787
   761    787
   762    787
   763    787
   764    787
   765    787
   766    787
   767    787
   768    787
   769    787
   770    787
   771    787
   772    787
   773    787
   774    787
   775    787
   776    787
   777    787
   778    787
   779    787
   780    787
   781    787
   782    787
   783    787
   784    787
   785    787
   786    787
   787    787
   788    787
   789    787
   790    787
   791    787
   792    787
   793    787
   794    787
   795    787
   796    787
   797    787
   798    787
   799    787
   800    787
   801    787
   802    787
   803    787
   804    787
   805    787
   806    787
   807    787
   808    787
   809    787
   810    787
   811    787
   812    787
   813    787
   814    787
   815    787
   816    787
   817    787
   818    787
   819    787
   820    787
   821    787
   822    787
   823    787
   824    787
   825    787
   826    787
   827    787
   828    787
   829    787
   830    787
   831    787
   832    787
   833    787
   834    787
   835    787
   836    787
   837    787
   838    787
   839    787
   840    787
   841    787
   842    787
   843    787
   844    787
   845    787
   846    787
   847    787
   848    787
   849    787
   850    787
   851    787
   852    787
   853    787
   854    787
   855    787
   856    787
   857    787
   858    787
   859    787
   860    787
   861    787
   862    787
   863    787
   864    787
   865    787
   866    787
   867    787
   868    787
   869    787
   870    787
   871    787
   872    787
   873    787
   874    787
   875    787
   876    787
   877    787
   878    787
   879    787
   880    787
   881    787
   882    787
   883    787
   884    787
   885    787
   886    787
   887    787
   888    787
   889    787
   890    787
   891    787
   892    787
   893    787
   894    787
   895    787
   896    787
   897    787
   898    787
   899    787
   900    787
   901    787
   902    787
   903    787
   904    787
   905    787
   906    787
   907    787
   908    787
   909    787
   910    787
   911    787
   912    787
   913    787
   914    787
   915    787
   916    787
   917    787
   918    787
   919    787
   920    787
   921    787
   922    787
   923    787
   924    787
   925    787
   926    787
   927    787
   928    787
   929    787
   930    787
   931    787
   932    787
   933    787
   934    787
   935    787
   936    787
   739    788
   740    788
   741    788
   742    788
   743    788
   744    788
   745    788
   746    788
   747    788
   748    788
   749    788
   750    788
   751    788
   752    788
   753    788
   754    788
   755    788
   756    788
   757    788
   758    788
   759    788
   760    788
   761    788
   762    788
   763    788
   764    788
   765    788
   766    788
   767    788
   768    788
   769    788
   770    788
   771    788
   772    788
   773    788
   774    788
   775    788
   776    788
   777    788
   778    788
   779    788
   780    788
   781    788
   782    788
   783    788
   784    788
   785    788
   786    788
   787    788
   788    788
   789    788
   790    788
   791    788
   792    788
   793    788
   794    788
   795    788
   796    788
   797    788
   798    788
   799    788
   800    788
   801    788
   802    788
   803    788
   804    788
   805    788
   806    788
   807    788
   808    788
   809    788
   810    788
   811    788
   812    788
   813    788
   814    788
   815    788
   816    788
   817    788
   818    788
   819    788
   820    788
   821    788
   822    788
   823    788
   824    788
   825    788
   826    788
   827    788
   828    788
   829    788
   830    788
   831    788
   832    788
   833    788
   834    788
   835    788
   836    788
   837    788
   838    788
   839    788
   840    788
   841    788
   842    788
   843    788
   844    788
   845    788
   846    788
   847    788
   848    788
   849    788
   850    788
   851    788
   852    788
   853    788
   854    788
   855    788
   856    788
   857    788
   858    788
   859    788
   860    788
   861    788
   862    788
   863    788
   864    788
   865    788
   866    788
   867    788
   868    788
   869    788
   870    788
   871    788
   872    788
   873    788
   874    788
   875    788
   876    788
   877    788
   878    788
   879    788
   880    788
   881    788
   882    788
   883    788
   884    788
   885    788
   886    788
   887    788
   888    788
   889    788
   890    788
   891    788
   892    788
   893    788
   894    788
   895    788
   896    788
   897    788
   898    788
   899    788
   900    788
   901    788
   902    788
   903    788
   904    788
   905    788
   906    788
   907    788
   908    788
   909    788
   910    788
   911    788
   912    788
   913    788
   914    788
   915    788
   916    788
   917    788
   918    788
   919    788
   920    788
   921    788
   922    788
   923    788
   924    788
   925    788
   926    788
   927    788
   928    788
   929    788
   930    788
   931    788
   932    788
   933    788
   934    788
   935    788
   936    788
   937    788
   938    788
   939    788
   940    788
   941    788
   735    789
   736    789
   737    789
   738    789
   739    789
   740    789
   741    789
   742    789
   743    789
   744    789
   745    789
   746    789
   747    789
   748    789
   749    789
   750    789
   751    789
   752    789
   753    789
   754    789
   755    789
   756    789
   757    789
   758    789
   759    789
   760    789
   761    789
   762    789
   763    789
   764    789
   765    789
   766    789
   767    789
   768    789
   769    789
   770    789
   771    789
   772    789
   773    789
   774    789
   775    789
   776    789
   777    789
   778    789
   779    789
   780    789
   781    789
   782    789
   783    789
   784    789
   785    789
   786    789
   787    789
   788    789
   789    789
   790    789
   791    789
   792    789
   793    789
   794    789
   795    789
   796    789
   797    789
   798    789
   799    789
   800    789
   801    789
   802    789
   803    789
   804    789
   805    789
   806    789
   807    789
   808    789
   809    789
   810    789
   811    789
   812    789
   813    789
   814    789
   815    789
   816    789
   817    789
   818    789
   819    789
   820    789
   821    789
   822    789
   823    789
   824    789
   825    789
   826    789
   827    789
   828    789
   829    789
   830    789
   831    789
   832    789
   833    789
   834    789
   835    789
   836    789
   837    789
   838    789
   839    789
   840    789
   841    789
   842    789
   843    789
   844    789
   845    789
   846    789
   847    789
   848    789
   849    789
   850    789
   851    789
   852    789
   853    789
   854    789
   855    789
   856    789
   857    789
   858    789
   859    789
   860    789
   861    789
   862    789
   863    789
   864    789
   865    789
   866    789
   867    789
   868    789
   869    789
   870    789
   871    789
   872    789
   873    789
   874    789
   875    789
   876    789
   877    789
   878    789
   879    789
   880    789
   881    789
   882    789
   883    789
   884    789
   885    789
   886    789
   887    789
   888    789
   889    789
   890    789
   891    789
   892    789
   893    789
   894    789
   895    789
   896    789
   897    789
   898    789
   899    789
   900    789
   901    789
   902    789
   903    789
   904    789
   905    789
   906    789
   907    789
   908    789
   909    789
   910    789
   911    789
   912    789
   913    789
   914    789
   915    789
   916    789
   917    789
   918    789
   919    789
   920    789
   921    789
   922    789
   923    789
   924    789
   925    789
   926    789
   927    789
   928    789
   929    789
   930    789
   931    789
   932    789
   933    789
   934    789
   935    789
   936    789
   937    789
   938    789
   939    789
   940    789
   941    789
   942    789
   943    789
   944    789
   945    789
   946    789
   730    790
   731    790
   732    790
   733    790
   734    790
   735    790
   736    790
   737    790
   738    790
   739    790
   740    790
   741    790
   742    790
   743    790
   744    790
   745    790
   746    790
   747    790
   748    790
   749    790
   750    790
   751    790
   752    790
   753    790
   754    790
   755    790
   756    790
   757    790
   758    790
   759    790
   760    790
   761    790
   762    790
   763    790
   764    790
   765    790
   766    790
   767    790
   768    790
   769    790
   770    790
   771    790
   772    790
   773    790
   774    790
   775    790
   776    790
   777    790
   778    790
   779    790
   780    790
   781    790
   782    790
   783    790
   784    790
   785    790
   786    790
   787    790
   788    790
   789    790
   790    790
   791    790
   792    790
   793    790
   794    790
   795    790
   796    790
   797    790
   798    790
   799    790
   800    790
   801    790
   802    790
   803    790
   804    790
   805    790
   806    790
   807    790
   808    790
   809    790
   810    790
   811    790
   812    790
   813    790
   814    790
   815    790
   816    790
   817    790
   818    790
   819    790
   820    790
   821    790
   822    790
   823    790
   824    790
   825    790
   826    790
   827    790
   828    790
   829    790
   830    790
   831    790
   832    790
   833    790
   834    790
   835    790
   836    790
   837    790
   838    790
   839    790
   840    790
   841    790
   842    790
   843    790
   844    790
   845    790
   846    790
   847    790
   848    790
   849    790
   850    790
   851    790
   852    790
   853    790
   854    790
   855    790
   856    790
   857    790
   858    790
   859    790
   860    790
   861    790
   862    790
   863    790
   864    790
   865    790
   866    790
   867    790
   868    790
   869    790
   870    790
   871    790
   872    790
   873    790
   874    790
   875    790
   876    790
   877    790
   878    790
   879    790
   880    790
   881    790
   882    790
   883    790
   884    790
   885    790
   886    790
   887    790
   888    790
   889    790
   890    790
   891    790
   892    790
   893    790
   894    790
   895    790
   896    790
   897    790
   898    790
   899    790
   900    790
   901    790
   902    790
   903    790
   904    790
   905    790
   906    790
   907    790
   908    790
   909    790
   910    790
   911    790
   912    790
   913    790
   914    790
   915    790
   916    790
   917    790
   918    790
   919    790
   920    790
   921    790
   922    790
   923    790
   924    790
   925    790
   926    790
   927    790
   928    790
   929    790
   930    790
   931    790
   932    790
   933    790
   934    790
   935    790
   936    790
   937    790
   938    790
   939    790
   940    790
   941    790
   942    790
   943    790
   944    790
   945    790
   946    790
   947    790
   948    790
   949    790
   950    790
   951    790
   952    790
   953    790
   954    790
   726    791
   727    791
   728    791
   729    791
   730    791
   731    791
   732    791
   733    791
   734    791
   735    791
   736    791
   737    791
   738    791
   739    791
   740    791
   741    791
   742    791
   743    791
   744    791
   745    791
   746    791
   747    791
   748    791
   749    791
   750    791
   751    791
   752    791
   753    791
   754    791
   755    791
   756    791
   757    791
   758    791
   759    791
   760    791
   761    791
   762    791
   763    791
   764    791
   765    791
   766    791
   767    791
   768    791
   769    791
   770    791
   771    791
   772    791
   773    791
   774    791
   775    791
   776    791
   777    791
   778    791
   779    791
   780    791
   781    791
   782    791
   783    791
   784    791
   785    791
   786    791
   787    791
   788    791
   789    791
   790    791
   791    791
   792    791
   793    791
   794    791
   795    791
   796    791
   797    791
   798    791
   799    791
   800    791
   801    791
   802    791
   803    791
   804    791
   805    791
   806    791
   807    791
   808    791
   809    791
   810    791
   811    791
   812    791
   813    791
   814    791
   815    791
   816    791
   817    791
   818    791
   819    791
   820    791
   821    791
   822    791
   823    791
   824    791
   825    791
   826    791
   827    791
   828    791
   829    791
   830    791
   831    791
   832    791
   833    791
   834    791
   835    791
   836    791
   837    791
   838    791
   839    791
   840    791
   841    791
   842    791
   843    791
   844    791
   845    791
   846    791
   847    791
   848    791
   849    791
   850    791
   851    791
   852    791
   853    791
   854    791
   855    791
   856    791
   857    791
   858    791
   859    791
   860    791
   861    791
   862    791
   863    791
   864    791
   865    791
   866    791
   867    791
   868    791
   869    791
   870    791
   871    791
   872    791
   873    791
   874    791
   875    791
   876    791
   877    791
   878    791
   879    791
   880    791
   881    791
   882    791
   883    791
   884    791
   885    791
   886    791
   887    791
   888    791
   889    791
   890    791
   891    791
   892    791
   893    791
   894    791
   895    791
   896    791
   897    791
   898    791
   899    791
   900    791
   901    791
   902    791
   903    791
   904    791
   905    791
   906    791
   907    791
   908    791
   909    791
   910    791
   911    791
   912    791
   913    791
   914    791
   915    791
   916    791
   917    791
   918    791
   919    791
   920    791
   921    791
   922    791
   923    791
   924    791
   925    791
   926    791
   927    791
   928    791
   929    791
   930    791
   931    791
   932    791
   933    791
   934    791
   935    791
   936    791
   937    791
   938    791
   939    791
   940    791
   941    791
   942    791
   943    791
   944    791
   945    791
   946    791
   947    791
   948    791
   949    791
   950    791
   951    791
   952    791
   953    791
   954    791
   955    791
   956    791
   957    791
   958    791
   959    791
   960    791
   721    792
   722    792
   723    792
   724    792
   725    792
   726    792
   727    792
   728    792
   729    792
   730    792
   731    792
   732    792
   733    792
   734    792
   735    792
   736    792
   737    792
   738    792
   739    792
   740    792
   741    792
   742    792
   743    792
   744    792
   745    792
   746    792
   747    792
   748    792
   749    792
   750    792
   751    792
   752    792
   753    792
   754    792
   755    792
   756    792
   757    792
   758    792
   759    792
   760    792
   761    792
   762    792
   763    792
   764    792
   765    792
   766    792
   767    792
   768    792
   769    792
   770    792
   771    792
   772    792
   773    792
   774    792
   775    792
   776    792
   777    792
   778    792
   779    792
   780    792
   781    792
   782    792
   783    792
   784    792
   785    792
   786    792
   787    792
   788    792
   789    792
   790    792
   791    792
   792    792
   793    792
   794    792
   795    792
   796    792
   797    792
   798    792
   799    792
   800    792
   801    792
   802    792
   803    792
   804    792
   805    792
   806    792
   807    792
   808    792
   809    792
   810    792
   811    792
   812    792
   813    792
   814    792
   815    792
   816    792
   817    792
   818    792
   819    792
   820    792
   821    792
   822    792
   823    792
   824    792
   825    792
   826    792
   827    792
   828    792
   829    792
   830    792
   831    792
   832    792
   833    792
   834    792
   835    792
   836    792
   837    792
   838    792
   839    792
   840    792
   841    792
   842    792
   843    792
   844    792
   845    792
   846    792
   847    792
   848    792
   849    792
   850    792
   851    792
   852    792
   853    792
   854    792
   855    792
   856    792
   857    792
   858    792
   859    792
   860    792
   861    792
   862    792
   863    792
   864    792
   865    792
   866    792
   867    792
   868    792
   869    792
   870    792
   871    792
   872    792
   873    792
   874    792
   875    792
   876    792
   877    792
   878    792
   879    792
   880    792
   881    792
   882    792
   883    792
   884    792
   885    792
   886    792
   887    792
   888    792
   889    792
   890    792
   891    792
   892    792
   893    792
   894    792
   895    792
   896    792
   897    792
   898    792
   899    792
   900    792
   901    792
   902    792
   903    792
   904    792
   905    792
   906    792
   907    792
   908    792
   909    792
   910    792
   911    792
   912    792
   913    792
   914    792
   915    792
   916    792
   917    792
   918    792
   919    792
   920    792
   921    792
   922    792
   923    792
   924    792
   925    792
   926    792
   927    792
   928    792
   929    792
   930    792
   931    792
   932    792
   933    792
   934    792
   935    792
   936    792
   937    792
   938    792
   939    792
   940    792
   941    792
   942    792
   943    792
   944    792
   945    792
   946    792
   947    792
   948    792
   949    792
   950    792
   951    792
   952    792
   953    792
   954    792
   955    792
   956    792
   957    792
   958    792
   959    792
   960    792
   961    792
   962    792
   963    792
   964    792
   965    792
   966    792
   967    792
   968    792
   717    793
   718    793
   719    793
   720    793
   721    793
   722    793
   723    793
   724    793
   725    793
   726    793
   727    793
   728    793
   729    793
   730    793
   731    793
   732    793
   733    793
   734    793
   735    793
   736    793
   737    793
   738    793
   739    793
   740    793
   741    793
   742    793
   743    793
   744    793
   745    793
   746    793
   747    793
   748    793
   749    793
   750    793
   751    793
   752    793
   753    793
   754    793
   755    793
   756    793
   757    793
   758    793
   759    793
   760    793
   761    793
   762    793
   763    793
   764    793
   765    793
   766    793
   767    793
   768    793
   769    793
   770    793
   771    793
   772    793
   773    793
   774    793
   775    793
   776    793
   777    793
   778    793
   779    793
   780    793
   781    793
   782    793
   783    793
   784    793
   785    793
   786    793
   787    793
   788    793
   789    793
   790    793
   791    793
   792    793
   793    793
   794    793
   795    793
   796    793
   797    793
   798    793
   799    793
   800    793
   801    793
   802    793
   803    793
   804    793
   805    793
   806    793
   807    793
   808    793
   809    793
   810    793
   811    793
   812    793
   813    793
   814    793
   815    793
   816    793
   817    793
   818    793
   819    793
   820    793
   821    793
   822    793
   823    793
   824    793
   825    793
   826    793
   827    793
   828    793
   829    793
   830    793
   831    793
   832    793
   833    793
   834    793
   835    793
   836    793
   837    793
   838    793
   839    793
   840    793
   841    793
   842    793
   843    793
   844    793
   845    793
   846    793
   847    793
   848    793
   849    793
   850    793
   851    793
   852    793
   853    793
   854    793
   855    793
   856    793
   857    793
   858    793
   859    793
   860    793
   861    793
   862    793
   863    793
   864    793
   865    793
   866    793
   867    793
   868    793
   869    793
   870    793
   871    793
   872    793
   873    793
   874    793
   875    793
   876    793
   877    793
   878    793
   879    793
   880    793
   881    793
   882    793
   883    793
   884    793
   885    793
   886    793
   887    793
   888    793
   889    793
   890    793
   891    793
   892    793
   893    793
   894    793
   895    793
   896    793
   897    793
   898    793
   899    793
   900    793
   901    793
   902    793
   903    793
   904    793
   905    793
   906    793
   907    793
   908    793
   909    793
   910    793
   911    793
   912    793
   913    793
   914    793
   915    793
   916    793
   917    793
   918    793
   919    793
   920    793
   921    793
   922    793
   923    793
   924    793
   925    793
   926    793
   927    793
   928    793
   929    793
   930    793
   931    793
   932    793
   933    793
   934    793
   935    793
   936    793
   937    793
   938    793
   939    793
   940    793
   941    793
   942    793
   943    793
   944    793
   945    793
   946    793
   947    793
   948    793
   949    793
   950    793
   951    793
   952    793
   953    793
   954    793
   955    793
   956    793
   957    793
   958    793
   959    793
   960    793
   961    793
   962    793
   963    793
   964    793
   965    793
   966    793
   967    793
   968    793
   969    793
   970    793
   971    793
   972    793
   712    794
   713    794
   714    794
   715    794
   716    794
   717    794
   718    794
   719    794
   720    794
   721    794
   722    794
   723    794
   724    794
   725    794
   726    794
   727    794
   728    794
   729    794
   730    794
   731    794
   732    794
   733    794
   734    794
   735    794
   736    794
   737    794
   738    794
   739    794
   740    794
   741    794
   742    794
   743    794
   744    794
   745    794
   746    794
   747    794
   748    794
   749    794
   750    794
   751    794
   752    794
   753    794
   754    794
   755    794
   756    794
   757    794
   758    794
   759    794
   760    794
   761    794
   762    794
   763    794
   764    794
   765    794
   766    794
   767    794
   768    794
   769    794
   770    794
   771    794
   772    794
   773    794
   774    794
   775    794
   776    794
   777    794
   778    794
   779    794
   780    794
   781    794
   782    794
   783    794
   784    794
   785    794
   786    794
   787    794
   788    794
   789    794
   790    794
   791    794
   792    794
   793    794
   794    794
   795    794
   796    794
   797    794
   798    794
   799    794
   800    794
   801    794
   802    794
   803    794
   804    794
   805    794
   806    794
   807    794
   808    794
   809    794
   810    794
   811    794
   812    794
   813    794
   814    794
   815    794
   816    794
   817    794
   818    794
   819    794
   820    794
   821    794
   822    794
   823    794
   824    794
   825    794
   826    794
   827    794
   828    794
   829    794
   830    794
   831    794
   832    794
   833    794
   834    794
   835    794
   836    794
   837    794
   838    794
   839    794
   840    794
   841    794
   842    794
   843    794
   844    794
   845    794
   846    794
   847    794
   848    794
   849    794
   850    794
   851    794
   852    794
   853    794
   854    794
   855    794
   856    794
   857    794
   858    794
   859    794
   860    794
   861    794
   862    794
   863    794
   864    794
   865    794
   866    794
   867    794
   868    794
   869    794
   870    794
   871    794
   872    794
   873    794
   874    794
   875    794
   876    794
   877    794
   878    794
   879    794
   880    794
   881    794
   882    794
   883    794
   884    794
   885    794
   886    794
   887    794
   888    794
   889    794
   890    794
   891    794
   892    794
   893    794
   894    794
   895    794
   896    794
   897    794
   898    794
   899    794
   900    794
   901    794
   902    794
   903    794
   904    794
   905    794
   906    794
   907    794
   908    794
   909    794
   910    794
   911    794
   912    794
   913    794
   914    794
   915    794
   916    794
   917    794
   918    794
   919    794
   920    794
   921    794
   922    794
   923    794
   924    794
   925    794
   926    794
   927    794
   928    794
   929    794
   930    794
   931    794
   932    794
   933    794
   934    794
   935    794
   936    794
   937    794
   938    794
   939    794
   940    794
   941    794
   942    794
   943    794
   944    794
   945    794
   946    794
   947    794
   948    794
   949    794
   950    794
   951    794
   952    794
   953    794
   954    794
   955    794
   956    794
   957    794
   958    794
   959    794
   960    794
   961    794
   962    794
   963    794
   964    794
   965    794
   966    794
   967    794
   968    794
   969    794
   970    794
   971    794
   972    794
   973    794
   974    794
   975    794
   976    794
   977    794
   978    794
   708    795
   709    795
   710    795
   711    795
   712    795
   713    795
   714    795
   715    795
   716    795
   717    795
   718    795
   719    795
   720    795
   721    795
   722    795
   723    795
   724    795
   725    795
   726    795
   727    795
   728    795
   729    795
   730    795
   731    795
   732    795
   733    795
   734    795
   735    795
   736    795
   737    795
   738    795
   739    795
   740    795
   741    795
   742    795
   743    795
   744    795
   745    795
   746    795
   747    795
   748    795
   749    795
   750    795
   751    795
   752    795
   753    795
   754    795
   755    795
   756    795
   757    795
   758    795
   759    795
   760    795
   761    795
   762    795
   763    795
   764    795
   765    795
   766    795
   767    795
   768    795
   769    795
   770    795
   771    795
   772    795
   773    795
   774    795
   775    795
   776    795
   777    795
   778    795
   779    795
   780    795
   781    795
   782    795
   783    795
   784    795
   785    795
   786    795
   787    795
   788    795
   789    795
   790    795
   791    795
   792    795
   793    795
   794    795
   795    795
   796    795
   797    795
   798    795
   799    795
   800    795
   801    795
   802    795
   803    795
   804    795
   805    795
   806    795
   807    795
   808    795
   809    795
   810    795
   811    795
   812    795
   813    795
   814    795
   815    795
   816    795
   817    795
   818    795
   819    795
   820    795
   821    795
   822    795
   823    795
   824    795
   825    795
   826    795
   827    795
   828    795
   829    795
   830    795
   831    795
   832    795
   833    795
   834    795
   835    795
   836    795
   837    795
   838    795
   839    795
   840    795
   841    795
   842    795
   843    795
   844    795
   845    795
   846    795
   847    795
   848    795
   849    795
   850    795
   851    795
   852    795
   853    795
   854    795
   855    795
   856    795
   857    795
   858    795
   859    795
   860    795
   861    795
   862    795
   863    795
   864    795
   865    795
   866    795
   867    795
   868    795
   869    795
   870    795
   871    795
   872    795
   873    795
   874    795
   875    795
   876    795
   877    795
   878    795
   879    795
   880    795
   881    795
   882    795
   883    795
   884    795
   885    795
   886    795
   887    795
   888    795
   889    795
   890    795
   891    795
   892    795
   893    795
   894    795
   895    795
   896    795
   897    795
   898    795
   899    795
   900    795
   901    795
   902    795
   903    795
   904    795
   905    795
   906    795
   907    795
   908    795
   909    795
   910    795
   911    795
   912    795
   913    795
   914    795
   915    795
   916    795
   917    795
   918    795
   919    795
   920    795
   921    795
   922    795
   923    795
   924    795
   925    795
   926    795
   927    795
   928    795
   929    795
   930    795
   931    795
   932    795
   933    795
   934    795
   935    795
   936    795
   937    795
   938    795
   939    795
   940    795
   941    795
   942    795
   943    795
   944    795
   945    795
   946    795
   947    795
   948    795
   949    795
   950    795
   951    795
   952    795
   953    795
   954    795
   955    795
   956    795
   957    795
   958    795
   959    795
   960    795
   961    795
   962    795
   963    795
   964    795
   965    795
   966    795
   967    795
   968    795
   969    795
   970    795
   971    795
   972    795
   973    795
   974    795
   975    795
   976    795
   977    795
   978    795
   979    795
